OnSet desviation
0
0.51755068707483
0.7564619183673471
0.7863935578231294
1.11818460770975
1.5428554761904758
1.5495671609977322
1.9045781655328797
2.050609578231292
2.359180673469388
2.5516519954648533
2.790563226757371
2.936594639455782
3.2219457800453526
3.46085701133787
3.6533283333333344
3.66004001814059
3.907205384353741
3.9453911587301587
3.937137023809523
3.719903297052154
3.4330097063492087
3.424755571428573
3.277181708616782
3.292147528344671
3.292793620181408
3.2934397120181416
3.2934397120181416
3.294085803854875
3.2947318956916085
3.2947318956916085
3.2953779875283455
3.296024079365079
3.296024079365079
3.2966701712018143
3.274096308390023
3.181862581632654
3.1825086734693873
3.1825086734693873
3.1831547653061243
3.1838008571428578
3.1838008571428578
3.1844469489795912
3.18509304081633
3.18509304081633
3.1857391326530617
3.1863852244897934
3.094151497732426
2.8858179977324276
2.8858179977324276
2.7935842709750567
2.794230362811792
2.794230362811792
2.794876454648527
2.7955225464852624
2.7955225464852624
2.796168638321994
2.7968147301587294
2.751020912698415
2.635567231292516
2.635567231292516
2.6129933684807227
2.613639460317465
2.613639460317465
2.614285552154197
2.6149316439909285
2.6149316439909285
2.6155777358276637
2.5001240544217715
2.4078903276644006
2.4085364195011323
2.4085364195011323
2.4091825113378675
2.4098286031746063
2.4098286031746063
2.410474695011338
2.4111207868480733
2.4111207868480733
2.4117668786848085
2.342753106575966
2.1808595158730135
2.158285653061224
2.158285653061224
2.158931744897963
2.1363578820861697
2.1363578820861697
2.137003973922905
2.1376500657596367
2.1376500657596367
2.138296157596372
2.99808057142857
3.2547922562358274
3.2547922562358274
3.2547922562358274
3.2547922562358274
3.256084439909298
3.256084439909298
3.256084439909298
3.256084439909298
3.7217757165532888
3.7217757165532888
3.7217757165532888
3.7217757165532888
3.7230679002267593
3.7243600839002298
3.7243600839002298
3.7243600839002298
3.7243600839002298
3.77209217687075
3.77209217687075
3.77209217687075
3.77209217687075
3.7733843605442203
3.7733843605442203
3.7733843605442203
3.7733843605442203
3.960436181405896
3.9617283650793667
3.9617283650793667
3.9617283650793667
3.9617283650793667
3.963020548752837
3.963020548752837
3.963020548752837
3.963020548752837
3.964312732426304
3.964312732426304
3.964312732426304
3.964312732426304
3.9888248707482923
4.291976464852603
4.291976464852603
4.291976464852603
4.291976464852603
4.293268648526073
4.293268648526073
4.293268648526073
4.293268648526073
4.294560832199547
4.294560832199547
4.294560832199547
4.294560832199547
5.665830340136054
6.434673210884348
6.434673210884348
