OnSet desviation
0
0.37823095918367355
0.6171421904761905
0.6470738299319727
1.0485247437641725
1.287435975056689
1.3638075238095233
1.649158664399093
1.8416299863945573
2.080541217687075
2.27301253968254
2.488703816326531
2.518635455782311
2.6878868231292525
2.880358145124717
3.1192693764172326
2.9634413786848075
3.140946880952381
3.155912700680272
3.1476585657596363
2.953644793650792
2.64353124829932
2.6120571587301598
2.510923205215418
2.525889024943311
2.5265351167800443
2.5271812086167813
2.5271812086167813
2.527827300453515
2.5284733922902483
2.5284733922902483
2.5291194841269817
2.5297655759637188
2.5297655759637188
2.530411667800454
2.5078378049886627
2.508483896825396
2.509129988662133
2.509129988662133
2.5097760804988667
2.5104221723356
2.5104221723356
2.5110682641723336
2.5117143560090724
2.5117143560090724
2.512360447845804
2.489786585034011
2.327892994331066
2.1892193582766453
2.1892193582766453
2.189865450113377
2.190511541950112
2.190511541950112
2.191157633786851
2.1918037256235827
2.1918037256235827
2.1924498174603144
2.1930959092970532
2.0544222732426327
1.9389685918367334
1.9389685918367334
1.8002949557823094
1.7545011383219986
1.7545011383219986
1.7551472301587303
1.755793321995462
1.755793321995462
1.7564394138322008
1.757085505668936
1.618411869614512
1.4565182789115632
1.4565182789115632
1.4571643707482984
1.4578104625850337
1.4578104625850337
1.458456554421769
1.4591026462585042
1.4591026462585042
1.4597487380952359
1.4603948299319747
1.3681611031746002
1.3223672857142859
1.3223672857142859
1.323013377551021
1.300439514739228
1.300439514739228
1.3010856065759633
1.3017316984126985
1.3017316984126985
1.3023777902494338
1.3030238820861655
1.2578761564625829
1.2578761564625829
1.2578761564625829
1.2578761564625829
1.2591683401360534
1.2591683401360534
1.2591683401360534
1.2591683401360534
1.260460523809524
1.260460523809524
1.260460523809524
1.260460523809524
1.2617527074829944
1.263044891156465
1.263044891156465
1.263044891156465
1.263044891156465
1.2643370748299319
1.2643370748299319
1.2643370748299319
1.2643370748299319
1.2656292585034024
1.2656292585034024
1.2656292585034024
1.2656292585034024
1.2669214421768693
1.2682136258503398
1.2682136258503398
1.2682136258503398
1.2682136258503398
1.2695058095238068
1.2695058095238068
1.2695058095238068
1.2695058095238068
1.2707979931972773
1.2707979931972773
1.2707979931972773
1.2707979931972773
1.2720901768707478
1.2733823605442147
1.2733823605442147
1.2733823605442147
1.2733823605442147
1.2746745442176888
1.2746745442176888
1.2746745442176888
1.2746745442176888
1.2759667278911557
1.2759667278911557
1.2759667278911557
1.2759667278911557
2.182837142857146
3.044559832199546
3.044559832199546
