OnSet desviation
0
-0.8823582766439908
-0.9055782312925169
-1.0216780045351475
-0.928798185941043
-0.9752380952380957
-0.9752380952380957
-1.0913378684807258
-1.0681179138322001
-1.0681179138321983
-1.091337868480725
-1.091337868480725
-1.2074376417233577
-1.2074376417233559
-1.2306575963718824
-1.2074376417233577
-1.4628571428571426
-1.439637188208616
-1.5325170068027223
-1.5325170068027223
-1.7182766439909312
-2.113015873015872
-2.2987755102040808
-2.600634920634924
-2.6470748299319737
-2.6470748299319737
-2.64707482993197
-2.64707482993197
-2.6470748299319737
-2.6470748299319737
-2.6470748299319737
-2.6470748299319737
-3.0418140589569163
-3.0418140589569163
-3.0418140589569163
-3.0418140589569163
-3.0418140589569163
-3.0418140589569163
-3.0418140589569163
-3.0418140589569163
-3.0418140589569163
-3.0418140589569163
-3.0418140589569163
-3.0418140589569163
-3.0418140589569163
-3.0418140589569163
-3.065034013605441
-3.204353741496597
-3.343673469387756
-3.343673469387756
-3.343673469387756
-3.343673469387756
-3.343673469387756
-3.3436734693877526
-3.343673469387756
-3.343673469387756
-3.343673469387756
-3.3436734693877526
-3.4597732426303835
-3.5062131519274367
-3.5062131519274367
-3.645532879818596
-3.6919727891156455
-3.6919727891156455
-3.6919727891156455
-3.691972789115649
-3.691972789115649
-3.6919727891156455
-3.6919727891156455
-3.6919727891156455
-3.8312925170068013
-3.8312925170068013
-3.831292517006805
-3.831292517006805
-3.831292517006805
-3.8312925170068013
-3.8312925170068013
-3.8312925170068013
-3.831292517006805
-3.8312925170068013
-3.8080725623582765
-3.6919727891156455
-3.6919727891156455
-3.645532879818596
-3.645532879818596
-3.645532879818596
-3.645532879818596
-3.6455328798185924
-3.6455328798185924
-3.645532879818596
-3.645532879818596
-3.6919727891156455
-3.6919727891156455
-3.6919727891156455
-3.6919727891156455
-3.6919727891156455
-3.6919727891156455
-3.6919727891156455
-3.6919727891156455
-3.761632653061227
-3.761632653061227
-3.761632653061227
-3.761632653061227
-3.7616326530612234
-3.7616326530612234
-3.7616326530612234
-3.7616326530612234
-3.7616326530612234
-3.761632653061227
-3.761632653061227
-3.761632653061227
-3.761632653061227
-3.7616326530612234
-3.7616326530612234
-3.7616326530612234
-3.7616326530612234
-3.831292517006805
-3.831292517006805
-3.831292517006805
-3.831292517006805
-3.831292517006805
-3.831292517006805
-3.831292517006805
-3.831292517006805
-3.831292517006805
-3.8312925170068013
-3.8312925170068013
-3.8312925170068013
-3.8312925170068013
-3.831292517006805
-3.831292517006805
-3.831292517006805
-3.831292517006805
-3.831292517006805
-3.8312925170068013
-3.8312925170068013
-3.8312925170068013
-3.8312925170068013
-3.9473922902494323
-3.9473922902494323
-3.9473922902494323
-3.9473922902494323
-3.0185941043083844
-2.600634920634924
-2.600634920634924
