OnSet desviation
0
-0.7430385487528344
-0.7662585034013603
-0.8823582766439908
-0.8591383219954656
-0.7198185941043089
-0.7894784580498868
-0.835918367346939
-0.8591383219954656
-0.789478458049885
-0.8126984126984116
-0.789478458049885
-0.7894784580498868
-0.6733786848072558
-0.6501587301587293
-0.6733786848072558
-0.7662585034013603
-0.6733786848072558
-0.7430385487528355
-0.7430385487528355
-0.9520181405895691
-1.3235374149659833
-1.4860770975056674
-1.8343764172335604
-1.8808163265306135
-1.88081632653061
-1.88081632653061
-1.88081632653061
-1.8808163265306135
-1.8808163265306135
-1.8808163265306135
-1.88081632653061
-2.275555555555556
-2.275555555555556
-2.275555555555556
-2.275555555555556
-2.3684353741496587
-2.368435374149662
-2.368435374149662
-2.3684353741496587
-2.3684353741496587
-2.3684353741496587
-2.3684353741496587
-2.3684353741496587
-2.3684353741496587
-2.3684353741496587
-2.3684353741496587
-2.4380952380952365
-2.6470748299319737
-2.6470748299319737
-2.7399546485260764
-2.7399546485260764
-2.7399546485260764
-2.7399546485260764
-2.7399546485260764
-2.7399546485260764
-2.7399546485260764
-2.7399546485260764
-2.763174603174601
-2.8096145124716543
-2.8096145124716543
-2.8328344671201826
-2.832834467120179
-2.832834467120179
-2.832834467120179
-2.8328344671201826
-2.8328344671201826
-2.8328344671201826
-2.94893424036281
-2.902494331065757
-2.879274376417232
-2.879274376417232
-2.8792743764172357
-2.879274376417232
-2.879274376417232
-2.879274376417232
-2.879274376417232
-2.879274376417232
-2.879274376417232
-2.94893424036281
-2.995374149659863
-2.8560544217687074
-2.8560544217687074
-2.8096145124716543
-2.8096145124716543
-2.8096145124716543
-2.8096145124716543
-2.8096145124716543
-2.8096145124716543
-2.809614512471658
-1.9504761904761914
-1.695056689342401
-1.695056689342401
-1.695056689342401
-1.695056689342401
-1.695056689342401
-1.695056689342401
-1.695056689342401
-1.695056689342401
-1.300317460317462
-1.300317460317462
-1.300317460317462
-1.300317460317462
-1.3003174603174585
-1.3003174603174585
-1.3003174603174585
-1.3003174603174585
-1.3003174603174585
-1.253877551020409
-1.253877551020409
-1.253877551020409
-1.253877551020409
-1.2538775510204054
-1.2538775510204054
-1.2538775510204054
-1.2538775510204054
-1.137777777777778
-1.137777777777778
-1.137777777777778
-1.137777777777778
-1.137777777777778
-1.1377777777777744
-1.1377777777777744
-1.1377777777777744
-1.1377777777777744
-1.1377777777777744
-1.1377777777777744
-1.1377777777777744
-1.1377777777777744
-1.1145578231292603
-0.8126984126984169
-0.8126984126984169
-0.8126984126984169
-0.8126984126984169
-0.8126984126984169
-0.8126984126984169
-0.8126984126984169
-0.8126984126984169
-0.9287981859410408
-0.9287981859410408
-0.9287981859410408
-0.9287981859410408
0.46439909297052395
0.7894784580498779
0.7894784580498779
