OnSet desviation
0
-0.7430385487528344
-0.7430385487528341
-0.7430385487528341
-0.8126984126984134
-0.6269387755102045
-0.6965986394557824
-0.6269387755102045
-0.6733786848072567
-0.6037188208616779
-0.6037188208616779
-0.5804988662131514
-0.4643990929705204
-0.3482993197278912
-0.3018594104308381
-0.3482993197278894
-0.18575963718820887
-0.11609977324263099
-0.09287981859410444
-0.09287981859410444
-0.11609977324262921
-0.09287981859410266
-0.06965986394557788
-0.11609977324262744
-0.11609977324263099
-0.11609977324262744
-0.11609977324263099
-0.11609977324263099
-0.11609977324263099
-0.11609977324263099
-0.11609977324263099
-0.11609977324262744
-0.11609977324263099
-0.11609977324263099
-0.11609977324263099
-0.11609977324263099
-0.20897959183673365
-0.2089795918367372
-0.2089795918367372
-0.20897959183673365
-0.20897959183673365
-0.20897959183673365
-0.20897959183673365
-0.20897959183673365
-0.20897959183673365
-0.20897959183673365
-0.18575963718820887
-0.11609977324263099
-0.18575963718820887
-0.18575963718820887
-0.27863945578231153
-0.27863945578231153
-0.27863945578231153
-0.2786394557823151
-0.27863945578231153
-0.27863945578231153
-0.27863945578231153
-0.2786394557823151
-0.18575963718820887
-0.18575963718820887
-0.18575963718820887
-0.06965986394557788
-0.023219954648524777
-0.023219954648524777
-0.023219954648524777
-0.023219954648524777
-0.023219954648524777
-0.02321995464852833
-0.13931972789115576
-0.09287981859410266
0.06965986394557788
0.06965986394557788
0.06965986394557788
0.06965986394558144
0.06965986394558144
0.06965986394557788
0.06965986394557788
0.06965986394557788
0.06965986394558144
0.0
-0.06965986394557788
-0.046439909297053106
-0.046439909297053106
-0.04643990929704955
-0.04643990929704955
-0.04643990929704955
-0.04643990929704955
-0.046439909297053106
-0.046439909297053106
-0.046439909297053106
0.8126984126984134
1.1145578231292532
1.1145578231292532
1.1145578231292532
1.1145578231292532
1.1145578231292532
1.1145578231292532
1.1145578231292532
1.1145578231292532
1.5789569160997736
1.5789569160997736
1.5789569160997736
1.5789569160997736
1.5789569160997736
1.5789569160997736
1.5789569160997736
1.5789569160997736
1.5789569160997736
1.6253968253968267
1.6253968253968267
1.6253968253968267
1.6253968253968267
1.6253968253968267
1.6253968253968267
1.6253968253968267
1.6253968253968267
1.8111564625850356
1.8111564625850356
1.8111564625850356
1.8111564625850356
1.8111564625850356
1.8111564625850392
1.8111564625850392
1.8111564625850392
1.8111564625850392
1.8111564625850356
1.8111564625850356
1.8111564625850356
1.8111564625850356
1.8343764172335533
2.1362358276643967
2.1362358276643967
2.1362358276643967
2.1362358276643967
2.136235827664393
2.136235827664393
2.136235827664393
2.136235827664393
2.1362358276644002
2.1362358276644002
2.1362358276644002
2.1362358276644002
2.600634920634917
2.507755102040811
2.507755102040811
