OnSet desviation
0
-0.6501587301587304
-0.5804988662131518
-0.6037188208616779
-0.4876190476190474
-0.3947392290249425
-0.2321995464852602
-0.2786394557823124
-0.09287981859410444
-0.09287981859410444
0.2321995464852602
0.13931972789115754
0.13931972789115754
0.2786394557823133
0.2786394557823133
0.48761904761904873
0.5572789115646266
0.6269387755102045
0.5340589569161001
0.5340589569161001
0.5340589569161001
0.5340589569161001
0.5340589569160983
0.5340589569160983
0.5108390022675735
0.48761904761904873
0.4876190476190452
0.4876190476190452
0.48761904761904873
0.48761904761904873
0.48761904761904873
0.48761904761904873
-0.4643990929705204
-0.4643990929705204
-1.0448979591836718
-1.6021768707482984
-1.6486167800453515
-1.648616780045348
-1.648616780045348
-1.6486167800453515
-1.6486167800453515
-1.6486167800453515
-1.9272562358276666
-1.9272562358276666
-1.9272562358276666
-1.927256235827663
-1.927256235827663
-2.0665759637188224
-2.18267573696145
-2.18267573696145
-2.18267573696145
-2.1826757369614533
-2.1826757369614533
-2.18267573696145
-3.134693877551019
-3.134693877551019
-3.7384126984126986
-4.0402721088435385
-4.040272108843535
-4.0402721088435385
-4.0402721088435385
-4.0402721088435385
-4.040272108843535
-4.040272108843535
-4.0402721088435385
-4.458231292517006
-4.458231292517006
-4.992290249433108
-5.0619501133786855
-5.061950113378682
-5.0619501133786855
-5.0619501133786855
-5.0619501133786855
-5.0619501133786855
-5.0619501133786855
-5.061950113378682
-5.596009070294784
-5.596009070294784
-6.15328798185941
-6.15328798185941
-6.153287981859414
-6.153287981859407
-6.153287981859407
-6.15328798185941
-5.874648526077099
-5.874648526077099
-5.874648526077095
-5.9675283446712015
-5.9675283446712015
-5.967528344671198
-6.339047619047619
-6.431927437641722
-6.431927437641722
-6.431927437641722
-6.431927437641722
-6.431927437641722
-6.431927437641722
-6.431927437641722
-6.431927437641722
-6.4319274376417255
-6.4319274376417255
-6.4319274376417255
-6.4319274376417255
-6.4319274376417255
-6.431927437641722
-6.431927437641722
-6.431927437641722
-6.431927437641722
-6.455147392290247
-6.455147392290247
-6.455147392290247
-6.455147392290247
-6.45514739229025
-6.45514739229025
-6.45514739229025
-6.45514739229025
-6.45514739229025
-6.455147392290243
-6.455147392290243
-6.455147392290243
-6.455147392290243
-6.45514739229025
-6.45514739229025
-6.45514739229025
-6.45514739229025
-6.45514739229025
-6.45514739229025
-6.45514739229025
-6.45514739229025
-6.45514739229025
-6.29260770975057
-6.29260770975057
-6.29260770975057
-6.29260770975057
-6.24616780045352
-6.24616780045352
-6.24616780045352
-6.24616780045352
-6.176507936507932
-6.176507936507932
-6.176507936507932
-6.176507936507932
-6.246167800453513
-6.269387755102038
-6.269387755102038
