OnSet desviation
0
0.35501100453514745
0.3617226893424035
0.6702937845804984
0.5841256507936508
0.86947679138322
0.899408430839002
1.0222198888888894
1.3075710294784582
1.3142827142857136
1.73895358276644
1.8153251315192733
1.8452567709750554
2.014508138321995
2.1140996417233566
2.3530108730158723
2.359722557823128
2.5604480147392277
2.7147335623582762
2.7064794274376407
2.698225292517005
2.8060709308390024
2.7978167959183686
2.789562660997733
2.8277484353741507
2.851614481859409
2.852260573696146
2.852260573696146
2.8529066655328794
2.853552757369613
2.853552757369613
2.8541988492063464
3.8068630816326525
3.8068630816326525
4.388008039682539
4.9227130884353745
4.923359180272108
4.924005272108841
4.924005272108841
4.9246513639455785
4.925297455782312
4.925297455782312
5.251022912698414
5.251669004535149
5.251669004535149
5.2523150963718805
5.252961188208612
5.253607280045351
5.254253371882086
5.254253371882086
5.254899463718818
5.255545555555557
5.255545555555557
5.256191647392292
6.208855879818593
6.208855879818593
6.813220792517004
7.115726294784579
7.116372386621315
7.11701847845805
7.11701847845805
7.117664570294782
7.11831066213152
7.11831066213152
7.118956753968256
7.6072218934240325
7.6072218934240325
8.165146896825398
8.235452852607711
8.236098944444443
8.236745036281178
8.236745036281178
8.237391128117913
8.238037219954649
8.238037219954649
8.23868331179138
8.773388360544217
8.773388360544217
9.49385304648526
9.494499138321995
9.49514523015873
9.495791321995462
9.495791321995462
9.4964374138322
9.636403233560095
9.636403233560095
9.637049325396827
9.730575235827668
9.730575235827668
9.7312213276644
10.103386693877553
10.197558696145126
10.197558696145126
10.197558696145126
10.197558696145126
10.198850879818593
10.198850879818593
10.198850879818593
10.198850879818593
10.200143063492071
10.200143063492071
10.200143063492071
10.200143063492071
10.201435247165538
10.202727430839005
10.202727430839005
10.202727430839005
10.202727430839005
10.204019614512472
10.204019614512472
10.204019614512472
10.204019614512472
10.205311798185946
10.205311798185946
10.205311798185946
10.205311798185946
10.206603981859413
10.20789616553288
10.20789616553288
10.20789616553288
10.20789616553288
10.209188349206354
10.209188349206354
10.209188349206354
10.209188349206354
10.21048053287982
10.21048053287982
10.21048053287982
10.21048053287982
10.211772716553288
10.213064900226762
10.213064900226762
10.213064900226762
10.213064900226762
10.051817401360552
10.051817401360552
10.051817401360552
10.051817401360552
9.844129993197281
9.844129993197281
9.844129993197281
9.844129993197281
9.822202222222224
9.824786589569165
9.824786589569165
