OnSet desviation
0
-0.6965986394557824
-0.7430385487528346
-0.7198185941043085
-0.6965986394557819
-0.719818594104308
-0.5572789115646257
-0.6501587301587293
-0.6037188208616779
-0.6733786848072576
-0.8359183673469381
-0.7430385487528337
-0.5108390022675735
-0.4411791383219956
-0.5804988662131514
-0.3947392290249425
-0.32507936507936463
-0.2786394557823133
-0.32507936507936463
-0.32507936507936463
-0.32507936507936463
-0.23219954648526198
-0.23219954648526198
-0.23219954648526198
-0.23219954648525842
-0.23219954648526198
-0.13931972789115576
-0.13931972789115576
-0.13931972789115576
-0.13931972789115576
-0.13931972789115576
-0.13931972789115576
-0.13931972789115576
-0.13931972789115576
-0.13931972789115576
-0.13931972789115576
-0.18575963718820887
-0.18575963718820532
-0.18575963718820532
-0.18575963718820887
-0.18575963718820887
-0.18575963718820887
-0.13931972789115576
-0.13931972789115932
-0.13931972789115932
-0.13931972789115576
-0.13931972789115576
-0.13931972789115576
-0.04643990929704955
-0.04643990929704955
0.02321995464852833
0.023219954648524777
0.023219954648524777
0.02321995464852833
0.02321995464852833
0.02321995464852833
0.023219954648524777
0.023219954648524777
0.02321995464852833
0.023219954648524777
0.023219954648524777
0.023219954648524777
0.02321995464852833
0.02321995464852833
0.02321995464852833
0.09287981859410266
0.09287981859410266
0.11609977324263099
0.11609977324263099
0.11609977324263099
0.11609977324263099
0.11609977324263099
0.11609977324263099
0.11609977324262744
0.11609977324262744
0.11609977324263099
0.11609977324263099
0.11609977324263099
0.2786394557823151
0.27863945578231153
0.27863945578231153
0.2786394557823151
0.2786394557823151
0.27863945578231153
0.7198185941043107
0.7198185941043107
0.7198185941043072
0.7198185941043107
0.7198185941043107
0.41795918367347085
0.41795918367347085
0.41795918367347085
0.41795918367347085
0.41795918367347085
0.41795918367347085
0.4179591836734673
0.4179591836734673
0.4179591836734673
0.4179591836734673
0.41795918367347085
0.41795918367347085
0.41795918367347085
0.41795918367347085
0.4179591836734673
0.41795918367347085
0.41795918367347085
0.41795918367347085
0.41795918367347085
0.3947392290249425
0.3947392290249425
0.3947392290249425
0.3947392290249425
0.3947392290249425
0.3947392290249425
0.3947392290249425
0.3947392290249425
0.3947392290249425
0.39473922902494607
0.39473922902494607
0.39473922902494607
0.39473922902494607
0.39473922902494607
0.39473922902494607
0.39473922902494607
0.39473922902494607
0.3947392290249425
0.3947392290249425
0.3947392290249425
0.3947392290249425
0.3947392290249425
0.5572789115646231
0.5572789115646231
0.5572789115646231
0.5572789115646231
0.5804988662131478
0.5804988662131478
0.5804988662131478
0.5804988662131478
0.5572789115646302
0.5572789115646302
0.5572789115646302
0.5572789115646302
0.5572789115646231
0.5340589569161054
0.5340589569161054
