OnSet desviation
0
-0.7662585034013607
-0.6501587301587299
-0.6965986394557819
-0.6037188208616779
-0.48761904761904695
-0.48761904761904695
-0.4411791383219956
-0.30185941043083897
-0.2321995464852593
0.255419501133785
0.06965986394557788
-0.16253968253968232
-0.09287981859410444
0.04643990929705133
0.06965986394557788
0.06965986394557788
0.09287981859410444
0.04643990929705133
0.04643990929705133
0.04643990929705133
-0.04643990929705133
-0.046439909297053106
-0.046439909297053106
-0.06965986394558144
-0.09287981859410266
-0.18575963718821242
-0.18575963718821242
-0.18575963718820887
-0.18575963718820887
-0.18575963718820887
-0.18575963718820887
-1.137777777777778
-1.137777777777778
-1.7182766439909294
-2.275555555555556
-2.275555555555556
-2.275555555555556
-2.275555555555556
-2.275555555555556
-2.275555555555556
-2.275555555555556
-2.600634920634924
-2.6006349206349206
-2.6006349206349206
-2.6006349206349206
-2.6006349206349206
-2.73995464852608
-2.9489342403628136
-2.9489342403628136
-3.0185941043083915
-3.0185941043083915
-3.0185941043083915
-3.0185941043083915
-3.9706122448979606
-3.9706122448979606
-4.574331065759637
-4.876190476190477
-4.876190476190477
-4.876190476190477
-4.876190476190477
-4.876190476190477
-4.876190476190477
-4.876190476190477
-4.87619047619048
-5.363809523809522
-5.363809523809522
-5.921088435374152
-5.99074829931973
-5.990748299319726
-5.99074829931973
-5.99074829931973
-5.99074829931973
-5.990748299319726
-5.990748299319726
-5.990748299319726
-6.524807256235828
-6.524807256235828
-7.244625850340139
-7.244625850340135
-7.244625850340139
-7.244625850340135
-7.244625850340135
-7.244625850340135
-7.407165532879823
-7.407165532879823
-7.407165532879816
-7.500045351473926
-7.500045351473926
-7.198185941043082
-7.5697052154195035
-7.662585034013606
-7.662585034013606
-7.662585034013606
-7.662585034013606
-7.662585034013603
-7.662585034013603
-7.662585034013603
-7.662585034013603
-7.66258503401361
-7.66258503401361
-7.66258503401361
-7.66258503401361
-7.662585034013606
-7.662585034013606
-7.662585034013606
-7.662585034013606
-7.662585034013606
-7.662585034013603
-7.662585034013603
-7.662585034013603
-7.662585034013603
-7.662585034013606
-7.662585034013606
-7.662585034013606
-7.662585034013606
-7.662585034013606
-7.662585034013603
-7.662585034013603
-7.662585034013603
-7.662585034013603
-7.66258503401361
-7.66258503401361
-7.66258503401361
-7.66258503401361
-7.662585034013606
-7.662585034013606
-7.662585034013606
-7.662585034013606
-7.662585034013606
-7.662585034013603
-7.662585034013603
-7.662585034013603
-7.662585034013603
-7.639365079365078
-7.639365079365078
-7.639365079365078
-7.639365079365078
-7.546485260770972
-7.546485260770972
-7.546485260770972
-7.546485260770972
-7.616145124716546
-7.616145124716553
-7.616145124716553
