OnSet desviation
0
-0.8126984126984127
-0.8823582766439906
-0.8591383219954651
-0.8823582766439912
-0.835918367346939
-0.9520181405895691
-0.95201814058957
-1.1145578231292523
-1.021678004535147
-0.9752380952380948
-1.1377777777777762
-1.137777777777778
-1.0448979591836736
-1.1377777777777762
-1.1145578231292514
-1.2306575963718807
-1.2770975056689338
-1.3699773242630364
-1.439637188208616
-1.7182766439909294
-2.113015873015872
-2.1362358276643985
-2.1826757369614516
-2.229115646258501
-2.2058956916099763
-2.229115646258503
-2.229115646258503
-2.229115646258501
-2.2291156462585047
-2.2291156462585047
-2.229115646258503
-2.229115646258501
-2.229115646258501
-2.229115646258503
-2.2291156462584993
-2.2058956916099746
-2.159455782312925
-2.159455782312925
-2.159455782312925
-2.1594557823129215
-2.1594557823129215
-2.159455782312925
-2.159455782312925
-2.159455782312925
-2.159455782312925
-2.159455782312925
-2.066575963718819
-2.0665759637188224
-2.0665759637188224
-2.066575963718819
-2.066575963718819
-2.066575963718819
-2.0665759637188224
-2.066575963718819
-2.066575963718819
-2.066575963718819
-2.113015873015872
-2.159455782312925
-2.043356009070294
-2.043356009070294
-2.043356009070294
-2.043356009070294
-2.043356009070294
-2.043356009070294
-2.043356009070294
-2.043356009070294
-2.043356009070294
-2.043356009070294
-2.043356009070294
-2.043356009070294
-2.043356009070294
-2.043356009070294
-1.996916099773241
-1.996916099773241
-1.9969160997732445
-1.996916099773241
-1.996916099773241
-1.9504761904761878
-1.9040362811791383
-1.7647165532879825
-1.2306575963718807
-1.2306575963718807
-1.2306575963718807
-1.2306575963718807
-1.2306575963718807
-1.2306575963718807
-1.2306575963718842
-1.2306575963718842
-0.7198185941043072
-0.7198185941043072
-0.5572789115646231
-0.5572789115646231
-0.5572789115646231
-0.5572789115646231
-0.5572789115646266
-0.5572789115646266
-0.5572789115646266
-0.5572789115646266
-0.5572789115646231
-0.5572789115646231
-0.5572789115646231
-0.5572789115646231
-0.5804988662131514
-0.8591383219954629
-0.8591383219954629
-0.8591383219954629
-0.8591383219954629
-0.8591383219954629
-0.8591383219954629
-0.8591383219954629
-0.8591383219954629
-0.7430385487528355
-0.7430385487528355
-0.7430385487528355
-0.7430385487528355
-0.7430385487528319
-0.8126984126984098
-0.8126984126984098
-0.8126984126984098
-0.8126984126984098
-0.905578231292516
-0.905578231292516
-0.905578231292516
-0.905578231292516
-0.905578231292516
-0.905578231292516
-0.905578231292516
-0.905578231292516
-0.905578231292516
-0.8823582766439912
-0.8823582766439912
-0.8823582766439912
-0.8823582766439912
-0.8823582766439877
-0.8823582766439877
-0.8823582766439877
-0.8823582766439877
-0.8823582766439912
-0.8823582766439912
-0.8823582766439912
-0.8823582766439912
-0.8823582766439912
-0.7662585034013638
-0.7662585034013638
