OnSet desviation
0
-0.7894784580498866
-0.6501587301587304
-0.6269387755102045
-0.5340589569160992
-0.48761904761904695
-0.4643990929705213
-0.3018594104308381
-0.3482993197278903
-0.2786394557823133
-0.41795918367347085
-0.30185941043083986
-0.18575963718820887
-0.2786394557823133
-0.046439909297053106
-0.046439909297053106
-1.7763568394002505e-15
0.0
0.023219954648524777
0.023219954648524777
0.0
0.0
-0.023219954648526553
0.023219954648526553
0.04643990929705133
0.023219954648524777
0.0
0.0
-0.023219954648526553
-0.023219954648526553
-0.023219954648526553
-0.02321995464852833
-0.023219954648526553
-0.023219954648526553
-0.02321995464852833
-0.02321995464852833
-0.02321995464852833
-0.09287981859410621
-0.09287981859410621
-0.09287981859410266
-0.09287981859410621
-0.09287981859410621
-0.09287981859410621
-0.09287981859410266
-0.09287981859410266
-0.09287981859410266
-0.09287981859410621
-0.18575963718820887
-0.3947392290249425
-0.3947392290249425
-0.4411791383219956
-0.4411791383219956
-0.4411791383219956
-0.4411791383219956
-0.4411791383219992
-0.4411791383219992
-0.4411791383219956
-0.37151927437641774
-0.23219954648526198
-0.34829931972789296
-0.34829931972789296
-0.37151927437641774
-0.37151927437641774
-0.37151927437641774
-0.37151927437641774
-0.37151927437641774
-0.37151927437641774
-0.3715192743764213
-0.37151927437641774
-0.37151927437641774
-0.37151927437641774
-0.37151927437641774
-0.30185941043083986
-0.30185941043083986
-0.30185941043083986
-0.30185941043083986
-0.30185941043083986
-0.30185941043083986
-0.34829931972789296
-0.34829931972789296
-0.3482993197278894
-0.39473922902494607
-0.39473922902494607
-0.39473922902494607
-0.39473922902494607
-0.39473922902494607
-0.3947392290249425
-0.3947392290249425
-0.3947392290249425
-0.5572789115646266
-0.5572789115646266
-0.5804988662131549
-0.5804988662131549
-0.5804988662131549
-0.5804988662131549
-0.5804988662131514
-0.5804988662131514
-0.5804988662131514
-0.5804988662131514
-0.5804988662131549
-0.5804988662131549
-0.5804988662131549
-0.5804988662131549
-0.5572789115646266
-0.23219954648526198
-0.23219954648526198
-0.23219954648526198
-0.23219954648526198
-0.23219954648526198
-0.23219954648526198
-0.23219954648526198
-0.23219954648526198
-0.4411791383219956
-0.4411791383219956
-0.4411791383219956
-0.4411791383219956
-0.4411791383219956
-0.48761904761904873
-0.48761904761904873
-0.48761904761904873
-0.48761904761904873
-0.46439909297052395
-0.46439909297052395
-0.46439909297052395
-0.46439909297052395
-0.4643990929705204
-0.4643990929705204
-0.4643990929705204
-0.4643990929705204
-0.46439909297052395
-0.4411791383219956
-0.4411791383219956
-0.4411791383219956
-0.4411791383219956
-0.4411791383219956
-0.4411791383219956
-0.4411791383219956
-0.4411791383219956
-0.023219954648524777
-0.023219954648524777
-0.023219954648524777
-0.023219954648524777
-0.023219954648524777
-0.02321995464851767
-0.02321995464851767
