OnSet desviation
0
0.40145091383219944
0.31528278004535126
0.5774139659863948
0.4912458321995463
0.753377018140589
0.783308657596371
0.8829001609977327
1.0289315736961449
1.1285230770975048
1.3442143537414974
1.4205859024943308
1.427297587301588
1.5501090453514763
1.6961404580498876
1.7492920521541961
1.8256636009070295
1.863849375283447
1.9252551043083894
1.9170009693877557
1.9087468344671201
1.9701525634920642
1.9618984285714305
1.953644293650795
1.9686101133786842
1.9228162959183681
1.7841426598639458
1.7841426598639458
1.7847887517006793
1.7854348435374163
1.7854348435374163
1.7860809353741498
1.7867270272108833
1.7867270272108833
1.787373119047622
1.7647992562358272
1.672565529478458
1.626771712018142
1.626771712018142
1.6274178038548754
1.628063895691609
1.628063895691609
1.628709987528346
1.6293560793650812
1.6293560793650812
1.630002171201813
1.6306482630385482
1.5384145362811772
1.539060628117916
1.539060628117916
1.5397067199546477
1.540352811791383
1.540352811791383
1.5409989036281218
1.5416449954648535
1.5416449954648535
1.5422910873015852
1.5197172244897956
1.4042635430839034
1.2888098616780042
1.2888098616780042
1.2894559535147359
1.2901020453514782
1.2901020453514782
1.29074813718821
1.2913942290249416
1.2913942290249416
1.2920403208616804
1.2926864126984157
1.2933325045351474
1.293978596371879
1.293978596371879
1.2946246882086179
1.2488308707483
1.2488308707483
1.2494769625850353
1.2501230544217705
1.2501230544217705
1.2507691462585022
1.204975328798188
1.0663016927437639
1.0437278299319743
1.0437278299319743
1.0443739217687096
1.0218000589569165
1.0218000589569165
1.0224461507936518
1.023092242630387
1.023092242630387
1.0237383344671223
1.024384426303854
0.8631369274376404
0.8631369274376404
0.8631369274376404
0.8631369274376404
0.8644291111111109
0.8644291111111109
0.8644291111111109
0.8644291111111109
0.8657212947845814
0.8657212947845814
0.8657212947845814
0.8657212947845814
0.8670134784580519
0.798645798185941
0.798645798185941
0.798645798185941
0.798645798185941
0.7999379818594115
0.7999379818594115
0.7999379818594115
0.7999379818594115
0.6154705283446731
0.6154705283446731
0.6154705283446731
0.6154705283446731
0.61676271201814
0.5716149863945574
0.5716149863945574
0.5716149863945574
0.5716149863945574
0.5729071700680279
0.5729071700680279
0.5729071700680279
0.5729071700680279
0.5741993537414949
0.5741993537414949
0.5741993537414949
0.5741993537414949
0.5754915374149654
0.5303438117913828
0.5303438117913828
0.5303438117913828
0.5303438117913828
0.5316359954648533
0.5316359954648533
0.5316359954648533
0.5316359954648533
0.5329281791383238
0.5329281791383238
0.5329281791383238
0.5329281791383238
0.511000408163266
0.397485002267576
0.397485002267576
