OnSet desviation
0
0.47111077777777777
0.4546025079365079
0.7631736031746028
0.746665333333334
1.101676337868481
1.0387281587301587
1.3008593446712027
1.2379111655328803
1.5000423514739225
1.622853809523809
1.652785448979591
1.7755969070294775
1.8984083650793657
2.1837595056689345
2.260131054421768
2.2668427392290234
2.2585886043083896
2.250334469387754
2.1724204705215406
1.862306925170067
1.5289734251700686
1.4742793809523818
1.4660252460317462
1.4577711111111107
1.4119772936507928
1.2268637482993192
1.2268637482993192
1.204289885487528
1.2049359773242614
1.2049359773242614
1.2055820691609949
1.206228160997732
1.206228160997732
1.2068742528344671
1.1843003900226758
1.1152866179138314
1.046272845804987
1.046272845804987
1.046918937641724
1.0475650294784575
1.0475650294784575
1.048211121315191
1.0488572131519298
1.0488572131519298
1.0495033049886615
1.0501493968253932
0.9579156700680258
0.7495821700680274
0.7495821700680274
0.7037883526077096
0.7044344444444448
0.7044344444444448
0.7050805362811801
0.7057266281179118
0.7057266281179118
0.706372719954647
0.7070188117913823
0.6844449489795927
0.5689912675736934
0.5689912675736934
0.5464174047619004
0.5470634965986427
0.5470634965986427
0.5477095884353744
0.5483556802721061
0.5483556802721061
0.5490017721088414
0.5496478639455802
0.5502939557823119
0.5509400476190436
0.5509400476190436
0.6212460034013603
0.6218920952380955
0.6218920952380955
0.6225381870748272
0.623184278911566
0.623184278911566
0.6238303707482977
0.624476462585033
0.6251225544217682
1.0901677392290239
1.0901677392290239
1.0908138310657591
1.068239968253966
1.068239968253966
1.0688860600907049
1.0695321519274366
1.0695321519274366
1.4184775634920648
1.4191236553287965
1.3971958843537386
1.3971958843537386
1.3971958843537386
1.3971958843537386
1.3984880680272092
1.3984880680272092
1.3984880680272092
1.3984880680272092
1.3997802517006797
1.3997802517006797
1.3997802517006797
1.3997802517006797
1.4010724353741502
1.3791446643990923
1.3791446643990923
1.3791446643990923
1.3791446643990923
1.3804368480725628
1.3804368480725628
1.3804368480725628
1.3804368480725628
1.1030895759637183
1.1030895759637183
1.1030895759637183
1.1030895759637183
1.1043817596371888
0.9431342607709752
0.9431342607709752
0.9431342607709752
0.9431342607709752
0.8747665804988642
0.8747665804988642
0.8747665804988642
0.8747665804988642
0.8760587641723347
0.8760587641723347
0.8760587641723347
0.8760587641723347
0.8773509478458017
0.8786431315192722
0.8786431315192722
0.8786431315192722
0.8786431315192722
0.8799353151927463
0.8799353151927463
0.8799353151927463
0.8799353151927463
1.299186682539684
1.299186682539684
1.299186682539684
1.299186682539684
1.2772589115646262
1.2798432789115708
1.2798432789115708
