OnSet desviation
0
-0.7662585034013605
-0.6965986394557822
-0.6501587301587306
-0.5804988662131514
-0.48761904761904695
-0.5804988662131514
-0.41795918367346907
-0.6269387755102036
-0.4643990929705213
-0.5572789115646266
-0.6037188208616779
-0.48761904761904873
-0.48761904761904873
-0.3482993197278912
-0.3250793650793664
-0.3947392290249443
-0.4411791383219956
-0.5108390022675735
-0.5804988662131532
-0.8823582766439912
-1.2770975056689338
-1.3235374149659869
-1.3235374149659869
-1.3467573696145116
-1.3467573696145134
-1.3931972789115648
-1.3931972789115648
-1.4164172335600895
-1.416417233560093
-1.416417233560093
-1.416417233560093
-1.4164172335600895
-1.4164172335600895
-1.416417233560093
-1.4164172335600895
-1.3931972789115648
-1.416417233560093
-1.416417233560093
-1.4164172335600895
-1.4164172335600895
-1.4164172335600895
-1.416417233560093
-1.4164172335600895
-1.4164172335600895
-1.4164172335600895
-1.416417233560093
-1.4164172335600895
-1.6253968253968267
-1.6253968253968267
-1.6718367346938763
-1.6718367346938763
-1.6718367346938763
-1.6718367346938798
-1.6718367346938798
-1.6718367346938798
-1.6718367346938763
-1.6486167800453515
-1.5557369614512488
-1.5557369614512488
-1.5557369614512488
-1.5789569160997736
-1.5789569160997736
-1.5789569160997736
-1.5789569160997736
-1.5789569160997736
-1.5789569160997736
-1.5789569160997772
-1.5789569160997736
-1.5789569160997736
-1.5789569160997736
-1.5789569160997736
-1.5092970521541957
-1.4628571428571426
-1.4628571428571426
-1.4628571428571462
-1.4628571428571426
-1.4628571428571426
-1.4628571428571426
-1.416417233560093
-1.2770975056689338
-0.7894784580498886
-0.7894784580498886
-0.7894784580498886
-0.7894784580498886
-0.7894784580498886
-0.789478458049885
-0.7894784580498886
-0.7894784580498886
-0.4411791383219956
-0.4411791383219956
-0.30185941043083986
-0.30185941043083986
-0.30185941043083986
-0.30185941043083986
-0.30185941043083986
-0.30185941043083986
-0.30185941043083986
-0.30185941043083986
-0.30185941043083986
-0.30185941043083986
-0.30185941043083986
-0.30185941043083986
-0.30185941043083986
-0.25541950113378675
-0.25541950113378675
-0.25541950113378675
-0.25541950113378675
-0.25541950113378675
-0.25541950113378675
-0.25541950113378675
-0.25541950113378675
-0.34829931972789296
-0.34829931972789296
-0.34829931972789296
-0.34829931972789296
-0.3482993197278894
-0.4643990929705204
-0.4643990929705204
-0.4643990929705204
-0.4643990929705204
-0.5340589569161018
-0.5340589569161018
-0.5340589569161018
-0.5340589569161018
-0.5340589569160983
-0.5340589569160983
-0.5340589569160983
-0.5340589569160983
-0.5340589569161018
-0.48761904761904873
-0.48761904761904873
-0.48761904761904873
-0.48761904761904873
-0.4876190476190452
-0.4876190476190452
-0.4876190476190452
-0.4876190476190452
-0.06965986394557788
-0.06965986394557788
-0.06965986394557788
-0.06965986394557788
-0.06965986394557788
0.04643990929705666
0.04643990929705666
