OnSet desviation
0
-0.8823582766439909
-0.9520181405895687
-0.9520181405895691
-1.0216780045351475
-0.9752380952380952
-1.0448979591836731
-0.9984580498866213
-1.021678004535147
-1.021678004535148
-0.9984580498866213
-0.9520181405895691
-0.9984580498866205
-0.9287981859410426
-0.9520181405895691
-0.9984580498866205
-0.9520181405895691
-0.9520181405895691
-0.9520181405895691
-1.0448979591836736
-0.905578231292516
-0.8823582766439912
-0.9055782312925178
-0.8591383219954647
-0.8823582766439912
-0.8823582766439912
-0.8823582766439912
-0.8823582766439912
-0.8823582766439912
-0.8823582766439912
-0.8823582766439912
-0.8823582766439912
-0.8823582766439912
-0.8823582766439912
-0.8823582766439912
-0.8823582766439912
-0.9752380952380957
-0.9984580498866205
-0.9984580498866205
-0.9984580498866222
-0.9984580498866205
-0.9984580498866205
-0.9055782312925178
-0.9055782312925178
-0.9055782312925178
-0.9055782312925178
-0.9055782312925196
-0.9287981859410408
-0.9287981859410444
-0.9287981859410444
-0.9287981859410444
-0.9287981859410444
-0.9287981859410444
-0.9287981859410408
-0.9287981859410444
-0.9287981859410444
-0.9287981859410444
-0.9287981859410408
-0.9984580498866222
-1.0448979591836753
-1.0448979591836753
-1.0448979591836718
-1.0448979591836718
-1.0448979591836718
-1.021678004535147
-0.9520181405895691
-0.9520181405895691
-0.9520181405895691
-0.9520181405895691
-0.9520181405895691
-0.9984580498866222
-0.9984580498866222
-0.9984580498866222
-0.9984580498866222
-0.9984580498866222
-0.9984580498866222
-1.0448979591836753
-1.0448979591836753
-0.9984580498866222
-0.9984580498866222
-1.021678004535147
-1.091337868480725
-1.091337868480725
-1.091337868480725
-1.091337868480725
-1.091337868480725
-0.9520181405895691
-0.5804988662131514
-0.5804988662131514
-0.5804988662131514
-0.7430385487528355
-0.7430385487528355
-0.7430385487528355
-0.7430385487528355
-0.7430385487528355
-0.7430385487528319
-0.7430385487528319
-0.7430385487528319
-0.7430385487528319
-0.7430385487528355
-0.7430385487528355
-0.7430385487528355
-0.7430385487528355
-0.7430385487528355
-0.7430385487528355
-0.7430385487528355
-0.7430385487528355
-0.7430385487528355
-0.6037188208616797
-0.6037188208616797
-0.6037188208616797
-0.6037188208616797
-0.6037188208616762
-0.6037188208616762
-0.6037188208616762
-0.6037188208616762
-0.8126984126984134
-0.8126984126984134
-0.8126984126984134
-0.8126984126984134
-0.8126984126984134
-0.8126984126984134
-0.8126984126984134
-0.8126984126984134
-0.8126984126984134
-0.8126984126984134
-0.8126984126984134
-0.8126984126984134
-0.8126984126984134
-0.905578231292516
-0.905578231292516
-0.905578231292516
-0.905578231292516
-0.905578231292516
-0.9055782312925196
-0.9055782312925196
-0.9055782312925196
-0.9055782312925196
-0.9752380952380975
-0.9752380952380975
-0.9752380952380975
-0.9752380952380975
-0.9752380952380975
-0.9752380952380939
-0.9752380952380939
