OnSet desviation
0
0.12281145804988669
-0.009796585034013594
0.04335500907029477
-0.1356929433106573
-0.05932139455782259
-0.21514939229024943
-0.2548776167800453
-0.3178257959183677
-0.3807739750566892
-0.3740622902494328
-0.43701046938775523
-0.47673869387755197
-0.5396868730158726
-0.5561951428571419
-0.572703412698413
-0.7517513650793646
-0.7600055000000001
-0.7682596349206356
-0.7765137698412712
-1.1098472698412714
-1.37352090589569
-1.4514349047619035
-1.529348903628117
-1.514383083900226
-1.5137369920634924
-1.5130909002267572
-1.5130909002267572
-1.512444808390022
-1.5117987165532885
-1.5117987165532885
-1.5111526247165532
-1.5105065328798197
-1.5105065328798197
-1.5098604410430827
-1.532434303854874
-1.5550081666666653
-1.5543620748299318
-1.5543620748299318
-1.5537159829931966
-1.553069891156463
-1.553069891156463
-1.4363240260770969
-1.4356779342403616
-1.4356779342403616
-1.4350318424036281
-1.4343857505668947
-1.4801795680272125
-1.4795334761904737
-1.4795334761904737
-1.478887384353742
-1.4782412925170085
-1.4782412925170085
-1.4775952006802733
-1.476949108843538
-1.476949108843538
-1.4763030170068063
-1.475656925170071
-1.4750108333333323
-1.4743647414966006
-1.4743647414966006
-1.4737186496598689
-1.47307255782313
-1.47307255782313
-1.4724264659863948
-1.4717803741496631
-1.4717803741496631
-1.4711342823129279
-1.470488190476189
-1.4698420986394574
-1.4691960068027257
-1.4691960068027257
-1.4685499149659869
-1.4679038231292516
-1.4679038231292516
-1.46725773129252
-1.3040719569161006
-1.3040719569161006
-1.3034258650793689
-1.30277977324263
-1.3021336814058984
-1.301487589569163
-1.301487589569163
-1.3008414977324279
-1.323415360544221
-1.323415360544221
-1.3227692687074821
-1.3221231768707504
-1.3221231768707504
-1.3214770850340152
-1.0886314467120215
-1.087339263038551
-1.087339263038551
-1.087339263038551
-1.087339263038551
-1.086047079365084
-1.086047079365084
-1.086047079365084
-1.086047079365084
-1.08475489569161
-1.08475489569161
-1.08475489569161
-1.08475489569161
-1.0834627120181395
-1.0821705283446725
-1.0821705283446725
-1.0821705283446725
-1.0821705283446725
-1.080878344671202
-1.080878344671202
-1.080878344671202
-1.080878344671202
-1.079586160997735
-1.079586160997735
-1.079586160997735
-1.079586160997735
-0.8460944308390026
-0.8448022471655356
-0.8448022471655356
-0.8448022471655356
-0.8448022471655356
-0.8435100634920651
-0.8435100634920651
-0.8435100634920651
-0.8435100634920651
-0.8422178798185982
-0.8422178798185982
-0.8422178798185982
-0.8422178798185982
-0.4926263764172383
-0.4913341927437678
-0.4913341927437678
-0.4913341927437678
-0.4913341927437678
-0.4900420090702937
-0.4900420090702937
-0.4900420090702937
-0.4900420090702937
-0.1404505056689338
-0.1404505056689338
-0.1404505056689338
-0.1404505056689338
-0.16237827664399163
-0.15979390929705417
-0.15979390929705417
