OnSet desviation
0
-0.7894784580498865
-0.7430385487528341
-0.6965986394557824
-0.6965986394557824
-0.4411791383219952
-0.5572789115646253
-0.37151927437641774
-0.3947392290249434
-0.2786394557823133
-0.16253968253968232
-0.06965986394557788
0.06965986394557877
0.20897959183673454
0.20897959183673542
0.32507936507936463
0.3947392290249443
0.3947392290249425
0.37151927437641774
0.27863945578231153
0.3947392290249443
0.32507936507936463
0.2321995464852602
0.25541950113378675
0.2321995464852602
0.3482993197278894
0.37151927437641774
0.37151927437641774
0.37151927437641774
0.37151927437641596
0.37151927437641596
0.37151927437641774
0.37151927437641596
0.37151927437641596
0.37151927437641774
0.37151927437641774
0.25541950113378675
0.23219954648526198
0.23219954648526198
0.2321995464852602
0.2321995464852602
0.2321995464852602
0.3947392290249425
0.3947392290249425
0.3947392290249425
0.3947392290249425
0.3947392290249425
0.3947392290249443
0.3947392290249443
0.3947392290249443
0.3947392290249425
0.39473922902494074
0.39473922902494074
0.3947392290249443
0.3947392290249425
0.3947392290249425
0.3947392290249425
0.39473922902494607
0.32507936507936463
0.3018594104308363
0.3018594104308363
0.30185941043083986
0.30185941043083986
0.30185941043083986
0.32507936507936463
0.3947392290249425
0.3947392290249425
0.3947392290249425
0.39473922902494607
0.3947392290249425
0.3482993197278894
0.3482993197278894
0.34829931972789296
0.3482993197278894
0.3482993197278894
0.3482993197278894
0.3715192743764142
0.3715192743764142
0.4179591836734673
0.41795918367347085
0.48761904761904873
0.48761904761904873
0.48761904761904873
0.4876190476190452
0.4876190476190452
0.4876190476190452
0.6269387755102045
0.9984580498866222
0.9984580498866222
0.9984580498866222
1.0681179138321966
1.0681179138322001
1.0681179138322001
1.0681179138322001
1.0681179138322001
1.0681179138322001
1.0681179138322001
1.0681179138322001
1.0681179138322001
0.9287981859410408
0.9287981859410408
0.9287981859410408
0.9287981859410408
0.9287981859410444
0.905578231292516
0.905578231292516
0.905578231292516
0.905578231292516
1.0448979591836718
1.0448979591836718
1.0448979591836718
1.0448979591836718
1.0448979591836753
1.0448979591836753
1.0448979591836753
1.0448979591836753
0.7662585034013603
0.7662585034013603
0.7662585034013603
0.7662585034013603
0.7662585034013603
0.7662585034013603
0.7662585034013603
0.7662585034013603
0.7662585034013603
0.7662585034013603
0.7662585034013603
0.7662585034013603
0.7662585034013603
0.7198185941043072
0.7198185941043107
0.7198185941043107
0.7198185941043107
0.7198185941043107
0.7198185941043072
0.7198185941043072
0.7198185941043072
0.7198185941043072
0.5804988662131514
0.5804988662131514
0.5804988662131514
0.5804988662131514
0.5804988662131514
0.5804988662131514
0.5804988662131514
