OnSet desviation
0
-0.7662585034013604
-0.6501587301587302
-0.6037188208616779
-0.5340589569160996
-0.32507936507936463
-0.37151927437641685
-0.2321995464852611
-0.2321995464852611
-0.1160997732426301
-0.023219954648525665
0.023219954648526553
0.20897959183673454
0.2786394557823124
0.30185941043083986
0.4643990929705204
0.48761904761904873
0.48761904761904695
0.4643990929705222
0.4643990929705204
0.4411791383219956
0.3482993197278912
0.2786394557823133
0.25541950113378675
0.25541950113378675
0.37151927437641596
0.3947392290249443
0.3947392290249443
0.3947392290249443
0.3947392290249425
0.3947392290249425
0.3947392290249443
0.3947392290249425
0.3947392290249425
0.3947392290249443
0.3947392290249443
0.37151927437641774
0.37151927437641774
0.37151927437641774
0.37151927437641774
0.37151927437641596
0.37151927437641596
0.4411791383219956
0.4411791383219956
0.4411791383219956
0.4411791383219956
0.4411791383219974
0.4643990929705204
0.46439909297052395
0.46439909297052395
0.4643990929705222
0.4643990929705186
0.4643990929705186
0.4643990929705186
0.4643990929705204
0.4643990929705204
0.4643990929705204
0.4643990929705204
0.4643990929705204
0.4876190476190452
0.4876190476190452
0.4876190476190452
0.4876190476190452
0.4876190476190452
0.4876190476190452
0.4876190476190452
0.4876190476190452
0.4876190476190452
0.48761904761904873
0.4876190476190452
0.4876190476190452
0.4876190476190452
0.48761904761904873
0.4876190476190452
0.4876190476190452
0.4876190476190452
0.5572789115646231
0.5572789115646231
0.5572789115646231
0.5572789115646266
0.6501587301587293
0.7198185941043072
0.7198185941043072
0.7198185941043036
0.7198185941043036
0.7198185941043036
0.7198185941043072
0.7198185941043072
0.7198185941043072
0.7198185941043072
0.9520181405895656
0.9520181405895691
0.9520181405895691
0.9520181405895691
0.9520181405895691
0.9520181405895656
0.9520181405895656
0.9520181405895656
0.9520181405895656
0.8126984126984098
0.8126984126984098
0.8126984126984098
0.8126984126984098
0.8126984126984134
0.789478458049885
0.789478458049885
0.789478458049885
0.789478458049885
0.789478458049885
0.789478458049885
0.789478458049885
0.789478458049885
0.789478458049885
0.789478458049885
0.789478458049885
0.789478458049885
0.7198185941043072
0.7198185941043072
0.7198185941043072
0.7198185941043072
0.7198185941043072
0.7198185941043072
0.7198185941043072
0.7198185941043072
0.7198185941043072
0.7198185941043072
0.7198185941043072
0.7198185941043072
0.7198185941043072
0.7662585034013567
0.7662585034013603
0.7662585034013603
0.7662585034013603
0.7662585034013603
0.7662585034013603
0.7662585034013603
0.7662585034013603
0.7662585034013603
0.6965986394557824
0.6965986394557824
0.6965986394557824
0.6965986394557824
0.6965986394557824
0.6965986394557788
0.6965986394557788
