OnSet desviation
0
-0.6965986394557824
-0.13931972789115643
-0.18575963718820843
-0.11609977324263054
0.09287981859410355
0.16253968253968232
0.3947392290249425
0.32507936507936463
0.5340589569160992
0.5340589569161001
0.7894784580498859
0.8591383219954647
1.021678004535147
0.9752380952380957
1.3235374149659869
1.4164172335600913
1.671836734693878
1.741496598639456
1.741496598639456
1.8575963718820852
1.9040362811791383
1.8343764172335604
1.8343764172335586
1.8111564625850338
1.8111564625850338
1.8111564625850338
1.8111564625850338
1.8111564625850338
1.8111564625850356
1.8111564625850356
1.8111564625850338
1.6486167800453515
1.6486167800453515
1.6253968253968267
1.6253968253968285
1.6253968253968267
1.6253968253968267
1.6253968253968267
1.625396825396825
1.5789569160997754
1.5789569160997754
1.5092970521541957
1.5092970521541975
1.5092970521541975
1.5092970521541957
1.486077097505671
1.5092970521541957
1.416417233560093
1.416417233560093
1.416417233560093
1.416417233560093
1.416417233560093
1.416417233560093
1.36997732426304
1.36997732426304
1.253877551020409
1.253877551020409
1.2074376417233594
1.1145578231292532
1.1145578231292532
1.1145578231292532
1.1145578231292532
1.1145578231292532
1.1145578231292532
1.1145578231292532
1.1145578231292532
1.1145578231292532
1.1145578231292532
1.1145578231292532
1.1145578231292532
1.1145578231292532
1.1145578231292532
1.1145578231292532
1.1145578231292532
1.1145578231292532
1.1145578231292532
1.1145578231292532
0.9520181405895691
0.9287981859410444
0.8359183673469381
0.8359183673469417
0.8359183673469417
0.7198185941043107
0.6965986394557859
0.6965986394557859
0.6965986394557859
0.6965986394557824
0.6965986394557824
0.6965986394557824
0.6501587301587328
0.7198185941043107
0.7198185941043107
0.7198185941043107
0.7198185941043107
0.7198185941043107
0.7198185941043107
0.7198185941043107
0.7198185941043107
0.8591383219954665
0.8591383219954665
0.8591383219954665
0.8591383219954665
0.8591383219954665
0.8591383219954665
0.8591383219954665
0.8591383219954665
0.8591383219954665
0.8591383219954665
0.8591383219954665
0.8591383219954665
0.8591383219954665
0.8591383219954665
0.8591383219954665
0.8591383219954665
0.8591383219954665
0.8591383219954665
0.8591383219954665
0.8591383219954665
0.8591383219954665
0.8591383219954665
0.8591383219954665
0.8591383219954665
0.8591383219954665
0.8591383219954665
0.8591383219954665
0.8591383219954665
0.8591383219954665
0.8591383219954665
0.905578231292516
0.9055782312925196
0.9055782312925196
0.9055782312925196
0.9055782312925196
0.9055782312925196
0.9055782312925196
0.9055782312925196
0.9055782312925196
0.7894784580498886
0.7894784580498886
0.7894784580498886
0.7894784580498886
1.0913378684807284
-2.9953741496598667
-2.9953741496598667
