OnSet desviation
0
-0.8359183673469388
-0.4876190476190476
-0.6733786848072563
-0.6501587301587306
-0.3947392290249434
-0.2786394557823133
-0.18575963718820887
-0.2786394557823133
-0.1625396825396832
-0.09287981859410444
-0.1625396825396832
-0.06965986394557966
-0.023219954648526553
0.023219954648526553
0.16253968253968232
0.06965986394557788
0.30185941043083986
0.2321995464852602
0.2321995464852602
0.16253968253968232
0.1857596371882071
0.09287981859410444
0.06965986394557788
0.0
0.0
0.0
0.0
0.0
0.0
0.0
0.0
-0.20897959183673542
-0.20897959183673542
-0.25541950113378675
-0.25541950113378675
-0.3250793650793664
-0.32507936507936463
-0.32507936507936463
-0.3250793650793664
-0.37151927437641774
-0.37151927437641774
-0.37151927437641596
-0.37151927437641774
-0.37151927437641774
-0.3947392290249443
-0.4643990929705222
-0.48761904761904695
-0.6037188208616762
-0.6037188208616762
-0.6037188208616762
-0.6037188208616762
-0.6037188208616762
-0.6037188208616762
-0.6501587301587257
-0.6501587301587257
-0.7662585034013603
-0.7662585034013603
-0.789478458049885
-0.8359183673469346
-0.8359183673469346
-0.8359183673469381
-0.8359183673469381
-0.8359183673469381
-0.8359183673469346
-0.8359183673469381
-0.8359183673469381
-0.8359183673469381
-0.8359183673469381
-0.9055782312925125
-0.9287981859410408
-0.9287981859410408
-0.9287981859410408
-0.9287981859410408
-0.9287981859410408
-0.9287981859410444
-0.9287981859410408
-0.9287981859410408
-1.0681179138322001
-1.0681179138321966
-1.0448979591836718
-1.021678004535147
-1.021678004535147
-1.1377777777777744
-1.2538775510204054
-1.2538775510204054
-1.3699773242630364
-1.3931972789115648
-1.3931972789115648
-1.3931972789115612
-1.4396371882086143
-1.0681179138322001
-1.0681179138322001
-1.0681179138322001
-1.0681179138322001
-1.0681179138321966
-1.0681179138321966
-1.0681179138321966
-1.0681179138321966
-1.1609977324262992
-1.1609977324262992
-1.1609977324262992
-1.1609977324262992
-1.1609977324263028
-1.1609977324263028
-1.1609977324263028
-1.1609977324263028
-1.1609977324263028
-1.1609977324263028
-1.1609977324263028
-1.1609977324263028
-1.1609977324263028
-1.2306575963718807
-1.2306575963718807
-1.2306575963718807
-1.2306575963718807
-1.2306575963718807
-1.2306575963718807
-1.2306575963718807
-1.2306575963718807
-1.2306575963718807
-1.2306575963718807
-1.2306575963718807
-1.2306575963718807
-1.2306575963718807
-1.2306575963718807
-1.2306575963718807
-1.2306575963718807
-1.2306575963718807
-1.3699773242630364
-1.3699773242630364
-1.3699773242630364
-1.3699773242630364
-1.3699773242630364
-1.3699773242630364
-1.3699773242630364
-1.3699773242630364
-1.3699773242630364
-1.4860770975056674
-1.4860770975056674
-1.4860770975056674
-1.4860770975056674
-1.2074376417233559
-5.038730158730161
-5.038730158730161
