OnSet desviation
0
-0.6501587301587302
-0.4411791383219954
-0.30185941043083897
-0.25541950113378675
-0.30185941043083986
-0.3482993197278912
-0.20897959183673542
-0.18575963718820887
-0.09287981859410444
-0.16253968253968232
0.16253968253968232
0.13931972789115754
0.25541950113378675
0.16253968253968232
0.37151927437641774
0.5572789115646266
0.5804988662131514
0.7198185941043089
0.7198185941043089
0.905578231292516
0.9287981859410444
0.9520181405895691
0.9752380952380939
1.021678004535147
1.021678004535147
1.021678004535147
1.021678004535147
1.021678004535147
1.0216780045351488
1.0216780045351488
1.021678004535147
1.0681179138322001
1.0681179138322001
1.0913378684807267
1.0913378684807284
1.1609977324263063
1.1609977324263046
1.1609977324263046
1.1609977324263046
1.1609977324263063
1.1609977324263063
1.091337868480725
1.0913378684807284
1.0913378684807284
1.1145578231292532
1.1609977324263063
1.2074376417233559
1.2306575963718842
1.2306575963718842
1.2306575963718842
1.2306575963718842
1.2306575963718842
1.2306575963718842
1.2306575963718807
1.2306575963718807
1.2306575963718842
1.2306575963718842
1.2074376417233594
1.1609977324263028
1.1609977324263028
1.1609977324263063
1.1609977324263063
1.1609977324263063
1.1609977324263028
1.1609977324263063
1.1609977324263063
1.1609977324263063
1.1609977324263063
1.2306575963718807
1.253877551020409
1.253877551020409
1.253877551020409
1.253877551020409
1.253877551020409
1.2538775510204125
1.253877551020409
1.253877551020409
1.2306575963718842
1.2074376417233559
1.091337868480725
1.0681179138322037
1.0681179138322037
1.0681179138322001
1.1609977324263063
1.1609977324263063
1.2770975056689373
1.300317460317462
1.300317460317462
1.3003174603174585
1.300317460317462
0.9984580498866258
0.9984580498866258
0.9984580498866258
0.9984580498866258
0.9984580498866222
0.9984580498866222
0.9984580498866222
0.9984580498866222
1.2306575963718807
1.2306575963718807
1.2306575963718807
1.2306575963718807
1.2306575963718842
1.2306575963718842
1.2306575963718842
1.2306575963718842
1.2306575963718842
1.2306575963718842
1.2306575963718842
1.2306575963718842
1.2306575963718842
1.300317460317462
1.300317460317462
1.300317460317462
1.300317460317462
1.300317460317462
1.300317460317462
1.300317460317462
1.300317460317462
1.300317460317462
1.300317460317462
1.300317460317462
1.300317460317462
1.300317460317462
1.300317460317462
1.300317460317462
1.300317460317462
1.300317460317462
1.4860770975056674
1.486077097505671
1.486077097505671
1.486077097505671
1.486077097505671
1.486077097505671
1.486077097505671
1.486077097505671
1.486077097505671
1.486077097505671
1.486077097505671
1.486077097505671
1.486077097505671
1.5092970521541993
1.253877551020409
1.253877551020409
