OnSet desviation
0
-2.020136054421769
-2.0201360544217684
-1.7182766439909298
-1.7182766439909298
-1.7182766439909303
-1.5092970521541949
-1.439637188208617
-1.4164172335600913
-1.2074376417233559
-1.2074376417233559
-1.021678004535147
-0.9520181405895674
-0.8359183673469381
-0.7662585034013603
-0.5804988662131514
-0.5108390022675735
-0.3482993197278894
-0.37151927437641596
-0.48761904761904695
-0.48761904761904873
-0.48761904761904695
-0.7662585034013585
-0.7662585034013585
-0.8359183673469417
-0.7198185941043072
-0.6965986394557824
-0.6965986394557824
-0.6965986394557824
-0.6965986394557859
-0.6965986394557859
-0.6965986394557824
-0.6965986394557824
-0.6965986394557824
-0.6965986394557859
-0.6965986394557859
-0.8359183673469417
-0.8823582766439912
-0.8823582766439912
-0.8823582766439912
-0.8823582766439912
-0.8823582766439912
-0.8823582766439912
-0.8823582766439912
-0.8823582766439912
-0.9984580498866222
-1.0216780045351506
-1.0448979591836753
-1.0448979591836753
-1.0448979591836753
-1.091337868480725
-1.091337868480725
-1.091337868480725
-1.0913378684807284
-1.0913378684807284
-1.0913378684807284
-1.091337868480725
-1.0913378684807284
-1.1609977324263028
-1.1609977324263063
-1.1609977324263063
-1.1609977324263063
-1.1609977324263028
-1.1609977324263028
-1.1609977324263028
-1.1609977324263063
-1.1609977324263063
-1.1609977324263063
-1.1609977324263028
-1.3235374149659904
-1.2074376417233594
-1.2074376417233594
-1.184217687074831
-1.184217687074831
-1.184217687074831
-1.184217687074831
-1.184217687074831
-1.184217687074831
-1.184217687074831
-1.184217687074831
-1.3235374149659869
-1.3235374149659904
-1.3235374149659904
-1.3235374149659869
-1.3235374149659869
-1.3235374149659869
-1.3235374149659869
-1.3235374149659869
-1.3235374149659869
-1.3235374149659869
-1.5325170068027205
-1.4628571428571426
-1.4628571428571426
-1.4628571428571426
-1.4628571428571426
-1.4628571428571426
-1.4628571428571426
-1.4628571428571426
-1.4628571428571426
-1.4628571428571426
-1.4628571428571426
-1.4628571428571426
-1.4628571428571426
-1.4628571428571426
-1.36997732426304
-1.36997732426304
-1.36997732426304
-1.36997732426304
-1.36997732426304
-1.36997732426304
-1.36997732426304
-1.36997732426304
-1.6486167800453515
-1.6486167800453515
-1.6486167800453515
-1.6486167800453515
-1.6486167800453515
-1.6486167800453515
-1.6486167800453515
-1.6486167800453515
-1.6486167800453515
-1.8111564625850356
-1.8111564625850356
-1.8111564625850356
-1.8111564625850356
-1.8111564625850356
-1.8111564625850356
-1.8111564625850356
-1.8111564625850356
-1.8111564625850356
-1.9272562358276666
-1.9272562358276666
-1.9272562358276666
-1.9272562358276666
-1.927256235827663
-1.927256235827663
-1.927256235827663
-1.927256235827663
-1.9272562358276666
-1.9272562358276666
-1.9272562358276666
-1.9272562358276666
-1.927256235827663
0.9520181405895656
0.9520181405895656
