OnSet desviation
0
-1.9272562358276648
-1.9272562358276644
-1.7414965986394564
-1.532517006802721
-1.3931972789115656
-1.2306575963718833
-1.0448979591836745
-0.8823582766439912
-0.7198185941043089
-0.6037188208616797
-0.32507936507936463
-0.32507936507936463
-0.023219954648526553
0.09287981859410444
0.41795918367346907
0.5572789115646231
0.6037188208616762
0.6037188208616779
0.5340589569161001
0.5340589569160983
0.5340589569161018
0.2554195011337903
0.2554195011337903
0.18575963718820887
0.2786394557823151
0.30185941043083986
0.30185941043083986
0.3018594104308434
0.30185941043083986
0.30185941043083986
0.30185941043083986
0.30185941043083986
0.30185941043083986
0.30185941043083986
0.30185941043083986
0.20897959183673365
0.1625396825396841
0.1625396825396841
0.1625396825396841
0.1625396825396841
0.1625396825396841
0.1625396825396841
0.1625396825396841
0.1625396825396841
0.1625396825396841
0.11609977324263099
0.046439909297053106
0.046439909297053106
0.046439909297053106
0.0
3.552713678800501e-15
3.552713678800501e-15
0.0
0.0
0.0
3.552713678800501e-15
0.0
-0.09287981859410266
0.0
0.0
0.0
0.0
0.0
3.552713678800501e-15
0.0
0.0
0.0
3.552713678800501e-15
-0.1625396825396841
0.046439909297053106
0.046439909297053106
0.06965986394557788
0.06965986394557788
0.06965986394557788
0.06965986394558144
0.06965986394558144
0.06965986394558144
0.06965986394557788
-0.023219954648524777
-0.18575963718820532
-0.34829931972789296
-0.34829931972789296
-0.3947392290249425
-0.3947392290249425
-0.3947392290249425
-0.3947392290249425
-0.39473922902493896
-0.39473922902493896
-0.3947392290249425
-0.3947392290249425
-0.18575963718820532
-0.18575963718820532
-0.18575963718820532
-0.18575963718820532
-0.18575963718820887
-0.18575963718820887
-0.18575963718820887
-0.18575963718820887
-0.18575963718820532
-0.18575963718820532
-0.18575963718820532
-0.18575963718820532
-0.18575963718820887
-0.4179591836734673
-0.4179591836734673
-0.4179591836734673
-0.4179591836734673
-0.48761904761904873
-0.48761904761904873
-0.48761904761904873
-0.48761904761904873
-0.4876190476190452
-0.4876190476190452
-0.4876190476190452
-0.4876190476190452
-0.4876190476190452
-0.4179591836734673
-0.4179591836734673
-0.4179591836734673
-0.4179591836734673
-0.6269387755102009
-0.6269387755102009
-0.6269387755102009
-0.6269387755102009
-0.7662585034013603
-0.7662585034013603
-0.7662585034013603
-0.7662585034013603
-0.7662585034013603
-0.7662585034013567
-0.7662585034013567
-0.7662585034013567
-0.7662585034013567
-0.7662585034013567
-0.7662585034013567
-0.7662585034013567
-0.7662585034013567
-0.7662585034013603
-0.7662585034013603
-0.7662585034013603
-0.7662585034013603
-0.7662585034013603
0.2089795918367372
0.2089795918367372
