OnSet desviation
0
-2.043356009070295
-2.043356009070295
-2.1594557823129255
-1.95047619047619
-1.8111564625850347
-1.8575963718820878
-1.741496598639456
-1.6021768707482984
-1.6486167800453515
-1.5325170068027223
-1.439637188208616
-1.5092970521541957
-1.3235374149659869
-1.2770975056689338
-1.137777777777778
-1.068117913832202
-1.1842176870748329
-1.1609977324263046
-1.1145578231292514
-1.1145578231292514
-1.1145578231292497
-1.1145578231292497
-1.1145578231292497
-1.1145578231292497
-1.137777777777778
-1.137777777777778
-1.137777777777778
-1.1377777777777744
-1.1377777777777744
-1.1377777777777744
-1.137777777777778
-1.137777777777778
-1.137777777777778
-1.1377777777777744
-1.1377777777777744
-1.091337868480725
-1.091337868480725
-1.091337868480725
-1.091337868480725
-1.091337868480725
-1.091337868480725
-1.091337868480725
-1.091337868480725
-1.091337868480725
-0.9752380952380939
-0.9984580498866187
-1.0448979591836718
-1.0448979591836718
-1.0448979591836718
-1.0448979591836753
-1.0448979591836718
-1.0448979591836718
-1.0448979591836718
-1.0448979591836718
-1.0448979591836718
-1.0448979591836718
-1.0448979591836718
-1.0681179138322001
-0.9752380952380939
-0.9752380952380939
-0.9752380952380939
-0.9752380952380975
-0.9752380952380975
-0.9752380952380939
-0.9752380952380939
-0.9752380952380939
-0.9752380952380939
-0.9752380952380939
-0.9752380952380939
-0.8823582766439877
-0.8823582766439877
-0.8823582766439912
-0.8823582766439912
-0.8823582766439912
-0.8823582766439877
-0.8823582766439877
-0.8823582766439877
-0.8823582766439912
-0.9752380952380939
-0.9984580498866187
-1.1609977324263028
-1.1609977324263028
-1.2074376417233559
-1.2074376417233559
-1.2074376417233559
-1.2074376417233559
-1.2074376417233523
-1.2074376417233523
-1.2074376417233559
-0.9984580498866222
-0.8591383219954629
-0.8591383219954629
-0.8591383219954629
-0.8591383219954629
-0.8591383219954665
-0.8591383219954665
-0.8591383219954665
-0.8591383219954665
-0.8591383219954629
-0.8591383219954629
-0.8591383219954629
-0.8591383219954629
-0.8591383219954665
-1.1842176870748276
-1.1842176870748276
-1.1842176870748276
-1.1842176870748276
-1.253877551020409
-1.253877551020409
-1.253877551020409
-1.253877551020409
-0.9752380952380939
-0.9752380952380939
-0.9752380952380939
-0.9752380952380939
-0.9752380952380939
-0.905578231292516
-0.905578231292516
-0.905578231292516
-0.905578231292516
-0.9520181405895656
-0.9520181405895656
-0.9520181405895656
-0.9520181405895656
-1.091337868480725
-1.091337868480725
-1.091337868480725
-1.091337868480725
-1.091337868480725
-0.9752380952380904
-0.9752380952380904
-0.9752380952380904
-0.9752380952380904
-0.9752380952380939
-0.9752380952380939
-0.9752380952380939
-0.9752380952380939
-0.9752380952380939
-0.9752380952380939
-0.9752380952380939
-0.9752380952380939
-0.9752380952380975
-2.8792743764172286
-2.8792743764172286
