OnSet desviation
0
0.51755068707483
0.5010424172335601
0.8560534217687072
0.8627651065759641
1.2642160204081634
1.3870274784580499
1.6955985736961452
1.8184100317460317
1.9876613990929695
2.2033526757369604
2.4190439523809513
2.4954155011337864
2.7575466870748304
2.9035780997732417
3.2353691496598636
3.242080834467119
3.3963663820861676
3.4113322018140586
3.403078066893423
3.2090642947845804
2.898950749433107
2.8906966145124713
2.7663427063492048
2.7348686167800444
2.712294753968253
2.596841072562359
2.596841072562359
2.5974871643990927
2.598133256235826
2.598133256235826
2.5987793480725596
2.5994254399092966
2.5994254399092966
2.600071531746032
2.5774976689342406
2.5549238061224493
2.532349943310658
2.532349943310658
2.5329960351473915
2.533642126984125
2.533642126984125
2.534288218820862
2.5349343106575972
2.5349343106575972
2.512360447845804
2.489786585034011
2.443992767573693
2.398198950113379
2.398198950113379
2.3988450419501106
2.3994911337868494
2.3994911337868494
2.4001372256235847
2.4007833174603164
2.4007833174603164
2.401429409297048
2.402075501133787
2.402721592970522
2.403367684807254
2.403367684807254
2.404013776643989
2.404659868480728
2.404659868480728
2.4053059603174596
2.6613715532879816
2.6613715532879816
2.662017645124717
2.662663736961452
2.663309828798184
2.663955920634919
2.663955920634919
2.6646020124716543
2.6652481043083895
2.6652481043083895
2.665894196145125
2.66654028798186
2.66654028798186
2.6671863798185917
2.667832471655327
2.6684785634920622
2.6691246553287975
2.6691246553287975
2.6697707471655328
2.6471968843537397
2.6471968843537397
2.6478429761904785
2.64848906802721
2.64848906802721
3.57793334580499
3.5785794376417215
3.579871621315192
3.579871621315192
3.579871621315192
3.579871621315192
3.581163804988659
3.581163804988659
3.581163804988659
3.581163804988659
3.9307553083900224
3.9307553083900224
3.9307553083900224
3.9307553083900224
3.932047492063493
3.9333396757369634
3.9333396757369634
3.9333396757369634
3.9333396757369634
3.9346318594104304
3.9346318594104304
3.9346318594104304
3.9346318594104304
3.935924043083901
3.935924043083901
3.935924043083901
3.935924043083901
3.937216226757368
3.9385084104308383
3.9385084104308383
3.9385084104308383
3.9385084104308383
3.9398005941043053
3.9398005941043053
3.9398005941043053
3.9398005941043053
3.9410927777777793
3.9410927777777793
3.9410927777777793
3.9410927777777793
3.94238496145125
3.943677145124717
3.943677145124717
3.943677145124717
3.943677145124717
3.9449693287981873
3.9449693287981873
3.9449693287981873
3.9449693287981873
4.341000741496604
4.341000741496604
4.341000741496604
4.341000741496604
4.690592244897964
5.018255977324266
5.018255977324266
