OnSet desviation
0
0.47111077777777755
0.5010424172335599
0.7863935578231289
0.955644925170068
1.3106559297052147
1.4799072970521525
1.7188185283446709
1.9577297596371883
2.126981126984126
2.3891123129251692
2.720903362811791
2.750835002267573
3.2219457800453526
3.3215372834467125
3.676548287981859
3.799359746031744
3.976865248299317
4.038270977324263
3.9139170691609966
3.905662934240361
3.9206287539682574
3.912374619047622
3.9041204841269863
3.8494264399092977
3.8268525770975064
3.688178941043084
3.688178941043084
3.688825032879821
3.6894711247165546
3.6894711247165546
3.690117216553288
3.6907633083900215
3.6907633083900215
3.6914094002267603
3.668835537414969
3.5766018106575963
3.5308079931972802
3.5308079931972802
3.5314540850340137
3.5321001768707507
3.5321001768707507
3.532746268707484
3.5333923605442195
3.5333923605442195
3.5340384523809547
3.4882446349206333
3.349570998866213
3.1412374988662144
3.1412374988662144
3.072223726757368
3.072869818594107
3.072869818594107
3.0735159104308423
3.074162002267574
3.074162002267574
3.074808094104309
3.0754541859410445
2.9600005045351487
2.914206687074831
2.914206687074831
2.9148527789115626
2.9154988707483014
2.9154988707483014
2.9161449625850366
2.9167910544217683
2.9167910544217683
2.9174371462585036
2.9180832380952424
2.75618964739229
2.7568357392290253
2.7568357392290253
2.7574818310657605
2.7581279229024958
2.7581279229024958
2.758774014739231
2.7594201065759663
2.7594201065759663
2.760066198412698
2.6678324716553306
2.5059388809523817
2.344045290249433
2.344045290249433
2.2982514727891186
2.2756776099773255
2.2756776099773255
2.2763237018140607
2.276969793650796
2.276969793650796
2.2776158854875312
2.278261977324263
2.2795541609977334
2.2795541609977334
2.2795541609977334
2.2795541609977334
2.2808463446712004
2.2808463446712004
2.2808463446712004
2.2808463446712004
2.2821385283446745
2.2821385283446745
2.2821385283446745
2.2821385283446745
2.2834307120181414
1.9596435306122473
1.9596435306122473
1.9596435306122473
1.9596435306122473
1.8912758503401363
1.8912758503401363
1.8912758503401363
1.8912758503401363
1.8925680340136068
1.8925680340136068
1.8925680340136068
1.8925680340136068
1.8938602176870774
1.7558326734693885
1.7558326734693885
1.7558326734693885
1.7558326734693885
1.5017053560090723
1.5017053560090723
1.5017053560090723
1.5017053560090723
1.3636778117913835
1.3636778117913835
1.3636778117913835
1.3636778117913835
1.3649699954648504
1.3662621791383245
1.3662621791383245
1.3662621791383245
1.3662621791383245
1.367554362811795
1.367554362811795
1.367554362811795
1.367554362811795
1.368846546485262
1.368846546485262
1.368846546485262
1.368846546485262
1.3469187755102041
2.2318614195011364
2.2318614195011364
