OnSet desviation
0
0.1460314126984127
0.17596305215419483
0.18267473696145098
0.2822662403628118
0.5443974263038553
0.4350093378684807
0.5810407505668937
0.7270721632653059
0.8266636666666667
0.9030352154195018
1.0258466734693883
0.9628984943310659
0.9928301337868497
1.2085214104308388
1.215233095238096
1.2219447800453516
1.3065704637188205
1.3911961473922894
1.3829420124716538
1.37468787755102
1.2271140147392305
1.218859879818595
1.2106057448979595
1.2255715646258505
1.2262176564625857
1.0875440204081634
1.0875440204081634
1.0417502029478456
1.0423962947845808
1.0423962947845808
1.0430423866213143
1.0436884784580478
1.0436884784580478
1.0443345702947866
1.0217607074829953
0.9527469353741509
0.9533930272108844
0.9533930272108844
0.9540391190476178
0.9314652562358265
0.9314652562358265
0.8856714387755105
0.8863175306122457
0.8863175306122457
0.8405237131519279
0.8179498503401348
0.702496168934239
0.49416266893424066
0.49416266893424066
0.3554890328798166
0.3561351247165554
0.3561351247165554
0.35678121655329065
0.35742730839002235
0.35742730839002235
0.35807340022675405
0.35871949206349285
0.3593655839002281
0.26713185714285714
0.26713185714285714
0.15167817573695785
0.036224494331069224
0.036224494331069224
-0.009569323129252183
-0.008923231292516931
-0.008923231292516931
-0.008277139455781679
-0.007631047619046427
-0.006984955782314728
-0.006338863945579476
-0.006338863945579476
-0.005692772108844224
-0.14436640816326474
-0.14436640816326474
-0.2598200895691605
-0.2591739977324252
-0.2591739977324252
-0.2585279058956935
-0.2578818140589547
-0.257235722222223
-0.25658963038548777
-0.25658963038548777
-0.2559435385487525
-0.2785174013605456
-0.2785174013605456
-0.2778713095238068
-0.2772252176870751
-0.2772252176870751
-0.4158988537414956
-0.6242323537414975
-0.6926000340136049
-0.6926000340136049
-0.6926000340136049
-0.6926000340136049
-0.691307850340138
-0.691307850340138
-0.691307850340138
-0.691307850340138
-0.9918750770975038
-0.9918750770975038
-0.9918750770975038
-0.9918750770975038
-1.1763425306122421
-1.1750503469387752
-1.1750503469387752
-1.1750503469387752
-1.1750503469387752
-1.1737581632653047
-1.1737581632653047
-1.1737581632653047
-1.1737581632653047
-1.2189058888888873
-1.2189058888888873
-1.2189058888888873
-1.2189058888888873
-1.2408336598639451
-1.4485210680272118
-1.4485210680272118
-1.4485210680272118
-1.4485210680272118
-1.5168887482993192
-1.5168887482993192
-1.5168887482993192
-1.5168887482993192
-1.5155965646258522
-1.5155965646258522
-1.5155965646258522
-1.5155965646258522
-1.5143043809523817
-1.6523319251700705
-1.6523319251700705
-1.6523319251700705
-1.6523319251700705
-1.6510397414965965
-1.6510397414965965
-1.6510397414965965
-1.6510397414965965
-1.81228724036281
-1.81228724036281
-1.81228724036281
-1.81228724036281
-1.834215011337868
-2.040610235827664
-2.040610235827664
