OnSet desviation
0
-0.905578231292517
-0.7662585034013603
-1.021678004535147
-0.8126984126984125
-0.8823582766439908
-1.0681179138322001
-1.021678004535148
-1.4164172335600904
-1.5325170068027214
-1.5092970521541957
-1.671836734693878
-1.6486167800453533
-1.7182766439909312
-1.9504761904761896
-1.9504761904761914
-1.973696145124718
-1.9040362811791383
-1.9736961451247161
-1.9969160997732427
-2.1362358276644002
-2.2291156462585047
-2.2291156462585047
-2.2987755102040826
-2.391655328798187
-2.6006349206349224
-2.461315192743765
-2.461315192743765
-2.4148752834467118
-2.4148752834467135
-2.4148752834467135
-2.4148752834467118
-2.4148752834467118
-2.4148752834467118
-2.4148752834467135
-2.4148752834467135
-2.3452154195011357
-2.345215419501134
-2.345215419501134
-2.345215419501134
-2.3219954648526056
-2.3219954648526056
-2.275555555555556
-2.275555555555556
-2.275555555555556
-2.229115646258503
-2.205895691609978
-2.089795918367347
-1.8808163265306135
-1.8808163265306135
-1.7414965986394542
-1.7414965986394577
-1.7414965986394577
-1.7414965986394577
-1.7414965986394542
-1.7414965986394542
-1.7414965986394542
-1.7414965986394577
-1.7414965986394577
-1.6486167800453515
-1.6486167800453515
-1.5325170068027205
-1.416417233560093
-1.416417233560093
-1.3699773242630364
-1.36997732426304
-1.36997732426304
-1.36997732426304
-1.3699773242630364
-1.3699773242630364
-1.36997732426304
-1.36997732426304
-1.36997732426304
-1.2306575963718807
-1.2306575963718807
-1.1145578231292532
-1.1145578231292532
-1.1145578231292532
-0.32507936507936463
-0.3250793650793682
-0.32507936507936463
-0.32507936507936463
-0.32507936507936463
-0.32507936507936463
-0.30185941043083986
-0.30185941043083986
-0.30185941043083986
-0.30185941043083986
-0.30185941043083986
-0.1625396825396841
-0.046439909297053106
-0.09287981859410621
-0.09287981859410621
-0.09287981859410621
-0.09287981859410621
-0.13931972789115576
-0.13931972789115576
-0.13931972789115576
-0.13931972789115576
0.16253968253968054
0.16253968253968054
0.16253968253968054
0.16253968253968054
0.3482993197278894
0.34829931972789296
0.34829931972789296
0.34829931972789296
0.34829931972789296
0.3482993197278894
0.3482993197278894
0.3482993197278894
0.3482993197278894
0.3018594104308363
0.3018594104308363
0.3018594104308363
0.3018594104308363
0.32507936507936463
0.5340589569160983
0.5340589569160983
0.5340589569160983
0.5340589569160983
0.6037188208616762
0.6037188208616762
0.6037188208616762
0.6037188208616762
0.6037188208616797
0.6037188208616797
0.6037188208616797
0.6037188208616797
0.6037188208616762
0.7430385487528355
0.7430385487528355
0.7430385487528355
0.7430385487528355
0.7430385487528319
0.7430385487528319
0.7430385487528319
0.7430385487528319
0.905578231292516
0.905578231292516
0.905578231292516
0.905578231292516
1.137777777777778
1.184217687074831
1.184217687074831
