OnSet desviation
0
-1.0913378684807256
-1.0216780045351472
-0.8591383219954647
-0.928798185941043
-0.7662585034013611
-0.4643990929705213
-0.6733786848072558
-0.25541950113378764
-0.02321995464852744
-0.04643990929705222
0.25541950113378675
0.2786394557823151
0.3250793650793664
0.650158730158731
0.650158730158731
0.6733786848072576
0.8591383219954647
0.8591383219954647
0.8591383219954665
0.9055782312925178
0.9287981859410444
0.882358276643993
0.9520181405895709
0.998458049886624
1.068117913832202
0.9055782312925196
0.9055782312925196
0.9055782312925178
0.9055782312925178
0.9055782312925178
0.905578231292516
0.9055782312925196
0.9055782312925196
0.882358276643993
0.882358276643993
0.8126984126984151
0.7662585034013603
0.7662585034013603
0.7662585034013638
0.7662585034013603
0.7662585034013603
0.7198185941043072
0.7198185941043107
0.7198185941043107
0.5804988662131514
0.5572789115646266
0.5572789115646266
0.5572789115646266
0.5572789115646266
0.5572789115646266
0.5572789115646266
0.5572789115646266
0.5572789115646266
0.5572789115646266
0.5572789115646266
0.5572789115646266
0.5572789115646266
0.46439909297052395
0.3947392290249425
0.3947392290249425
0.3947392290249425
0.39473922902494607
0.39473922902494607
0.3947392290249425
0.3947392290249425
0.3947392290249425
0.39473922902494607
0.3947392290249425
0.3947392290249425
0.39473922902494607
0.39473922902494607
0.39473922902494607
0.3947392290249425
0.3947392290249425
0.3947392290249425
0.39473922902494607
0.39473922902494607
-0.25541950113378675
-0.25541950113378675
-0.25541950113378675
-0.25541950113378675
-0.25541950113378675
-0.25541950113378675
-0.06965986394557433
-0.06965986394557433
-0.06965986394557788
-0.06965986394557788
-0.06965986394557788
-0.2554195011337832
-0.18575963718820887
-0.06965986394557788
-0.06965986394557788
-0.06965986394557788
-0.06965986394557788
-0.023219954648524777
-0.023219954648524777
-0.023219954648524777
-0.023219954648524777
0.2786394557823151
0.2786394557823151
0.2786394557823151
0.2786394557823151
0.2786394557823151
0.27863945578231153
0.27863945578231153
0.27863945578231153
0.27863945578231153
0.2786394557823151
0.2786394557823151
0.2786394557823151
0.2786394557823151
0.37151927437641774
0.37151927437641774
0.37151927437641774
0.37151927437641774
0.37151927437641774
0.3250793650793682
0.3250793650793682
0.3250793650793682
0.3250793650793682
0.32507936507936463
0.32507936507936463
0.32507936507936463
0.32507936507936463
0.32507936507936463
0.32507936507936463
0.32507936507936463
0.32507936507936463
0.3250793650793682
0.32507936507936463
0.32507936507936463
0.32507936507936463
0.32507936507936463
0.3250793650793682
0.3250793650793682
0.3250793650793682
0.3250793650793682
0.32507936507936463
0.32507936507936463
0.32507936507936463
0.32507936507936463
0.6501587301587293
0.7662585034013532
0.7662585034013532
