OnSet desviation
0
-1.1145578231292517
-0.9055782312925167
-0.9984580498866209
-0.8591383219954647
-0.7662585034013611
-0.6501587301587302
-0.8126984126984125
-0.7894784580498868
-0.6733786848072576
-0.6733786848072567
-0.5340589569161001
-0.48761904761904695
-0.5108390022675735
-0.4179591836734673
-0.41795918367346907
-0.41795918367346907
-0.16253968253968232
-0.2321995464852602
-0.255419501133785
-0.3482993197278912
-0.41795918367346907
-0.4643990929705204
-0.4643990929705204
-0.5108390022675717
-0.6501587301587293
-0.673378684807254
-0.673378684807254
-0.6269387755102027
-0.6269387755102045
-0.6269387755102045
-0.6269387755102045
-0.6269387755102009
-0.6269387755102009
-0.6501587301587293
-0.6501587301587293
-0.6501587301587293
-0.6965986394557824
-0.6965986394557824
-0.6965986394557788
-0.673378684807254
-0.673378684807254
-0.6733786848072576
-0.673378684807254
-0.673378684807254
-0.7662585034013603
-0.7662585034013603
-0.6501587301587293
-0.4411791383219956
-0.4411791383219956
-0.3018594104308363
-0.30185941043083986
-0.30185941043083986
-0.30185941043083986
-0.3018594104308363
-0.3018594104308363
-0.3018594104308363
-0.30185941043083986
-0.3947392290249425
-0.37151927437641774
-0.37151927437641774
-0.25541950113378675
-0.13931972789115576
-0.13931972789115576
-0.09287981859410266
-0.09287981859410621
-0.09287981859410621
-0.09287981859410266
-0.09287981859410266
-0.09287981859410266
-0.09287981859410266
-0.09287981859410266
-0.09287981859410266
0.046439909297053106
0.046439909297053106
0.16253968253968054
0.1625396825396841
0.1625396825396841
0.30185941043083986
0.3018594104308363
0.30185941043083986
0.30185941043083986
0.30185941043083986
0.30185941043083986
0.5108390022675771
0.5108390022675771
0.5108390022675735
0.5108390022675735
0.5108390022675735
0.46439909297052395
0.6501587301587293
0.7198185941043072
0.7198185941043072
0.7198185941043072
0.7198185941043072
0.7198185941043107
0.7198185941043107
0.7198185941043107
0.7198185941043107
1.3235374149659869
1.3235374149659869
1.3235374149659869
1.3235374149659869
1.5092970521541957
1.5092970521541957
1.5092970521541957
1.5092970521541957
1.5092970521541957
1.5092970521541957
1.5092970521541957
1.5092970521541957
1.5092970521541957
1.5557369614512453
1.5557369614512453
1.5557369614512453
1.5557369614512453
1.5789569160997736
1.7414965986394577
1.7414965986394577
1.7414965986394577
1.7414965986394577
1.811156462585032
1.811156462585032
1.811156462585032
1.811156462585032
1.8111564625850356
1.8111564625850356
1.8111564625850356
1.8111564625850356
1.8111564625850356
1.9504761904761914
1.9504761904761914
1.9504761904761914
1.9504761904761914
1.9504761904761914
1.9504761904761914
1.9504761904761914
1.9504761904761914
2.113015873015872
2.113015873015872
2.113015873015872
2.113015873015872
2.6702947845804985
2.8328344671201755
2.8328344671201755
