OnSet desviation
0
-0.8126984126984127
-0.7662585034013605
-0.8591383219954647
-0.7198185941043085
-0.6733786848072558
-0.6733786848072558
-0.6269387755102036
-0.6965986394557824
-0.5108390022675735
-0.5572789115646257
-0.5340589569160992
-0.5804988662131532
-0.3482993197278912
-0.41795918367346907
-0.41795918367347085
-0.18575963718820887
-0.13931972789115754
-0.13931972789115754
-0.13931972789115576
-0.09287981859410444
-0.11609977324263099
-0.09287981859410444
0.0
0.04643990929705133
0.11609977324262921
0.16253968253968232
0.16253968253968232
0.16253968253968232
0.16253968253968232
0.16253968253968232
0.16253968253968232
0.11609977324262921
0.11609977324262921
-0.09287981859410444
-0.09287981859410444
-0.20897959183673542
-0.20897959183673542
-0.20897959183673542
-0.20897959183673542
-0.20897959183673365
-0.20897959183673365
-0.20897959183673542
-0.20897959183673542
-0.20897959183673542
-0.13931972789115932
-0.09287981859410621
-0.09287981859410621
-0.23219954648525842
-0.23219954648525842
-0.23219954648526198
-0.23219954648526198
-0.23219954648526198
-0.23219954648526198
-0.23219954648526198
-0.23219954648526198
-0.23219954648526198
-0.23219954648526198
-0.16253968253968054
-0.09287981859410621
-0.09287981859410621
-0.09287981859410621
-0.09287981859410266
-0.09287981859410266
-0.09287981859410621
-0.09287981859410621
-0.09287981859410621
-0.09287981859410266
-0.09287981859410621
-0.09287981859410621
-0.09287981859410621
-0.09287981859410621
-0.09287981859410266
-0.09287981859410621
-0.09287981859410621
-0.09287981859410621
-0.09287981859410266
-0.09287981859410266
-0.23219954648526198
-0.30185941043083986
-0.3947392290249425
-0.3947392290249425
-0.3947392290249425
-0.39473922902494607
-0.39473922902494607
-0.39473922902494607
-0.3947392290249425
-0.3947392290249425
-0.3947392290249425
-0.39473922902494607
-0.2786394557823151
0.023219954648524777
0.023219954648524777
0.023219954648524777
0.023219954648524777
0.02321995464852833
0.02321995464852833
0.02321995464852833
0.02321995464852833
-0.13931972789115576
-0.13931972789115576
-0.13931972789115576
-0.13931972789115576
-0.13931972789115576
-0.13931972789115932
-0.13931972789115932
-0.13931972789115932
-0.13931972789115932
-0.1625396825396841
-0.1625396825396841
-0.1625396825396841
-0.1625396825396841
-0.16253968253968054
-0.16253968253968054
-0.16253968253968054
-0.16253968253968054
-0.1625396825396841
-0.1625396825396841
-0.1625396825396841
-0.1625396825396841
-0.1625396825396841
-0.1625396825396841
-0.1625396825396841
-0.1625396825396841
-0.1625396825396841
-0.1625396825396841
-0.1625396825396841
-0.1625396825396841
-0.1625396825396841
-0.16253968253968054
-0.1625396825396841
-0.1625396825396841
-0.1625396825396841
-0.1625396825396841
-0.1625396825396841
-0.1625396825396841
-0.1625396825396841
-0.1625396825396841
-0.1625396825396841
-0.1625396825396841
-0.1625396825396841
-0.1625396825396841
-0.11609977324263099
-0.48761904761904873
-0.48761904761904873
