OnSet desviation
0
-0.8126984126984127
-0.7198185941043083
-0.8126984126984125
-0.6501587301587306
-0.6037188208616779
-0.5804988662131514
-0.41795918367346907
-0.5108390022675735
-0.3250793650793655
-0.2786394557823124
-0.25541950113378586
-0.25541950113378853
-0.023219954648526553
0.0
-0.046439909297053106
0.13931972789115576
0.16253968253968054
0.13931972789115576
0.13931972789115576
0.16253968253968232
0.11609977324262921
0.11609977324263099
0.20897959183673365
0.3018594104308381
0.3018594104308381
0.3018594104308381
0.3018594104308381
0.3018594104308381
0.3018594104308381
0.3018594104308381
0.3018594104308381
0.25541950113378675
0.25541950113378675
0.06965986394557788
0.06965986394557788
0.04643990929705133
0.04643990929705133
0.04643990929705133
0.04643990929705133
0.046439909297053106
0.046439909297053106
0.04643990929705133
0.04643990929705133
0.04643990929705133
0.04643990929704955
0.04643990929705133
0.04643990929704955
-0.06965986394557788
-0.06965986394557788
-0.06965986394557788
-0.06965986394557788
-0.06965986394557788
-0.06965986394558144
-0.06965986394557788
-0.06965986394557788
-0.06965986394557788
-0.06965986394558144
-0.06965986394557788
-0.02321995464852833
-0.02321995464852833
-0.02321995464852833
-0.023219954648524777
-0.023219954648524777
-0.02321995464852833
-0.02321995464852833
-0.02321995464852833
-0.023219954648524777
-0.023219954648524777
0.13931972789115576
0.13931972789115576
0.13931972789115576
0.13931972789115576
0.13931972789115576
0.13931972789115576
0.13931972789115576
0.13931972789115576
0.13931972789115576
0.0
-0.06965986394557788
-0.046439909297053106
0.11609977324263099
0.11609977324263099
0.16253968253968054
0.16253968253968054
0.16253968253968054
0.1625396825396841
0.16253968253968054
0.16253968253968054
0.25541950113378675
0.44117913832199207
0.4411791383219956
0.4411791383219956
0.4411791383219956
0.4411791383219956
0.4411791383219956
0.4411791383219956
0.4411791383219956
0.4411791383219956
0.046439909297053106
0.046439909297053106
0.046439909297053106
0.046439909297053106
0.046439909297053106
0.04643990929704955
0.04643990929704955
0.04643990929704955
0.04643990929704955
0.023219954648524777
0.023219954648524777
0.023219954648524777
0.023219954648524777
0.30185941043083986
0.30185941043083986
0.30185941043083986
0.30185941043083986
0.3018594104308363
0.30185941043083986
0.30185941043083986
0.30185941043083986
0.30185941043083986
0.3018594104308363
0.3018594104308363
0.3018594104308363
0.3018594104308363
0.30185941043083986
0.30185941043083986
0.30185941043083986
0.30185941043083986
0.30185941043083986
0.3018594104308363
0.3018594104308363
0.3018594104308363
0.3018594104308363
0.30185941043083986
0.30185941043083986
0.30185941043083986
0.30185941043083986
0.3018594104308363
0.3018594104308363
0.3018594104308363
0.3018594104308363
0.37151927437641774
-0.8591383219954665
-0.8591383219954665
