OnSet desviation
0
0.12281145804988669
0.10630318820861695
0.02013505442176866
-0.11247298866213162
0.1496581972789115
-0.1454895283446711
0.07020174829931936
-0.06240629478458093
-0.009254700680273231
-0.0025430158730159746
0.02738862358276606
-0.10521941950113423
-0.1913875532879814
-0.11501600453514804
-0.10830431972789079
-0.40345204535147516
-0.27238645238095316
-0.25742063265306214
-0.2656747675736977
-0.48290849433106686
-0.7698020850340139
-0.8012761746031742
-0.9024101281179142
-0.9338842176870745
-1.002897989795919
-1.0486918072562368
-1.0486918072562368
-1.0480457154195015
-1.047399623582768
-1.047399623582768
-1.0467535317460328
-1.0461074399092976
-1.0461074399092976
-1.0454613480725623
-1.2537948480725625
-1.2995886655328803
-1.298942573696145
-1.298942573696145
-1.2982964818594098
-1.2976503900226763
-1.2976503900226763
-1.297004298185941
-1.2963582063492058
-1.2963582063492058
-1.3653719784580503
-1.4576057052154212
-1.5962793412698417
-1.6420731587301596
-1.6420731587301596
-1.6414270668934243
-1.640780975056689
-1.640780975056689
-1.6401348832199538
-1.6394887913832186
-1.6394887913832186
-1.6388426995464869
-1.6381966077097516
-1.7072103798185942
-1.82266406122449
-1.82266406122449
-1.8220179693877583
-1.8213718775510195
-1.8213718775510195
-1.8207257857142842
-1.8200796938775525
-1.8200796938775525
-1.8194336020408173
-1.8187875102040785
-1.8181414183673468
-1.817495326530615
-1.817495326530615
-1.8168492346938798
-1.816203142857141
-1.816203142857141
-1.8155570510204093
-1.814910959183674
-1.814910959183674
-1.8142648673469388
-1.8136187755102036
-1.8129726836734719
-1.8123265918367366
-1.8123265918367366
-1.8116804999999978
-1.8342543628117909
-1.8342543628117909
-1.8336082709750556
-1.832962179138324
-1.832962179138324
-1.8323160873015851
-1.9477697687074844
-2.2483369954648538
-2.2483369954648538
-2.2483369954648538
-2.2483369954648538
-2.247044811791387
-2.247044811791387
-2.247044811791387
-2.247044811791387
-2.4779521746031747
-2.4779521746031747
-2.4779521746031747
-2.4779521746031747
-2.4766599909297042
-2.4753678072562337
-2.4753678072562337
-2.4753678072562337
-2.4753678072562337
-2.474075623582767
-2.474075623582767
-2.474075623582767
-2.474075623582767
-2.4960033945578246
-2.4960033945578246
-2.4960033945578246
-2.4960033945578246
-2.494711210884354
-2.4934190272108836
-2.4934190272108836
-2.4934190272108836
-2.4934190272108836
-2.4921268435374166
-2.4921268435374166
-2.4921268435374166
-2.4921268435374166
-2.490834659863946
-2.490834659863946
-2.490834659863946
-2.490834659863946
-2.489542476190479
-2.4882502925170087
-2.4882502925170087
-2.4882502925170087
-2.4882502925170087
-2.4869581088435346
-2.4869581088435346
-2.4869581088435346
-2.4869581088435346
-2.4856659251700677
-2.4856659251700677
-2.4856659251700677
-2.4856659251700677
-2.484373741496597
-1.924510462585033
-1.924510462585033
