OnSet desviation
0
0.1924713219954649
0.22240296145124727
0.04335500907029477
0.050066693877550694
0.3586377891156465
0.06349006349206388
0.325621249433107
0.12335334240362794
0.3622645736961445
0.32253634920634955
0.37568794331065813
0.19663999092970386
0.34267140362811865
0.34938308843537413
0.3560947732426296
0.2931465941043072
0.47065209637188055
0.48561791609977156
0.4773637811791378
0.30656996371881995
-0.0035435816326536695
-0.01179771655328743
-0.020051851473922966
-0.005086031746031949
-0.004439939909298474
-0.0037938480725632218
-0.0037938480725632218
-0.00314775623582797
-0.0025016643990944942
-0.0025016643990944942
-0.0018555725623592423
-0.047649390022677096
-0.047649390022677096
-0.2559828900226755
-0.46431639002267566
-0.6262099807256245
-0.6255638888888893
-0.6255638888888893
-0.624917797052154
-0.6242717052154187
-0.6242717052154187
-0.6236256133786853
-0.62297952154195
-0.62297952154195
-0.6223334297052183
-0.6681272471655362
-0.8068008832199567
-0.9919144285714268
-0.9919144285714268
-0.991268336734695
-0.9906222448979598
-0.9906222448979598
-0.9899761530612246
-0.9893300612244893
-0.9893300612244893
-0.9886839693877576
-0.9880378775510223
-0.9873917857142835
-1.033185603174605
-1.033185603174605
-1.0325395113378733
-1.031893419501131
-1.031893419501131
-1.0312473276643992
-1.0306012358276675
-1.0306012358276675
-1.0299551439909287
-1.0293090521541934
-1.0286629603174617
-1.02801686848073
-1.02801686848073
-1.0273707766439912
-1.026724684807256
-1.026724684807256
-1.0260785929705243
-1.0254325011337855
-1.0254325011337855
-1.1641061371882095
-1.2331199092970522
-1.3253536360544231
-1.3247075442176879
-1.3247075442176879
-1.3240614523809526
-1.3466353151927457
-1.3466353151927457
-1.345989223356007
-1.3453431315192752
-1.3453431315192752
-1.34469703968254
-1.3440509478458083
-1.3427587641723377
-1.3427587641723377
-1.3427587641723377
-1.3427587641723377
-1.3414665804988672
-1.3414665804988672
-1.3414665804988672
-1.3414665804988672
-1.7349136258503393
-1.7349136258503393
-1.7349136258503393
-1.7349136258503393
-1.7336214421768688
-1.7323292585034018
-1.7323292585034018
-1.7323292585034018
-1.7323292585034018
-1.7542570294784596
-1.7542570294784596
-1.7542570294784596
-1.7542570294784596
-1.776184800453514
-1.776184800453514
-1.776184800453514
-1.776184800453514
-1.774892616780047
-1.7736004331065764
-1.7736004331065764
-1.7736004331065764
-1.7736004331065764
-1.7723082494331095
-1.7723082494331095
-1.7723082494331095
-1.7723082494331095
-1.771016065759639
-1.771016065759639
-1.771016065759639
-1.771016065759639
-1.7697238820861685
-1.7684316984127015
-1.7684316984127015
-1.7684316984127015
-1.7684316984127015
-1.7671395147392275
-1.7671395147392275
-1.7671395147392275
-1.7671395147392275
-1.7658473310657605
-1.7658473310657605
-1.7658473310657605
-1.7658473310657605
-1.718115238095237
-1.5297712335600906
-1.5297712335600906
