OnSet desviation
0
0.1460314126984128
0.08308323356009084
-0.0030849002267574477
-0.1589128979591834
0.10321828798185972
-0.21514939229024943
-0.11555788888888863
-0.22494597732426325
-0.17179438321995466
-0.2579625170068027
-0.2280308775510207
-0.4070788299319723
-0.4932469637188195
-0.5097552335600906
-0.456603639455782
-0.7053114557823132
-0.5510259081632647
-0.5128401337868489
-0.5210942687074827
-0.7151080408163271
-0.9787816768707476
-0.9870358117913831
-1.0881697653061213
-1.1660837641723347
-1.1654376723356012
-1.164791580498866
-1.164791580498866
-1.1641454886621307
-1.1634993968253973
-1.1634993968253973
-1.162853304988662
-1.1622072131519285
-1.1622072131519285
-1.184781075963718
-1.3931145759637182
-1.5317882120181405
-1.5311421201814053
-1.5311421201814053
-1.53049602834467
-1.5298499365079365
-1.5298499365079365
-1.5292038446712013
-1.528557752834466
-1.528557752834466
-1.5279116609977326
-1.5737054784580522
-1.712379114512471
-1.7813928866213136
-1.7813928866213136
-1.7807467947845819
-1.7801007029478466
-1.7801007029478466
-1.7794546111111078
-1.7788085192743779
-1.7788085192743779
-1.7781624274376462
-1.7775163356009074
-1.7768702437641721
-1.869103970521543
-1.869103970521543
-1.8684578786848114
-1.8678117868480726
-1.8678117868480726
-1.8671656950113373
-1.8665196031746056
-1.8665196031746056
-1.8658735113378704
-1.8652274195011351
-2.027121010204084
-2.0264749183673523
-2.0264749183673523
-2.0258288265306135
-2.025182734693878
-2.025182734693878
-2.0245366428571465
-2.0238905510204077
-2.0238905510204077
-2.023244459183676
-2.0225983673469408
-2.1380520487528365
-2.2999456394557853
-2.2999456394557853
-2.3457394569160996
-2.3683133197278927
-2.3683133197278927
-2.3676672278911575
-2.367021136054422
-2.367021136054422
-2.459254862811793
-2.644368408163267
-2.6430762244898
-2.6430762244898
-2.6430762244898
-2.6430762244898
-2.6417840408163293
-2.6417840408163293
-2.6417840408163293
-2.6417840408163293
-2.640491857142859
-2.640491857142859
-2.640491857142859
-2.640491857142859
-2.6391996734693883
-2.637907489795918
-2.637907489795918
-2.637907489795918
-2.637907489795918
-2.636615306122451
-2.636615306122451
-2.636615306122451
-2.636615306122451
-2.9371825328798202
-2.9371825328798202
-2.9371825328798202
-2.9371825328798202
-2.9358903492063497
-2.9345981655328828
-2.9345981655328828
-2.9345981655328828
-2.9345981655328828
-2.9333059818594123
-2.9333059818594123
-2.9333059818594123
-2.9333059818594123
-2.9320137981859453
-2.9320137981859453
-2.9320137981859453
-2.9320137981859453
-2.930721614512475
-2.9294294308390043
-2.9294294308390043
-2.9294294308390043
-2.9294294308390043
-2.928137247165534
-2.928137247165534
-2.928137247165534
-2.928137247165534
-2.9268450634920633
-2.9268450634920633
-2.9268450634920633
-2.9268450634920633
-2.948772834467121
-1.5297712335600906
-1.5297712335600906
