OnSet desviation
0
-0.8823582766439909
-0.8359183673469386
-0.8359183673469386
-0.8126984126984129
-0.8126984126984129
-0.7894784580498864
-0.6733786848072567
-0.6965986394557824
-0.6965986394557833
-0.6037188208616779
-0.6037188208616779
-0.5572789115646266
-0.5572789115646266
-0.4643990929705222
-0.5108390022675735
-0.5572789115646266
-0.5804988662131532
-0.6037188208616779
-0.6037188208616797
-0.6269387755102045
-0.650158730158731
-0.6733786848072558
-0.6733786848072576
-0.6269387755102045
-0.6965986394557824
-0.7430385487528355
-0.7430385487528355
-0.7430385487528355
-0.7430385487528355
-0.7430385487528355
-0.7430385487528355
-0.7430385487528337
-0.7430385487528337
-0.7198185941043089
-0.7198185941043089
-0.6269387755102045
-0.6269387755102045
-0.6269387755102045
-0.6269387755102045
-0.6269387755102045
-0.6269387755102045
-0.6269387755102045
-0.6269387755102045
-0.6269387755102045
-0.6965986394557824
-0.7430385487528337
-0.7430385487528355
-0.7198185941043107
-0.7198185941043107
-0.7198185941043072
-0.7198185941043072
-0.7198185941043072
-0.7198185941043107
-0.7198185941043072
-0.7198185941043072
-0.7198185941043072
-0.7198185941043107
-0.7894784580498886
-0.8126984126984134
-0.8126984126984134
-0.8126984126984134
-0.8126984126984134
-0.8126984126984134
-0.8126984126984134
-0.8126984126984134
-0.8126984126984134
-0.8126984126984134
-0.8126984126984098
-0.6501587301587293
-0.6501587301587293
-0.6501587301587293
-0.6501587301587328
-0.6501587301587293
-0.6501587301587293
-0.6501587301587293
-0.6501587301587328
-0.6501587301587328
-0.6501587301587293
-0.6501587301587293
-0.5340589569161018
-0.37151927437641774
-0.37151927437641774
-0.32507936507936463
-0.32507936507936463
-0.32507936507936463
-0.32507936507936463
-0.3250793650793682
-0.3250793650793682
-0.23219954648525842
-0.1625396825396841
-0.4643990929705204
-0.4643990929705204
-0.4643990929705204
-0.4643990929705204
-0.46439909297052395
-0.46439909297052395
-0.46439909297052395
-0.46439909297052395
-0.6965986394557824
-0.6965986394557824
-0.6965986394557824
-0.6965986394557824
-0.6965986394557824
-0.6965986394557824
-0.6965986394557824
-0.6965986394557824
-0.6965986394557824
-0.6965986394557824
-0.6965986394557824
-0.6965986394557824
-0.6965986394557824
-0.41795918367347085
-0.41795918367347085
-0.41795918367347085
-0.41795918367347085
-0.41795918367347085
-0.4179591836734673
-0.4179591836734673
-0.4179591836734673
-0.4179591836734673
-0.41795918367347085
-0.41795918367347085
-0.41795918367347085
-0.41795918367347085
-0.4179591836734673
-0.4179591836734673
-0.4179591836734673
-0.4179591836734673
-0.41795918367347085
-0.41795918367347085
-0.41795918367347085
-0.41795918367347085
-0.41795918367347085
-0.4179591836734673
-0.4179591836734673
-0.4179591836734673
-0.4179591836734673
-0.41795918367347085
-0.41795918367347085
-0.41795918367347085
-0.41795918367347085
-0.3947392290249425
-1.253877551020409
-1.253877551020409
