OnSet desviation
0
0.40145091383219966
0.0830832335600904
0.2987745102040815
0.026846739229024585
0.1496581972789115
-0.05260970975056756
-0.06911797959183641
-0.0856262494331066
-0.05569460997732456
-0.09542283446711952
0.004168668934241282
-0.3374189659863944
-0.23782746258503273
-0.2543357324263038
-0.17796418367346867
-0.3337921814058955
-0.2491664977324266
-0.21098072335600904
-0.21923485827664457
-0.3435887664399093
-0.6072624024943298
-0.6155165374149654
-0.7398704455782301
-0.7713445351473922
-0.8403583072562348
-1.0254718526077102
-1.0254718526077102
-1.0712656700680263
-1.0706195782312928
-1.0706195782312928
-1.0699734863945576
-1.069327394557824
-1.069327394557824
-1.068681302721087
-1.1376950748299315
-1.1370489829931962
-1.1364028911564628
-1.1364028911564628
-1.1357567993197275
-1.1351107074829923
-1.1351107074829923
-1.1344646156462588
-1.1338185238095217
-1.1338185238095217
-1.2724921598639458
-1.3182859773242654
-1.4105197040816329
-1.6188532040816312
-1.6188532040816312
-1.7575268401360553
-1.75688074829932
-1.75688074829932
-1.7562346564625813
-1.7555885646258496
-1.7555885646258496
-1.7549424727891179
-1.8007362902494322
-1.8929700170067996
-1.985203743764174
-1.985203743764174
-1.9845576519274388
-1.9839115600907
-1.9839115600907
-1.9832654682539683
-1.982619376417233
-1.982619376417233
-1.9819732845804978
-1.9813271927437626
-1.9806811009070309
-1.9800350090702956
-1.9800350090702956
-1.9793889172335604
-1.9787428253968251
-1.9787428253968251
-1.9780967335600899
-1.9774506417233546
-1.9774506417233546
-1.976804549886623
-1.976158458049884
-1.9755123662131524
-1.9748662743764172
-1.9748662743764172
-1.974220182539682
-1.996794045351475
-1.996794045351475
-1.9961479535147362
-1.9955018616780045
-1.9955018616780045
-1.9948557698412692
-1.8781099047619065
-1.876817721088436
-1.876817721088436
-1.876817721088436
-1.876817721088436
-1.8755255374149655
-1.8755255374149655
-1.8755255374149655
-1.8755255374149655
-1.4098342607709746
-1.4098342607709746
-1.4098342607709746
-1.4098342607709746
-1.4085420770975041
-1.314370074829931
-1.314370074829931
-1.314370074829931
-1.314370074829931
-1.3130778911564605
-1.3130778911564605
-1.3130778911564605
-1.3130778911564605
-1.3117857074829935
-1.3117857074829935
-1.3117857074829935
-1.3117857074829935
-0.8228744761904743
-0.8215822925170073
-0.8215822925170073
-0.8215822925170073
-0.8215822925170073
-0.8202901088435368
-0.8202901088435368
-0.8202901088435368
-0.8202901088435368
-0.8189979251700699
-0.8189979251700699
-0.8189979251700699
-0.8189979251700699
-0.0514472380952391
-0.0501550544217686
-0.0501550544217686
-0.0501550544217686
-0.0501550544217686
-0.04886287074829809
-0.04886287074829809
-0.04886287074829809
-0.04886287074829809
0.6258079977324265
0.6258079977324265
0.6258079977324265
0.6258079977324265
0.6735400907029501
0.676124458049884
0.676124458049884
