OnSet desviation
0
0.37823095918367355
0.013423369614512293
0.3684343741496594
0.050066693877550694
0.14965819727891105
-0.029389755102041448
-0.02267807029478419
-0.039186340136054376
-0.17179438321995555
-0.2579625170068027
-0.2744707868480729
-0.5231786031746033
-0.5861267823129239
-0.602635052154195
-0.572703412698413
-0.7981912743764177
-0.5510259081632665
-0.5592800430839002
-0.5675341780045358
-0.7615479501133802
-1.0252215861678007
-1.0799156303854875
-1.2274894931972788
-1.2821835374149657
-1.2815374455782322
-1.4434310362811793
-1.4434310362811793
-1.5356647630385485
-1.535018671201815
-1.535018671201815
-1.5343725793650798
-1.5337264875283463
-1.5337264875283463
-1.5330803956916093
-1.5556542585034006
-1.5782281213151919
-1.5775820294784584
-1.5775820294784584
-1.5769359376417231
-1.5762898458049897
-1.5762898458049897
-1.5756437539682544
-1.6214375714285705
-1.6214375714285705
-1.8065511167800459
-1.8523449342403655
-1.9677986156462595
-2.176132115646258
-2.176132115646258
-2.38446561564626
-2.4999192970521538
-2.4999192970521538
-2.4992732052154185
-2.4986271133786833
-2.4986271133786833
-2.4979810215419516
-2.4973349297052163
-2.4966888378684793
-2.5192627006802724
-2.5192627006802724
-2.518616608843537
-2.5179705170067983
-2.5179705170067983
-2.5173244251700666
-2.5166783333333314
-2.5166783333333314
-2.516032241496596
-2.515386149659861
-2.514740057823129
-2.514093965986394
-2.514093965986394
-2.5134478741496586
-2.5128017823129234
-2.5128017823129234
-2.512155690476188
-2.511509598639453
-2.511509598639453
-2.510863506802721
-2.510217414965986
-2.5095713231292507
-2.5089252312925154
-2.5089252312925154
-2.50827913945578
-2.5308530022675733
-2.5308530022675733
-2.5302069104308345
-2.5295608185941028
-2.5295608185941028
-2.5289147267573675
-2.342508997732427
-2.3412168140589564
-2.3412168140589564
-2.3412168140589564
-2.3412168140589564
-2.339924630385486
-2.339924630385486
-2.339924630385486
-2.339924630385486
-2.0367730362811756
-2.0367730362811756
-2.0367730362811756
-2.0367730362811756
-2.0354808526077086
-1.7091093038548735
-1.7091093038548735
-1.7091093038548735
-1.7091093038548735
-1.522057482993194
-1.522057482993194
-1.522057482993194
-1.522057482993194
-1.5207652993197271
-1.5207652993197271
-1.5207652993197271
-1.5207652993197271
-1.5194731156462566
-1.4253011133786835
-1.4253011133786835
-1.4253011133786835
-1.4253011133786835
-1.424008929705213
-1.424008929705213
-1.424008929705213
-1.424008929705213
-1.422716746031746
-1.422716746031746
-1.422716746031746
-1.422716746031746
-0.794485786848071
-0.746753693877551
-0.746753693877551
-0.746753693877551
-0.746753693877551
-0.7454615102040769
-0.7454615102040769
-0.7454615102040769
-0.7454615102040769
-0.74416932653061
-0.74416932653061
-0.74416932653061
-0.74416932653061
0.0698212698412739
0.07240563718821136
0.07240563718821136
