OnSet desviation
0
-0.6037188208616779
-0.7894784580498866
-0.46439909297052173
-0.5804988662131523
-0.5108390022675744
-0.6269387755102045
-0.41795918367346907
-0.41795918367346907
-0.41795918367346996
-0.41795918367346996
-0.3482993197278912
-0.4643990929705213
-0.48761904761904695
-0.3482993197278912
-0.3250793650793664
-0.32507936507936463
-0.13931972789115754
-0.20897959183673365
-0.20897959183673542
-0.23219954648526198
-0.4643990929705222
-0.5108390022675735
-0.6037188208616779
-0.6733786848072558
-0.5804988662131532
-0.5572789115646266
-0.5572789115646266
-0.5340589569161001
-0.5340589569161001
-0.5340589569161001
-0.5340589569161001
-0.5340589569161001
-0.5340589569161001
-0.5340589569161001
-0.5340589569161001
-0.4411791383219956
-0.3482993197278912
-0.3482993197278912
-0.3482993197278912
-0.34829931972789296
-0.34829931972789296
-0.3482993197278912
-0.3947392290249443
-0.3947392290249443
-0.5340589569161001
-0.5108390022675735
-0.48761904761904695
-0.48761904761904695
-0.48761904761904695
-0.6269387755102045
-0.7430385487528337
-0.7430385487528337
-0.7430385487528355
-0.7430385487528337
-0.7430385487528337
-0.7430385487528337
-0.7430385487528337
-0.6269387755102045
-0.5108390022675735
-0.5108390022675735
-0.51083900226757
-0.5108390022675735
-0.5108390022675735
-0.5108390022675735
-0.51083900226757
-0.51083900226757
-0.51083900226757
-0.5108390022675735
-0.5108390022675735
-0.51083900226757
-0.51083900226757
-0.5108390022675735
-0.5108390022675735
-0.5108390022675735
-0.51083900226757
-0.51083900226757
-0.51083900226757
-0.5108390022675735
-0.4643990929705204
-0.3715192743764142
-0.20897959183673365
-0.20897959183673365
-0.046439909297053106
0.09287981859410621
0.09287981859410621
0.2786394557823151
0.4411791383219992
0.4411791383219992
0.46439909297052395
0.6501587301587293
0.7662585034013638
0.7662585034013638
0.7662585034013638
0.7662585034013638
0.7662585034013638
0.7662585034013638
0.7662585034013638
0.7662585034013638
1.0681179138322001
1.0681179138322001
1.0681179138322001
1.0681179138322001
1.0681179138322001
1.5557369614512488
1.5557369614512488
1.5557369614512488
1.5557369614512488
1.7414965986394577
1.7414965986394577
1.7414965986394577
1.7414965986394577
1.8343764172335604
1.8343764172335604
1.8343764172335604
1.8343764172335604
1.8343764172335604
2.1362358276644002
2.1362358276644002
2.1362358276644002
2.1362358276644002
2.2291156462585064
2.2291156462585064
2.2291156462585064
2.2291156462585064
2.229115646258503
2.229115646258503
2.229115646258503
2.229115646258503
2.856054421768711
3.0882539682539694
3.0882539682539694
3.0882539682539694
3.0882539682539694
3.1114739229024977
3.1114739229024977
3.1114739229024977
3.1114739229024977
3.111473922902494
3.111473922902494
3.111473922902494
3.111473922902494
3.947392290249436
3.947392290249436
3.947392290249436
