OnSet desviation
0
-0.5804988662131518
-0.7198185941043085
-0.5340589569160996
-0.6037188208616784
-0.510839002267574
-0.6501587301587306
-0.4643990929705213
-0.4643990929705213
-0.30185941043083897
-0.25541950113378675
-0.069659863945577
-0.2786394557823124
-0.13931972789115576
0.0
0.06965986394557788
0.13931972789115754
0.16253968253968232
0.13931972789115754
0.13931972789115576
0.18575963718820887
-0.04643990929705133
-0.04643990929705133
-0.11609977324262921
-0.16253968253968232
-0.13931972789115576
-0.13931972789115754
-0.13931972789115754
-0.06965986394557788
-0.06965986394557788
-0.06965986394557788
-0.06965986394557788
-0.06965986394557788
-0.06965986394557788
-0.06965986394557788
-0.11609977324263099
0.0
0.09287981859410444
0.09287981859410444
0.09287981859410444
0.09287981859410444
0.09287981859410444
0.09287981859410444
0.09287981859410444
0.09287981859410444
0.0
0.023219954648526553
0.06965986394557966
0.06965986394557966
0.06965986394557966
0.0
0.0
0.0
1.7763568394002505e-15
0.0
0.0
0.0
-0.04643990929704955
-0.023219954648524777
0.023219954648524777
0.023219954648524777
0.02321995464852833
0.023219954648524777
0.023219954648524777
0.023219954648524777
0.02321995464852833
0.02321995464852833
0.02321995464852833
0.023219954648524777
0.023219954648524777
0.02321995464852833
0.02321995464852833
0.023219954648524777
0.023219954648524777
0.023219954648524777
0.02321995464852833
0.02321995464852833
0.02321995464852833
0.023219954648524777
0.06965986394558144
0.1625396825396841
0.32507936507936463
0.32507936507936463
0.4876190476190452
0.6269387755102045
0.6269387755102045
0.8126984126984134
0.9752380952380975
0.9752380952380975
0.9984580498866222
1.1145578231292497
1.2306575963718842
1.2306575963718842
1.2306575963718842
1.2306575963718842
1.2306575963718842
1.2306575963718842
1.2306575963718842
1.2306575963718842
1.695056689342401
1.695056689342401
1.695056689342401
1.695056689342401
1.6950566893424046
1.9504761904761914
1.9504761904761914
1.9504761904761914
1.9504761904761914
1.9504761904761914
1.9504761904761914
1.9504761904761914
1.9504761904761914
2.043356009070294
2.043356009070294
2.043356009070294
2.043356009070294
2.5309750566893428
2.7399546485260764
2.7399546485260764
2.7399546485260764
2.7399546485260764
2.8328344671201826
2.8328344671201826
2.8328344671201826
2.8328344671201826
2.832834467120179
2.832834467120179
2.832834467120179
2.832834467120179
3.599092970521543
3.7848526077097517
3.7848526077097517
3.7848526077097517
3.7848526077097517
3.8080725623582765
3.8080725623582765
3.8080725623582765
3.8080725623582765
4.481451247165531
4.481451247165531
4.481451247165531
4.481451247165531
4.551111111111112
4.551111111111108
4.551111111111108
