OnSet desviation
0
-0.7894784580498866
-0.8359183673469388
-0.6965986394557828
-0.7430385487528346
-0.7662585034013611
-0.7430385487528346
-0.719818594104308
-0.719818594104308
-0.8823582766439912
-0.9287981859410435
-1.0448979591836745
-0.9520181405895691
-1.1145578231292514
-1.1145578231292514
-1.1609977324263046
-1.2306575963718824
-1.0681179138322001
-1.1145578231292514
-1.1145578231292514
-1.184217687074831
-1.184217687074831
-1.2306575963718824
-1.253877551020409
-1.2770975056689338
-1.2074376417233577
-1.1842176870748293
-1.1842176870748293
-1.2306575963718824
-1.2306575963718824
-1.2306575963718824
-1.2306575963718824
-1.2306575963718824
-1.2306575963718824
-1.2306575963718824
-1.1842176870748293
-1.2074376417233559
-1.2074376417233559
-1.2074376417233559
-1.2074376417233559
-1.2074376417233577
-1.2074376417233577
-1.2074376417233559
-1.253877551020409
-1.253877551020409
-1.3003174603174603
-1.3003174603174603
-1.3235374149659869
-1.3235374149659869
-1.3235374149659869
-1.3931972789115648
-1.509297052154194
-1.509297052154194
-1.5092970521541975
-1.509297052154194
-1.509297052154194
-1.509297052154194
-1.4628571428571444
-1.36997732426304
-1.3003174603174585
-1.3003174603174585
-1.3003174603174585
-1.3003174603174585
-1.3003174603174585
-1.3003174603174585
-1.3003174603174585
-1.3003174603174585
-1.3003174603174585
-1.3003174603174585
-1.3003174603174585
-1.3003174603174585
-1.3003174603174585
-1.3003174603174585
-1.3003174603174585
-1.3003174603174585
-1.3003174603174585
-1.3003174603174585
-1.3003174603174585
-1.3003174603174585
-1.300317460317462
-1.3003174603174585
-1.3003174603174585
-1.3003174603174585
-1.3003174603174585
-1.3003174603174585
-1.3003174603174585
-1.3003174603174585
-1.3003174603174585
-1.3003174603174585
-1.3003174603174585
-1.2306575963718807
-1.2306575963718807
-1.2306575963718807
-1.2306575963718807
-1.2306575963718807
-1.2306575963718807
-1.2306575963718807
-1.2306575963718807
-1.2306575963718807
-1.3931972789115612
-1.3931972789115612
-1.3931972789115612
-1.3931972789115612
-1.3931972789115648
-1.1609977324263028
-1.1609977324263028
-1.1609977324263028
-1.1609977324263028
-0.9752380952380939
-0.9752380952380939
-0.9752380952380939
-0.9752380952380939
-0.9752380952380939
-0.9752380952380939
-0.9752380952380939
-0.9752380952380939
-1.4628571428571426
-1.3699773242630364
-1.3699773242630364
-1.3699773242630364
-1.3699773242630364
-1.3699773242630364
-1.3699773242630364
-1.3699773242630364
-1.3699773242630364
-1.3699773242630364
-1.3699773242630364
-1.3699773242630364
-1.3699773242630364
-1.5092970521541922
-1.4628571428571426
-1.4628571428571426
-1.4628571428571426
-1.4628571428571426
-1.462857142857139
-1.462857142857139
-1.462857142857139
-1.462857142857139
-2.1362358276643967
-2.1362358276643967
-2.1362358276643967
-2.1362358276643967
-1.3699773242630364
-1.3699773242630329
-1.3699773242630329
