OnSet desviation
0
-0.7662585034013606
-0.5340589569161001
-0.6733786848072563
-0.626938775510204
-0.4411791383219956
-0.3715192743764173
-0.37151927437641774
-0.37151927437641685
-0.3947392290249425
-0.3482993197278912
-0.37151927437641685
-0.27863945578231153
-0.2321995464852602
-0.2321995464852602
-0.2321995464852602
-0.18575963718820887
-0.18575963718820887
-0.18575963718820887
-0.1857596371882071
-0.11609977324263099
-0.25541950113378675
-0.255419501133785
-0.4411791383219956
-0.5572789115646266
-0.7198185941043072
-0.7198185941043089
-0.7198185941043089
-0.7198185941043072
-0.7198185941043072
-0.7198185941043072
-0.7198185941043089
-0.8359183673469381
-0.8359183673469381
-1.1609977324263046
-1.5092970521541957
-1.6021768707482984
-1.6021768707483002
-1.6021768707483002
-1.6021768707482984
-1.6021768707482984
-1.6021768707482984
-1.6021768707483002
-1.6021768707482984
-1.6021768707482984
-1.671836734693878
-1.7647165532879807
-1.88081632653061
-1.9969160997732427
-1.9969160997732427
-1.9969160997732427
-1.996916099773241
-1.996916099773241
-1.9969160997732445
-2.229115646258503
-2.229115646258503
-2.5309750566893428
-2.5309750566893428
-2.5309750566893428
-2.6006349206349206
-2.6006349206349206
-2.6006349206349206
-2.6006349206349206
-2.6006349206349206
-2.6006349206349206
-2.64707482993197
-2.64707482993197
-2.879274376417232
-2.8792743764172357
-2.94893424036281
-2.94893424036281
-2.94893424036281
-2.9489342403628136
-2.9489342403628136
-2.9489342403628136
-2.94893424036281
-3.065034013605441
-3.065034013605441
-3.413333333333334
-3.5062131519274367
-3.5758730158730145
-3.575873015873018
-3.575873015873018
-3.5758730158730145
-3.5758730158730145
-3.5758730158730145
-3.5758730158730145
-3.6223129251700676
-3.6223129251700676
-3.6223129251700676
-3.8080725623582765
-3.947392290249436
-3.947392290249436
-3.947392290249436
-3.947392290249436
-3.9473922902494323
-3.9473922902494323
-3.9473922902494323
-3.9473922902494323
-4.01705215419501
-4.01705215419501
-4.01705215419501
-4.01705215419501
-4.01705215419501
-4.063492063492063
-4.063492063492063
-4.063492063492063
-4.063492063492063
-4.063492063492063
-4.063492063492063
-4.063492063492063
-4.063492063492063
-4.063492063492063
-4.063492063492063
-4.063492063492063
-4.063492063492063
-4.179591836734694
-4.179591836734694
-4.179591836734694
-4.179591836734694
-4.179591836734694
-4.179591836734694
-4.179591836734694
-4.179591836734694
-4.179591836734694
-4.179591836734694
-4.179591836734694
-4.179591836734694
-4.179591836734694
-4.435011337868481
-4.458231292517006
-4.458231292517006
-4.458231292517006
-4.458231292517006
-4.458231292517009
-4.458231292517009
-4.458231292517009
-4.458231292517009
-4.620770975056693
-4.620770975056693
-4.620770975056693
-4.620770975056693
-4.62077097505669
-4.620770975056686
-4.620770975056686
