OnSet desviation
0
0.2156912766439909
0.0830832335600904
0.11301487301587265
-0.08925303401360551
0.10321828798185928
-0.12226957369614544
-0.16199779818594084
-0.34104575056689335
-0.4272138843537414
-0.46694210884353726
-0.5066703333333331
-0.7553781496598635
-0.8415462834467107
-0.9277144172335596
-1.0371025056689334
-1.1232706394557823
-1.1315247743764179
-1.1165589546485268
-1.1248130895691606
-1.2491669977324271
-1.5128406337868476
-1.5210947687074814
-1.7151085408163258
-1.8162424943310658
-1.9781360850340128
-1.9774899931972794
-1.9774899931972794
-1.976843901360544
-1.9761978095238089
-1.9761978095238089
-1.9755517176870754
-1.9749056258503401
-1.9749056258503401
-1.9742595340136049
-1.9968333968253962
-2.0890671235827654
-2.088421031746032
-2.088421031746032
-2.0877749399092966
-2.0871288480725614
-2.0871288480725614
-2.086482756235828
-2.085836664399091
-2.085836664399091
-2.154850436507937
-2.247084163265308
-2.362537844671202
-2.477991526077096
-2.477991526077096
-2.4773454342403642
-2.476699342403627
-2.476699342403627
-2.476053250566892
-2.4754071587301567
-2.4754071587301567
-2.474761066893425
-2.4741149750566898
-2.4734688832199545
-2.542482655328797
-2.542482655328797
-2.5418365634920654
-2.5411904716553266
-2.5411904716553266
-2.540544379818595
-2.5398982879818597
-2.5398982879818597
-2.5392521961451244
-2.538606104308389
-2.607619876417232
-2.6069737845805
-2.6069737845805
-2.606327692743765
-2.6056816009070296
-2.6056816009070296
-2.6050355090702944
-2.604389417233559
-2.604389417233559
-2.626963280045352
-2.7191970068027196
-2.8578706428571437
-2.9733243242630394
-2.9733243242630394
-2.9726782324263006
-2.9952520952380937
-2.9952520952380937
-2.9946060034013584
-2.9939599115646267
-2.9939599115646267
-2.9933138197278915
-2.9694477732426314
-2.6662961791383246
-2.6662961791383246
-2.6662961791383246
-2.6662961791383246
-2.665003995464854
-2.665003995464854
-2.665003995464854
-2.665003995464854
-2.5708319931972774
-2.5708319931972774
-2.5708319931972774
-2.5708319931972774
-2.569539809523807
-2.56824762585034
-2.56824762585034
-2.56824762585034
-2.56824762585034
-2.5669554421768694
-2.5669554421768694
-2.5669554421768694
-2.5669554421768694
-2.5656632585034025
-2.5656632585034025
-2.5656632585034025
-2.5656632585034025
-2.33217152834467
-2.330879344671203
-2.330879344671203
-2.330879344671203
-2.330879344671203
-2.3295871609977326
-2.3295871609977326
-2.3295871609977326
-2.3295871609977326
-2.3282949773242656
-2.3282949773242656
-2.3282949773242656
-2.3282949773242656
-2.1876830657596393
-2.186390882086169
-2.186390882086169
-2.186390882086169
-2.186390882086169
-2.1850986984126983
-2.1850986984126983
-2.1850986984126983
-2.1850986984126983
-2.044486786848072
-2.044486786848072
-2.044486786848072
-2.044486786848072
-1.9038748752834458
-1.9012905079365083
-1.9012905079365083
