OnSet desviation
0
0.1924713219954649
-0.17233626757369613
-0.0030849002267576697
-0.2517927165532883
-0.24508103174603146
-0.540228757369615
-0.5799569818594099
-0.7590049342403633
-0.8219531133786857
-0.9081212471655329
-0.9246295170068031
-1.2662171519274388
-1.3988251950113373
-1.4849933287981862
-1.59438141723356
-1.7269894603174603
-1.7352435952380958
-1.7202777755102048
-1.7285319104308403
-1.922545682539683
-2.0468995907029477
-2.0551537256235832
-2.063407860544217
-2.048442040816326
-2.0477959489795925
-2.0471498571428572
-2.0471498571428572
-2.0465037653061238
-2.0458576734693885
-2.0458576734693885
-2.0452115816326533
-1.9284657165532888
-1.9284657165532888
-1.6027402596371871
-1.2770148027210872
-1.2763687108843538
-1.2757226190476185
-1.2757226190476185
-1.275076527210885
-1.2744304353741498
-1.2744304353741498
-1.2737843435374145
-1.2731382517006793
-1.2731382517006793
-1.2724921598639458
-1.2718460680272141
-1.2711999761904789
-1.27055388435374
-1.27055388435374
-1.2699077925170066
-1.2692617006802713
-1.2692617006802713
-1.2686156088435325
-1.0357699705215389
-1.0357699705215389
-0.7332644682539673
-0.732618376417232
-0.7319722845804968
-0.7313261927437615
-0.7313261927437615
-0.7306801009070298
-0.730034009070291
-0.730034009070291
-0.7293879172335593
-0.6823019160997745
-0.6823019160997745
-0.4494562777777773
-0.4488101859410385
-0.4481640941043068
-0.4475180022675751
-0.4475180022675751
-0.4468719104308363
-0.44622581859410104
-0.44622581859410104
-0.44557972675736934
-0.3288338616780031
-0.3288338616780031
-0.0031084047619032162
-0.0024623129251679643
-0.07147608503401415
-0.18692976643990633
-0.18692976643990633
-0.18628367460317108
-0.20885753741496416
-0.20885753741496416
-0.2082114455782289
-0.1611254444444441
-0.1611254444444441
-0.16047935260770885
0.04914633106576005
0.4916176530612262
0.4916176530612262
0.4916176530612262
0.4916176530612262
0.49290983673469313
0.49290983673469313
0.49290983673469313
0.49290983673469313
0.6567417029478477
0.6567417029478477
0.6567417029478477
0.6567417029478477
0.6580338866213182
0.7057659795918383
0.7057659795918383
0.7057659795918383
0.7057659795918383
0.7070581632653088
0.7070581632653088
0.7070581632653088
0.7070581632653088
0.7083503469387757
0.7083503469387757
0.7083503469387757
0.7083503469387757
1.0579418503401392
1.0592340340136062
1.0592340340136062
1.0592340340136062
1.0592340340136062
1.0605262176870767
1.0605262176870767
1.0605262176870767
1.0605262176870767
1.0618184013605436
1.0618184013605436
1.0618184013605436
1.0618184013605436
1.4578498140589566
1.482361952380952
1.482361952380952
1.482361952380952
1.482361952380952
1.483654136054426
1.483654136054426
1.483654136054426
1.483654136054426
1.7868057301587363
1.7868057301587363
1.7868057301587363
1.7868057301587363
1.927417641723359
1.930002009070293
1.930002009070293
