OnSet desviation
0
-0.7662585034013605
-0.8126984126984127
-0.7198185941043085
-0.6733786848072567
-0.6269387755102036
-0.5572789115646257
-0.48761904761904695
-0.4643990929705213
-0.3482993197278912
-0.37151927437641685
-0.32507936507936463
-0.2786394557823142
-0.18575963718820887
-0.11609977324263099
-0.023219954648526553
-0.06965986394557788
-0.06965986394557788
-0.06965986394557788
-0.18575963718821065
-0.3947392290249443
-0.4411791383219956
-0.5108390022675753
-0.48761904761904873
-0.4643990929705222
-0.37151927437641774
-0.4643990929705222
-0.4643990929705222
-0.4643990929705222
-0.4643990929705222
-0.4643990929705222
-0.4643990929705222
-0.4643990929705222
-0.4643990929705222
-0.4643990929705222
-0.4643990929705222
-0.37151927437641774
-0.37151927437641774
-0.37151927437641774
-0.37151927437641774
-0.37151927437641774
-0.37151927437641774
-0.37151927437641774
-0.37151927437641774
-0.37151927437641774
-0.4643990929705222
-0.41795918367347085
-0.3947392290249443
-0.37151927437641774
-0.37151927437641774
-0.37151927437641596
-0.37151927437641774
-0.37151927437641774
-0.37151927437641774
-0.3715192743764213
-0.3715192743764213
-0.37151927437641774
-0.37151927437641774
-0.4643990929705204
-0.48761904761904873
-0.48761904761904873
-0.48761904761904873
-0.48761904761904873
-0.48761904761904873
-0.4876190476190452
-0.48761904761904873
-0.48761904761904873
-0.48761904761904873
-0.48761904761904873
-0.5108390022675771
-0.5340589569161018
-0.5340589569161018
-0.5340589569160983
-0.5340589569160983
-0.5340589569160983
-0.5340589569161018
-0.5340589569161018
-0.5340589569161018
-0.5108390022675735
-0.4411791383219956
-0.4411791383219956
-0.37151927437641774
-0.37151927437641774
-0.37151927437641774
-0.37151927437641774
-0.37151927437641774
-0.37151927437641774
-0.37151927437641774
-0.37151927437641774
-0.37151927437641774
-0.20897959183673365
-0.09287981859410266
-0.09287981859410266
-0.09287981859410266
-0.09287981859410266
-0.09287981859410621
-0.09287981859410621
-0.09287981859410621
-0.09287981859410621
-0.18575963718820887
-0.18575963718820887
-0.18575963718820887
-0.18575963718820887
-0.18575963718820887
-0.06965986394557788
-0.06965986394557788
-0.06965986394557788
-0.06965986394557788
0.023219954648524777
0.023219954648524777
0.023219954648524777
0.023219954648524777
0.02321995464852833
0.02321995464852833
0.02321995464852833
0.02321995464852833
-0.2089795918367372
-0.20897959183673365
-0.20897959183673365
-0.20897959183673365
-0.20897959183673365
-0.2089795918367372
-0.2089795918367372
-0.2089795918367372
-0.2089795918367372
-0.20897959183673365
-0.20897959183673365
-0.20897959183673365
-0.20897959183673365
-0.16253968253968054
-0.1625396825396841
-0.1625396825396841
-0.1625396825396841
-0.1625396825396841
-0.16253968253968054
-0.16253968253968054
-0.16253968253968054
-0.16253968253968054
0.023219954648524777
0.023219954648524777
0.023219954648524777
0.023219954648524777
-0.13931972789115576
-0.13931972789115576
-0.13931972789115576
