OnSet desviation
0
-0.7662585034013605
-0.580498866213152
-0.626938775510204
-0.5340589569161001
-0.3018594104308385
-0.16253968253968232
-0.09287981859410444
-0.06965986394557788
0.023219954648526553
0.04643990929705222
0.06965986394557877
0.20897959183673454
0.3482993197278912
0.41795918367346907
0.5108390022675735
0.5108390022675735
0.5108390022675735
0.5108390022675735
0.3947392290249425
0.255419501133785
0.06965986394557788
0.0
-0.1625396825396841
-0.25541950113378853
-0.32507936507936463
-0.41795918367347085
-0.41795918367347085
-0.41795918367346907
-0.41795918367346907
-0.41795918367346907
-0.41795918367347085
-0.5340589569161001
-0.5340589569161001
-0.8591383219954665
-1.2074376417233577
-1.2074376417233559
-1.2074376417233577
-1.2074376417233577
-1.2074376417233559
-1.2074376417233559
-1.2074376417233559
-1.2074376417233577
-1.2074376417233559
-1.2074376417233559
-1.36997732426304
-1.4164172335600913
-1.509297052154194
-1.6021768707483002
-1.6021768707483002
-1.6021768707482984
-1.6021768707482984
-1.6021768707482984
-1.602176870748302
-1.834376417233564
-1.834376417233564
-2.1362358276644002
-2.1362358276644002
-2.229115646258503
-2.321995464852609
-2.321995464852609
-2.321995464852609
-2.321995464852609
-2.321995464852609
-2.3219954648526056
-2.3684353741496587
-2.3684353741496587
-2.6006349206349206
-2.600634920634924
-2.693514739229027
-2.7167346938775516
-2.7167346938775516
-2.7167346938775516
-2.7167346938775516
-2.7167346938775516
-2.7167346938775516
-2.8328344671201826
-2.8328344671201826
-3.1579138321995472
-3.181133786848072
-3.25079365079365
-3.1811337868480756
-3.1811337868480756
-3.181133786848072
-3.181133786848072
-3.181133786848072
-3.181133786848072
-3.227573696145125
-3.227573696145125
-3.227573696145125
-3.25079365079365
-3.2740136054421782
-3.2740136054421782
-3.2740136054421782
-3.2740136054421782
-3.2740136054421782
-3.2740136054421782
-3.2740136054421782
-3.2740136054421782
-3.4365532879818588
-3.4365532879818588
-3.4365532879818588
-3.4365532879818588
-3.4365532879818588
-3.366893424036281
-3.366893424036281
-3.366893424036281
-3.366893424036281
-3.2740136054421782
-3.2740136054421782
-3.2740136054421782
-3.2740136054421782
-3.2740136054421747
-3.2740136054421747
-3.2740136054421747
-3.2740136054421747
-3.622312925170071
-3.6223129251700676
-3.6223129251700676
-3.6223129251700676
-3.6223129251700676
-3.622312925170071
-3.622312925170071
-3.622312925170071
-3.622312925170071
-3.6223129251700676
-3.6223129251700676
-3.6223129251700676
-3.6223129251700676
-3.8312925170068013
-3.8545124716553296
-3.8545124716553296
-3.8545124716553296
-3.8545124716553296
-3.8545124716553296
-3.8545124716553296
-3.8545124716553296
-3.8545124716553296
-3.8312925170068084
-3.8312925170068084
-3.8312925170068084
-3.8312925170068084
-3.9938321995464854
-3.993832199546482
-3.993832199546482
