OnSet desviation
0
-0.8126984126984127
-0.6965986394557822
-0.9520181405895696
-0.8126984126984125
-0.6733786848072567
-0.5804988662131523
-0.7430385487528346
-0.7198185941043089
-0.6269387755102036
-0.5340589569161001
-0.5572789115646266
-0.5572789115646248
-0.5804988662131514
-0.5108390022675735
-0.4643990929705204
-0.37151927437641596
-0.4643990929705204
-0.37151927437641774
-0.37151927437641596
-0.37151927437641596
-0.6037188208616779
-0.6501587301587293
-0.6501587301587293
-0.6501587301587293
-0.6501587301587293
-0.6501587301587293
-0.6501587301587293
-0.6501587301587293
-0.6501587301587293
-0.6501587301587293
-0.6501587301587293
-0.9984580498866222
-0.9984580498866222
-1.1609977324263063
-1.1609977324263063
-1.1609977324263028
-1.1609977324263028
-1.1609977324263028
-1.1609977324263028
-1.2074376417233559
-1.2074376417233559
-1.2306575963718807
-1.2306575963718842
-1.2306575963718842
-1.4396371882086143
-1.4396371882086179
-1.4396371882086179
-1.4396371882086143
-1.4396371882086143
-1.4396371882086143
-1.4396371882086179
-1.4396371882086179
-1.4396371882086179
-1.695056689342401
-1.695056689342401
-1.9504761904761878
-1.9504761904761914
-1.9504761904761914
-1.9504761904761878
-1.9504761904761878
-1.9504761904761914
-1.9504761904761914
-1.9504761904761914
-1.9504761904761878
-1.7182766439909258
-1.7182766439909258
-1.9736961451247161
-1.9736961451247161
-1.9736961451247161
-1.9736961451247161
-1.9736961451247161
-1.9736961451247161
-1.9736961451247161
-1.9736961451247161
-1.9736961451247161
-2.1826757369614533
-2.1826757369614533
-2.4148752834467118
-2.4148752834467118
-2.391655328798187
-2.229115646258503
-2.229115646258503
-2.066575963718819
-1.9040362811791347
-1.9040362811791347
-1.7414965986394542
-1.5789569160997736
-1.5789569160997736
-1.5557369614512453
-1.5557369614512453
0.7430385487528319
0.7430385487528319
0.7430385487528319
0.7430385487528319
0.7430385487528319
0.7430385487528319
0.7430385487528319
0.7430385487528319
0.7430385487528284
0.7430385487528284
0.7430385487528284
0.7430385487528284
0.7430385487528355
0.9752380952380904
0.9752380952380904
0.9752380952380904
0.9752380952380904
1.1609977324263028
1.1609977324263028
1.1609977324263028
1.1609977324263028
1.1609977324263028
1.1609977324263028
1.1609977324263028
1.1609977324263028
1.253877551020409
1.2538775510204019
1.2538775510204019
1.2538775510204019
1.2538775510204019
1.253877551020409
1.253877551020409
1.253877551020409
1.253877551020409
1.253877551020409
1.253877551020409
1.253877551020409
1.253877551020409
2.020136054421762
2.020136054421762
2.020136054421762
2.020136054421762
2.020136054421762
1.36997732426304
1.36997732426304
1.36997732426304
1.36997732426304
1.3699773242630329
1.3699773242630329
1.3699773242630329
1.3699773242630329
2.3219954648526056
2.3219954648526056
2.3219954648526056
