OnSet desviation
0
0.42467086848072555
0.4313825532879818
0.7863935578231294
0.6537855147392286
0.9623566099773244
0.9690682947845799
1.115099707482993
1.2843510748299316
1.3375026689342393
1.4835340816326532
1.6295654943310662
1.6130572244897952
1.7358686825396834
1.8586801405895699
1.9582716439909298
1.802443646258503
1.9799491485260763
2.2038945600907027
2.195640425170067
2.1873862902494317
2.225572064625851
2.2173179297052155
2.20906379478458
2.2240296145124727
2.224675706349206
2.2253217981859397
2.2253217981859397
2.2259678900226785
2.226613981859412
2.226613981859412
2.2272600736961454
3.0173846235827675
3.0173846235827675
3.7378493095238134
3.715275446712022
3.7159215385487556
3.716567630385489
3.716567630385489
3.7172137222222226
3.950059360544218
3.950059360544218
4.368664636054422
4.369310727891161
4.369310727891161
4.648596275510204
4.64924236734694
4.649888459183675
4.65053455102041
4.65053455102041
4.651180642857142
4.651826734693881
4.651826734693881
4.652472826530616
5.233617784580499
5.233617784580499
5.977302425170066
5.977948517006805
5.97859460884354
5.979240700680272
5.979240700680272
5.979886792517007
5.980532884353746
5.980532884353746
5.981178976190478
6.423004206349205
6.423004206349205
6.725509708616784
6.726155800453519
6.726801892290251
6.727447984126982
6.727447984126982
6.728094075963721
6.728740167800456
6.728740167800456
6.729386259637188
7.496290854875287
7.496290854875287
7.961336039682539
7.961982131519278
7.846528450113379
7.661414904761905
7.661414904761905
7.49952131405896
7.314407768707483
7.314407768707483
7.152514178004537
6.9906205873015885
6.9906205873015885
6.968046724489799
6.968692816326531
6.969985000000001
6.969985000000001
6.969985000000001
6.969985000000001
6.971277183673468
6.971277183673468
6.971277183673468
6.971277183673468
6.972569367346942
6.972569367346942
6.972569367346942
6.972569367346942
6.973861551020409
6.975153734693883
6.975153734693883
6.975153734693883
6.975153734693883
6.97644591836735
6.97644591836735
6.97644591836735
6.97644591836735
6.977738102040817
6.977738102040817
6.977738102040817
6.977738102040817
6.979030285714284
6.980322469387758
6.980322469387758
6.980322469387758
6.980322469387758
6.981614653061225
6.981614653061225
6.981614653061225
6.981614653061225
6.982906836734692
6.982906836734692
6.982906836734692
6.982906836734692
6.984199020408166
6.985491204081633
6.985491204081633
6.985491204081633
6.985491204081633
7.636942117913833
7.636942117913833
7.636942117913833
7.636942117913833
7.638234301587307
7.638234301587307
7.638234301587307
7.638234301587307
7.616306530612249
7.618890897959183
7.618890897959183
