OnSet desviation
0
-0.7894784580498864
-0.9055782312925169
-0.6037188208616775
-0.6965986394557824
-0.8126984126984125
-0.8823582766439904
-0.7662585034013603
-0.8823582766439904
-0.8126984126984134
-0.9287981859410426
-0.9520181405895691
-0.9055782312925178
-0.9055782312925178
-0.8359183673469381
-0.9520181405895691
-0.9984580498866222
-0.9287981859410426
-1.0681179138321983
-1.0681179138322001
-1.1842176870748293
-0.9984580498866205
-1.021678004535147
-1.0216780045351452
-1.0216780045351488
-1.0216780045351488
-1.0216780045351452
-1.0216780045351452
-1.0216780045351506
-1.0216780045351506
-1.0216780045351506
-1.021678004535147
-0.9520181405895691
-0.9520181405895691
-0.8591383219954665
-0.8591383219954665
-0.8591383219954665
-0.8591383219954665
-0.8591383219954665
-0.8591383219954665
-0.8591383219954665
-0.8591383219954665
-0.9287981859410444
-0.9287981859410444
-0.9287981859410444
-0.9984580498866258
-0.9984580498866222
-0.9984580498866222
-0.9984580498866258
-0.9984580498866258
-0.9984580498866222
-0.9984580498866222
-0.9984580498866222
-0.9984580498866222
-0.9055782312925196
-0.9055782312925196
-0.7662585034013638
-0.7662585034013603
-0.7662585034013603
-0.7662585034013638
-0.7662585034013638
-0.7662585034013603
-0.7662585034013603
-0.7662585034013603
-0.7662585034013638
-0.9520181405895727
-0.9520181405895727
-0.9984580498866258
-0.9984580498866222
-0.9984580498866222
-0.9984580498866222
-0.9984580498866222
-0.9984580498866222
-0.9984580498866222
-0.9984580498866222
-0.9984580498866222
-1.0681179138322001
-1.0681179138322001
-0.9752380952380939
-0.9752380952380975
-0.9287981859410444
-0.905578231292516
-0.905578231292516
-0.9055782312925196
-0.9055782312925196
-0.9055782312925196
-0.9055782312925196
-0.905578231292516
-0.905578231292516
-0.9055782312925196
-0.9055782312925196
-1.1609977324263099
-1.1609977324263099
-1.1609977324263099
-1.1609977324263099
-1.1609977324263028
-1.1609977324263028
-1.1609977324263028
-1.1609977324263028
-1.1609977324263028
-1.1609977324263028
-1.1609977324263028
-1.1609977324263028
-1.1609977324263099
-1.3931972789115648
-1.3931972789115648
-1.3931972789115648
-1.3931972789115648
-1.5789569160997772
-1.5789569160997772
-1.5789569160997772
-1.5789569160997772
-1.5789569160997772
-1.5789569160997772
-1.5789569160997772
-1.5789569160997772
-0.7894784580498921
-0.789478458049885
-0.789478458049885
-0.789478458049885
-0.789478458049885
-0.7894784580498921
-0.7894784580498921
-0.7894784580498921
-0.7894784580498921
-0.7894784580498921
-0.7894784580498921
-0.7894784580498921
-0.7894784580498921
-0.6269387755102045
-0.6269387755102045
-0.6269387755102045
-0.6269387755102045
-0.6269387755102045
-0.6269387755102045
-0.6269387755102045
-0.6269387755102045
-0.6269387755102045
-0.6269387755102045
-0.6269387755102045
-0.6269387755102045
-0.6269387755102045
-0.9287981859410479
-0.9287981859410408
-0.9287981859410408
