OnSet desviation
0
-0.7662585034013603
-0.7662585034013603
-0.719818594104308
-0.6733786848072558
-0.6501587301587302
-0.6269387755102036
-0.6733786848072558
-0.7662585034013603
-0.6037188208616779
-0.6269387755102045
-0.6733786848072576
-0.6269387755102045
-0.650158730158731
-0.5108390022675735
-0.5804988662131514
-0.5340589569161001
-0.5572789115646248
-0.6037188208616779
-0.6037188208616779
-0.7198185941043072
-0.7662585034013603
-0.8359183673469381
-0.8359183673469364
-0.8359183673469399
-0.8359183673469399
-0.8359183673469364
-0.8359183673469364
-0.8359183673469417
-0.8359183673469417
-0.8359183673469417
-0.8359183673469381
-1.1145578231292532
-1.1145578231292532
-1.1842176870748347
-1.1842176870748347
-1.184217687074831
-1.184217687074831
-1.184217687074831
-1.184217687074831
-1.2306575963718842
-1.2306575963718842
-1.3235374149659869
-1.3235374149659904
-1.3235374149659904
-1.602176870748302
-1.602176870748302
-1.602176870748302
-1.602176870748302
-1.602176870748302
-1.6021768707482984
-1.602176870748302
-1.602176870748302
-1.602176870748302
-1.7647165532879825
-1.7647165532879825
-1.8808163265306135
-1.8808163265306135
-1.8808163265306135
-1.8808163265306135
-1.8808163265306135
-1.8808163265306135
-1.8808163265306135
-1.8808163265306135
-1.8808163265306135
-1.8343764172335604
-1.8343764172335604
-2.136235827664404
-2.1362358276644002
-2.1362358276644002
-2.1362358276644002
-2.1362358276644002
-2.1362358276644002
-2.1362358276644002
-2.1362358276644002
-2.1362358276644002
-2.4148752834467153
-2.4148752834467153
-2.5541950113378675
-2.554195011337871
-2.484535147392293
-2.2987755102040808
-2.2987755102040808
-2.1362358276644002
-1.9736961451247161
-1.9736961451247161
-1.8111564625850356
-1.6486167800453515
-1.6486167800453515
-1.6253968253968267
-1.6253968253968267
0.41795918367346374
0.41795918367346374
0.41795918367346374
0.41795918367346374
0.41795918367347085
0.41795918367347085
0.41795918367347085
0.41795918367347085
0.4179591836734673
0.4179591836734673
0.4179591836734673
0.4179591836734673
0.4179591836734673
0.4179591836734673
0.4179591836734673
0.4179591836734673
0.4179591836734673
0.4179591836734673
0.4179591836734673
0.4179591836734673
0.4179591836734673
0.4179591836734673
0.4179591836734673
0.4179591836734673
0.4179591836734673
1.3003174603174585
1.3003174603174585
1.3003174603174585
1.3003174603174585
1.3003174603174585
1.3003174603174585
1.3003174603174585
1.3003174603174585
1.3003174603174585
1.3003174603174585
1.3003174603174585
1.3003174603174585
1.3003174603174585
2.2291156462584993
2.2291156462584993
2.2291156462584993
2.2291156462584993
2.2291156462584993
1.5789569160997772
1.5789569160997772
1.5789569160997772
1.5789569160997772
1.57895691609977
1.57895691609977
1.57895691609977
1.57895691609977
2.2291156462584993
2.2291156462585064
2.2291156462585064
