OnSet desviation
0
-0.8823582766439909
-0.8359183673469386
-0.9984580498866213
-0.9520181405895691
-1.0681179138321992
-1.0448979591836736
-1.137777777777778
-1.0681179138321992
-1.1145578231292523
-1.1609977324263028
-1.1842176870748293
-1.184217687074831
-1.2306575963718824
-1.3003174603174603
-1.2770975056689338
-1.3235374149659869
-1.2306575963718824
-1.3003174603174603
-1.3467573696145116
-1.3699773242630382
-1.3931972789115648
-1.5092970521541957
-1.509297052154194
-1.555736961451247
-1.555736961451247
-1.6486167800453497
-1.6486167800453497
-1.6718367346938745
-1.671836734693878
-1.671836734693878
-1.6718367346938798
-1.7879365079365108
-1.7879365079365108
-1.7879365079365073
-1.7879365079365073
-1.834376417233564
-1.9040362811791418
-1.9040362811791418
-1.9504761904761914
-1.9736961451247161
-1.9736961451247161
-1.9969160997732445
-1.9969160997732445
-1.9969160997732445
-1.9969160997732445
-1.9969160997732445
-2.0201360544217692
-2.205895691609978
-2.205895691609978
-2.252335600907031
-2.252335600907031
-2.252335600907031
-2.252335600907031
-2.252335600907031
-2.252335600907031
-2.252335600907031
-2.252335600907031
-2.321995464852609
-2.368435374149662
-2.368435374149662
-2.461315192743765
-2.461315192743765
-2.461315192743765
-2.4613151927437684
-2.623854875283449
-2.623854875283449
-2.623854875283449
-2.623854875283449
-2.6470748299319737
-2.6470748299319737
-2.6470748299319737
-2.6470748299319737
-2.6470748299319737
-2.6470748299319737
-2.6470748299319773
-2.6470748299319737
-2.6470748299319737
-2.7167346938775516
-2.786394557823133
-2.7631746031746047
-2.7399546485260764
-2.7399546485260764
-2.73995464852608
-2.73995464852608
-2.73995464852608
-2.554195011337871
-2.554195011337871
-2.554195011337871
-2.5309750566893428
-2.4148752834467153
-2.4148752834467118
-2.4148752834467118
-2.4148752834467118
-2.4148752834467118
-2.4148752834467153
-2.4148752834467153
-2.4148752834467153
-2.4148752834467153
-2.4148752834467118
-2.4148752834467118
-2.4148752834467118
-2.4148752834467118
-2.4148752834467118
-2.484535147392293
-2.484535147392293
-2.484535147392293
-2.484535147392293
-2.507755102040818
-2.507755102040818
-2.507755102040818
-2.507755102040818
-2.670294784580502
-2.670294784580502
-2.670294784580502
-2.670294784580502
-2.6702947845804985
-2.786394557823133
-2.786394557823133
-2.786394557823133
-2.786394557823133
-2.8560544217687074
-2.8560544217687074
-2.8560544217687074
-2.8560544217687074
-2.8560544217687074
-2.8560544217687074
-2.8560544217687074
-2.8560544217687074
-2.9489342403628136
-3.0418140589569163
-3.0418140589569163
-3.0418140589569163
-3.0418140589569163
-3.0418140589569163
-3.0418140589569163
-3.0418140589569163
-3.0418140589569163
-3.04181405895692
-3.04181405895692
-3.04181405895692
-3.04181405895692
-3.04181405895692
-2.948934240362817
-2.948934240362817
