OnSet desviation
0
-0.6501587301587302
-0.975238095238095
-0.8126984126984129
-0.9055782312925174
-0.9287981859410426
-1.1145578231292514
-1.0681179138322001
-1.207437641723355
-1.3235374149659869
-1.323537414965986
-1.5092970521541957
-1.5092970521541957
-1.486077097505671
-1.4164172335600913
-1.5325170068027223
-1.5092970521541957
-1.6021768707483002
-1.6486167800453515
-1.6486167800453515
-1.741496598639456
-1.8343764172335604
-1.9504761904761914
-1.9504761904761914
-1.9969160997732445
-1.9969160997732445
-2.089795918367347
-2.089795918367347
-2.275555555555554
-2.43809523809524
-2.43809523809524
-2.43809523809524
-2.5541950113378675
-2.5541950113378675
-2.5541950113378675
-2.5541950113378675
-2.554195011337871
-2.554195011337871
-2.554195011337871
-2.5541950113378675
-2.6006349206349206
-2.6006349206349206
-2.6238548752834454
-2.6238548752834454
-2.6238548752834454
-2.623854875283449
-2.623854875283449
-2.7399546485260764
-2.9257142857142853
-2.9257142857142853
-2.972154195011342
-2.9721541950113384
-2.9721541950113384
-2.9721541950113384
-2.9721541950113384
-2.9721541950113384
-2.9721541950113384
-2.9721541950113384
-3.0185941043083915
-2.9489342403628136
-2.9489342403628136
-2.9489342403628136
-2.94893424036281
-2.94893424036281
-2.9489342403628136
-3.1114739229024977
-3.1114739229024977
-3.111473922902494
-3.111473922902494
-3.111473922902494
-3.1114739229024977
-3.1114739229024977
-3.111473922902494
-3.111473922902494
-3.111473922902494
-3.1114739229024977
-3.1346938775510225
-3.1346938775510225
-3.25079365079365
-3.2507936507936535
-3.0882539682539694
-2.94893424036281
-2.94893424036281
-2.9953741496598667
-3.1811337868480756
-3.1811337868480756
-3.390113378684809
-3.3901133786848057
-3.3901133786848057
-3.413333333333334
-3.459773242630387
-3.7616326530612234
-3.7616326530612234
-3.7616326530612234
-3.7616326530612234
-3.8080725623582765
-3.8080725623582765
-3.8080725623582765
-3.8080725623582765
-3.8080725623582765
-3.8080725623582765
-3.8080725623582765
-3.8080725623582765
-3.8080725623582765
-3.622312925170071
-3.622312925170071
-3.622312925170071
-3.622312925170071
-3.6455328798185924
-3.6455328798185924
-3.6455328798185924
-3.6455328798185924
-4.063492063492063
-4.063492063492063
-4.063492063492063
-4.063492063492063
-4.481451247165531
-4.365351473922903
-4.365351473922903
-4.365351473922903
-4.365351473922903
-4.365351473922903
-4.365351473922903
-4.365351473922903
-4.365351473922903
-4.365351473922903
-4.365351473922903
-4.365351473922903
-4.365351473922903
-4.458231292517006
-4.481451247165534
-4.481451247165534
-4.481451247165534
-4.481451247165534
-4.481451247165531
-4.481451247165531
-4.481451247165531
-4.481451247165531
-4.481451247165534
-4.481451247165534
-4.481451247165534
-4.481451247165534
-4.504671201814062
-4.411791383219956
-4.411791383219956
