OnSet desviation
0
0.2621311859410431
0.2920628253968254
0.36843437414965985
0.3519261043083901
0.5211774716553288
0.597549020408163
0.6739205691609982
0.8199519818594103
0.8963235306122446
0.9959150340136063
1.165166401360544
1.1718780861677995
1.3179094988662143
1.3942810476190477
1.6331922789115652
1.5702440997732428
1.8870693299319719
1.9252551043083894
1.8705610600907026
1.862306925170067
1.8772727448979598
1.8690186099773243
1.8607644750566905
1.8292903854875302
1.8299364773242637
1.6680428866213166
1.6680428866213166
1.6454690238095253
1.6461151156462588
1.6461151156462588
1.6467612074829905
1.647407299319724
1.647407299319724
1.6480533911564628
1.6254795283446715
1.5796857108843518
1.5106719387755074
1.5106719387755074
1.4648781213151914
1.4423042585034
1.4423042585034
1.4429503503401335
1.4435964421768688
1.4435964421768688
1.444242534013604
1.4448886258503357
1.4223147630385462
1.2139812630385478
1.2139812630385478
1.16818744557823
1.1688335374149652
1.1688335374149652
1.1694796292517005
1.1701257210884322
1.1701257210884322
1.1707718129251674
1.1714179047619027
1.0559642233560105
0.9405105419501112
0.9405105419501112
0.8482768151927402
0.848922907029479
0.848922907029479
0.8495689988662107
0.850215090702946
0.850215090702946
0.8508611825396812
0.8515072743764165
0.8289334115646234
0.8295795034013587
0.8295795034013587
0.8302255952380939
0.8308716870748292
0.8308716870748292
0.8315177789115609
0.8321638707482997
0.8321638707482997
0.8328099625850314
0.7637961904761887
0.6251225544217647
0.5096688730158725
0.5096688730158725
0.5103149648526077
0.48774110204081467
0.48774110204081467
0.6741468310657588
0.6747929229024905
0.6747929229024905
0.6754390147392293
0.7457449705215389
0.7470371541950094
0.7470371541950094
0.7470371541950094
0.7470371541950094
0.7483293378684763
0.7483293378684763
0.7483293378684763
0.7483293378684763
0.7496215215419504
0.7496215215419504
0.7496215215419504
0.7496215215419504
0.7509137052154209
0.4967863877551011
0.4967863877551011
0.4967863877551011
0.4967863877551011
0.47485861678004326
0.47485861678004326
0.47485861678004326
0.47485861678004326
0.3136111179138297
0.3136111179138297
0.3136111179138297
0.3136111179138297
0.3149033015873002
0.060775984126980376
0.060775984126980376
0.060775984126980376
0.060775984126980376
-0.007591696145127003
-0.007591696145127003
-0.007591696145127003
-0.007591696145127003
-0.006299512471656499
-0.006299512471656499
-0.006299512471656499
-0.006299512471656499
-0.005007328798189548
-0.18947478231292791
-0.18947478231292791
-0.18947478231292791
-0.18947478231292791
-0.1881825986394574
-0.1881825986394574
-0.1881825986394574
-0.1881825986394574
-0.1868904149659869
-0.1868904149659869
-0.1868904149659869
-0.1868904149659869
-0.20881818594104473
-0.20623381859410728
-0.20623381859410728
