OnSet desviation
0
0.4943307324263039
0.15274309750566895
0.5541940113378683
0.3983660136054419
0.6604971995464854
0.5278891564625852
0.7435804331065761
0.6806322539682546
0.68734393877551
0.833375351473923
0.8400870362811776
0.8467987210884349
1.0624899977324258
1.2781812743764167
1.3777727777777766
1.3844844625850339
1.515550055555554
1.5769557845804982
1.5687016496598627
1.4907876507936493
1.4360936065759642
1.4278394716553287
1.4195853367346931
1.3881112471655328
1.3887573390022663
1.2268637482993192
1.2268637482993192
1.0417502029478456
0.8798566122448968
0.8798566122448968
0.8805027040816302
0.8811487959183673
0.8811487959183673
0.8817948877551025
0.8592210249433112
0.8598671167800447
0.8605132086167782
0.8605132086167782
0.8611593004535152
0.8153654829931956
0.8153654829931956
0.8160115748299326
0.8166576666666678
0.8166576666666678
0.8173037585033995
0.8179498503401312
0.702496168934239
0.49416266893424066
0.49416266893424066
0.44836885147391925
0.44901494331065805
0.44901494331065805
0.4496610351473933
0.450307126984125
0.450307126984125
0.45095321882086026
0.4515993106575955
0.3593655839002281
0.3600116757369598
0.3600116757369598
0.3606577675736915
0.36130385941043386
0.36130385941043386
0.36194995124716556
0.36259604308389726
0.36259604308389726
0.36324213492063606
0.3638882267573713
0.364534318594103
0.3651804104308347
0.3651804104308347
0.3658265022675735
0.36647259410430877
0.36647259410430877
0.36711868594104047
0.34454482312925094
0.34454482312925094
0.2987510056689331
0.29939709750566834
0.30004318934240004
0.30068928117913885
0.30068928117913885
0.254895463718821
0.046561963718819044
0.046561963718819044
-0.16177153628117935
-0.1611254444444441
-0.1611254444444441
-0.20691926190476195
-0.2991529886621329
-0.5997202154195023
-0.5997202154195023
-0.5997202154195023
-0.5997202154195023
-0.6448679410430849
-0.6448679410430849
-0.6448679410430849
-0.6448679410430849
-0.6435757573696144
-0.6435757573696144
-0.6435757573696144
-0.6435757573696144
-0.6422835736961439
-0.6409913900226769
-0.6409913900226769
-0.6409913900226769
-0.6409913900226769
-0.6629191609977312
-0.6629191609977312
-0.6629191609977312
-0.6629191609977312
-1.0795861609977315
-1.0795861609977315
-1.0795861609977315
-1.0795861609977315
-1.4962531609977319
-1.5181809319727897
-1.5181809319727897
-1.5181809319727897
-1.5181809319727897
-1.5168887482993227
-1.5168887482993227
-1.5168887482993227
-1.5168887482993227
-1.5155965646258522
-1.5155965646258522
-1.5155965646258522
-1.5155965646258522
-1.5143043809523817
-1.6291119705215458
-1.6291119705215458
-1.6291119705215458
-1.6291119705215458
-1.6278197868480717
-1.6278197868480717
-1.6278197868480717
-1.6278197868480717
-1.6265276031746012
-1.6265276031746012
-1.6265276031746012
-1.6265276031746012
-1.6716753287981874
-1.6690909614512464
-1.6690909614512464
