OnSet desviation
0
-0.626938775510204
-0.9984580498866211
-0.6733786848072563
-0.8126984126984129
-0.719818594104308
-0.9287981859410426
-0.7894784580498868
-0.9984580498866205
-1.0681179138321992
-1.021678004535148
-1.184217687074831
-1.1842176870748293
-1.1145578231292532
-0.9752380952380957
-1.1145578231292532
-1.0448979591836736
-1.2306575963718824
-1.2074376417233559
-1.1609977324263046
-1.2306575963718824
-1.3003174603174603
-1.3003174603174603
-1.300317460317462
-1.300317460317462
-1.300317460317462
-1.300317460317462
-1.300317460317462
-1.4628571428571444
-1.6253968253968267
-1.6253968253968267
-1.6253968253968267
-1.6253968253968232
-1.6253968253968232
-1.6253968253968267
-1.6253968253968267
-1.5789569160997736
-1.5092970521541957
-1.5092970521541957
-1.4628571428571426
-1.486077097505671
-1.486077097505671
-1.4860770975056674
-1.4860770975056674
-1.4860770975056674
-1.486077097505671
-1.486077097505671
-1.5789569160997736
-1.5789569160997736
-1.5789569160997736
-1.5789569160997772
-1.5789569160997736
-1.5789569160997736
-1.5789569160997736
-1.5789569160997736
-1.5789569160997736
-1.5789569160997736
-1.5789569160997736
-1.5557369614512488
-1.4396371882086179
-1.4396371882086179
-1.3467573696145152
-1.3467573696145116
-1.3467573696145116
-1.3467573696145116
-1.3467573696145152
-1.3467573696145152
-1.3467573696145116
-1.3467573696145116
-1.3235374149659869
-1.3235374149659904
-1.3235374149659904
-1.3235374149659869
-1.3235374149659869
-1.3235374149659869
-1.3235374149659869
-1.3467573696145152
-1.3467573696145152
-1.3931972789115648
-1.3235374149659869
-1.184217687074831
-1.0681179138322001
-1.0681179138322001
-1.1145578231292532
-1.300317460317462
-1.300317460317462
-1.6950566893424046
-1.695056689342401
-1.695056689342401
-1.7414965986394577
-1.9040362811791383
-2.205895691609978
-2.205895691609978
-2.205895691609978
-2.205895691609978
-2.2523356009070277
-2.2523356009070277
-2.2523356009070277
-2.2523356009070277
-2.252335600907031
-2.252335600907031
-2.252335600907031
-2.252335600907031
-2.252335600907031
-1.9969160997732445
-1.9969160997732445
-1.9969160997732445
-1.9969160997732445
-1.996916099773241
-1.996916099773241
-1.996916099773241
-1.996916099773241
-2.2523356009070277
-2.2523356009070277
-2.2523356009070277
-2.2523356009070277
-2.6702947845804985
-2.4380952380952365
-2.4380952380952365
-2.4380952380952365
-2.4380952380952365
-2.368435374149662
-2.368435374149662
-2.368435374149662
-2.368435374149662
-2.368435374149662
-2.368435374149662
-2.368435374149662
-2.368435374149662
-2.3684353741496587
-2.2987755102040843
-2.2987755102040843
-2.2987755102040843
-2.2987755102040843
-2.2987755102040808
-2.2987755102040808
-2.2987755102040808
-2.2987755102040808
-2.2987755102040808
-2.2987755102040808
-2.2987755102040808
-2.2987755102040808
-2.321995464852609
-2.3219954648526056
-2.3219954648526056
