OnSet desviation
0
0.28535114058956923
0.26884287074829927
0.5077541020408165
0.44480592290249454
0.7301570634920633
0.7833086575963719
0.9525600249433115
1.0289315736961449
1.1517430317460322
1.2977744444444443
1.4902457664399087
1.496957451247166
1.689428773242632
1.8354601859410433
2.0511514625850342
2.034643192743765
2.2585886043083896
2.366434242630385
2.3581801077097495
2.3731459274376405
2.41133170181406
2.5191773401360553
2.51092320521542
2.5258890249433126
2.5265351167800443
2.4575213446712
2.4575213446712
2.4581674365079333
2.4588135283446704
2.4588135283446704
2.459459620181404
2.5762054852607683
2.5762054852607683
2.5768515770975036
2.5542777142857123
2.5549238061224493
2.5555698979591828
2.5555698979591828
2.5562159897959162
2.5568620816326497
2.5568620816326497
2.5807281281179115
2.5813742199546468
2.5813742199546468
2.582020311791382
2.5826664036281137
2.583312495464849
2.5607386326530595
2.5607386326530595
2.5613847244897947
2.56203081632653
2.56203081632653
2.562676908163265
2.563322999999997
2.563322999999997
2.563969091836732
2.5646151836734674
2.518821366213153
2.449807594104307
2.449807594104307
2.4504536859410386
2.4510997777777774
2.4510997777777774
2.4517458696145127
2.6149316439909285
2.6149316439909285
2.6155777358276637
2.616223827664399
2.6168699195011307
2.617516011337866
2.617516011337866
2.618162103174601
2.6188081950113364
2.6188081950113364
2.6194542868480717
2.620100378684807
2.620100378684807
2.6904063344671165
2.6910524263038553
2.529158835600903
2.3904851995464824
2.3904851995464824
2.3911312913832212
2.368557428571428
2.368557428571428
2.3692035204081634
2.369849612244895
2.369849612244895
2.3472757494331056
2.3014819319727877
2.3027741156462547
2.3027741156462547
2.3027741156462547
2.3027741156462547
2.304066299319725
2.304066299319725
2.304066299319725
2.304066299319725
2.3053584829931957
2.3053584829931957
2.3053584829931957
2.3053584829931957
2.306650666666666
2.122183213151928
2.122183213151928
2.122183213151928
2.122183213151928
2.1234753968253948
2.1234753968253948
2.1234753968253948
2.1234753968253948
2.1247675804988653
2.1247675804988653
2.1247675804988653
2.1247675804988653
2.1260597641723322
1.988032219954647
1.988032219954647
1.988032219954647
1.988032219954647
1.989324403628114
1.989324403628114
1.989324403628114
1.989324403628114
1.9906165873015844
1.9906165873015844
1.9906165873015844
1.9906165873015844
2.0847885895691576
1.9932009546485219
1.9932009546485219
1.9932009546485219
1.9932009546485219
1.9944931383219924
1.9944931383219924
1.9944931383219924
1.9944931383219924
1.9957853219954664
1.9957853219954664
1.9957853219954664
1.9957853219954664
1.9738575510204086
1.8835620997732434
1.8835620997732434
