OnSet desviation
0
-0.6501587301587299
-0.557278911564626
0.06965986394557788
0.20897959183673498
0.48761904761904695
0.5804988662131523
1.0681179138321983
1.2074376417233568
1.5092970521541957
1.7647165532879825
2.205895691609978
2.2987755102040826
2.6470748299319737
2.809614512471656
3.2507936507936517
3.4133333333333358
3.831292517006803
3.831292517006805
3.715192743764172
3.668752834467119
3.459773242630387
3.2740136054421782
3.2740136054421782
3.2740136054421765
3.2043537414966003
3.2043537414966003
3.2043537414966003
3.204353741496597
3.2043537414966003
3.2043537414966003
3.2043537414966003
3.297233560090703
3.297233560090703
3.2043537414966003
2.9721541950113384
2.9721541950113384
3.1114739229024977
3.1114739229024977
3.111473922902494
3.111473922902494
3.111473922902494
3.111473922902494
3.1114739229024977
3.1114739229024977
3.111473922902494
3.111473922902494
3.227573696145125
3.227573696145125
3.227573696145125
3.227573696145125
3.227573696145125
3.227573696145125
2.9953741496598667
2.9953741496598667
2.9953741496598667
2.94893424036281
2.94893424036281
2.9489342403628136
2.9489342403628136
2.9489342403628136
2.94893424036281
2.9489342403628136
2.9489342403628136
2.9721541950113384
2.8560544217687074
2.8560544217687074
2.9024943310657605
2.9024943310657605
2.9024943310657605
2.9024943310657605
2.9024943310657605
2.9024943310657605
2.9024943310657605
2.9024943310657605
2.9024943310657605
3.0418140589569163
3.0418140589569163
3.0185941043083915
3.0650340136054446
3.0882539682539694
3.0882539682539694
3.0882539682539694
3.0882539682539694
3.0882539682539694
3.0882539682539694
3.0882539682539694
3.088253968253966
3.088253968253966
3.0882539682539694
3.9009523809523827
3.80807256235828
3.80807256235828
3.80807256235828
3.80807256235828
3.8080725623582765
3.8080725623582765
3.8080725623582765
3.8080725623582765
3.7151927437641667
3.7151927437641667
3.7151927437641667
3.7151927437641667
3.715192743764174
3.7151927437641703
3.7151927437641703
3.7151927437641703
3.7151927437641703
3.7151927437641667
3.7151927437641667
3.7151927437641667
3.7151927437641667
3.6455328798185924
3.6455328798185924
3.6455328798185924
3.6455328798185924
3.2972335600906995
3.25079365079365
3.25079365079365
3.25079365079365
3.25079365079365
3.2507936507936463
3.2507936507936463
3.2507936507936463
3.2507936507936463
3.2507936507936463
3.2507936507936463
3.2507936507936463
3.2507936507936463
3.204353741496597
3.204353741496597
3.204353741496597
3.204353741496597
3.204353741496597
3.204353741496597
3.204353741496597
3.204353741496597
3.204353741496597
3.204353741496597
3.204353741496597
3.204353741496597
3.204353741496597
2.8096145124716543
5.456689342403621
5.456689342403621
