OnSet desviation
0
0.3317910498866212
0.15274309750566917
0.2755545555555554
0.2822662403628118
0.5211774716553292
0.5278891564625843
0.5810407505668937
0.6574122993197271
0.7570038027210879
0.9262551700680266
0.9794067641723352
0.8932386303854862
1.0160500884353745
1.02276177324263
1.2152330952380943
1.2451647346938763
1.3530103730158718
1.3679761927437628
1.359722057823129
1.3514679229024935
1.3664337426303863
1.5439392448979596
1.535685109977324
1.5506509297052151
1.6906167494331061
1.6912628412698396
1.6912628412698396
1.6919089331065766
1.6925550249433101
1.6925550249433101
1.6932011167800436
1.6938472086167806
1.6938472086167806
1.8570329829931964
2.11309857596372
2.1137446678004537
2.114390759637187
2.114390759637187
2.115036851473924
2.1156829433106576
2.1156829433106576
2.116329035147391
2.1169751269841264
2.1169751269841264
2.1176212188208616
2.1182673106575933
2.1189134024943286
2.1195594943310674
2.1195594943310674
2.120205586167799
2.1208516780045343
2.1208516780045343
2.3536973163265316
2.3543434081632633
2.3543434081632633
2.4014294092970516
2.402075501133787
2.402721592970522
2.403367684807254
2.403367684807254
2.404013776643989
2.404659868480728
2.404659868480728
2.4053059603174596
2.5684917346938754
2.5684917346938754
2.5691378265306106
2.5697839183673494
2.570430010204081
2.571076102040813
2.571076102040813
2.5717221938775516
2.572368285714287
2.572368285714287
2.5730143775510186
2.5736604693877574
2.5736604693877574
2.829726062358276
2.830372154195011
2.831018246031743
2.8316643378684816
2.8316643378684816
2.832310429705217
2.8097365668934238
2.8097365668934238
2.810382658730159
2.8110287505668943
2.8110287505668943
2.8116748424036295
2.8123209342403612
2.9064929365079344
2.9064929365079344
2.9064929365079344
2.9064929365079344
2.907785120181405
2.907785120181405
2.907785120181405
2.907785120181405
3.0019571224489816
3.0019571224489816
3.0019571224489816
3.0019571224489816
3.0032493061224486
3.004541489795919
3.004541489795919
3.004541489795919
3.004541489795919
3.0058336734693896
3.0058336734693896
3.0058336734693896
3.0058336734693896
3.0071258571428565
3.0071258571428565
3.0071258571428565
3.0071258571428565
3.310277451247167
3.311569634920634
3.311569634920634
3.311569634920634
3.311569634920634
3.3128618185941043
3.3128618185941043
3.3128618185941043
3.3128618185941043
3.3141540022675713
3.3141540022675713
3.3141540022675713
3.3141540022675713
3.361886095238095
3.363178278911562
3.363178278911562
3.363178278911562
3.363178278911562
3.3644704625850324
3.3644704625850324
3.3644704625850324
3.3644704625850324
3.3657626462585064
3.3657626462585064
3.3657626462585064
3.3657626462585064
3.7850140136054407
3.7875983809523817
3.7875983809523817
