OnSet desviation
0
-0.5804988662131518
-0.5108390022675737
-0.2321995464852611
0.023219954648526553
0.37151927437641685
0.3947392290249434
0.7894784580498859
0.9752380952380957
1.1145578231292532
1.3235374149659869
1.6486167800453515
1.6486167800453515
1.8111564625850356
2.043356009070294
2.3684353741496604
2.577414965986396
2.9024943310657587
2.9489342403628136
2.879274376417234
2.9721541950113366
3.0185941043083915
3.0185941043083915
3.111473922902496
3.111473922902494
3.1811337868480756
3.181133786848072
3.181133786848072
3.181133786848072
3.1811337868480756
3.1811337868480756
3.181133786848072
3.2740136054421782
3.2740136054421782
3.343673469387756
3.390113378684809
3.2740136054421782
3.3204535147392313
3.3204535147392313
3.3204535147392313
3.320453514739228
3.320453514739228
3.3901133786848057
3.390113378684809
3.390113378684809
3.390113378684809
3.3901133786848057
3.5062131519274367
3.50621315192744
3.50621315192744
3.5062131519274367
3.5062131519274367
3.5062131519274367
3.50621315192744
3.50621315192744
3.50621315192744
3.5062131519274367
3.5062131519274367
3.50621315192744
3.5062131519274367
3.5062131519274367
3.5062131519274367
3.50621315192744
3.50621315192744
3.482993197278912
3.5294331065759614
3.5294331065759614
3.5758730158730145
3.575873015873018
3.575873015873018
3.6455328798185924
3.6455328798185924
3.645532879818596
3.645532879818596
3.645532879818596
3.645532879818596
3.7848526077097517
3.7848526077097517
3.9706122448979606
4.017052154195014
4.0402721088435385
4.0402721088435385
4.0402721088435385
4.0402721088435385
4.0402721088435385
4.0402721088435385
4.0402721088435385
4.040272108843535
4.040272108843535
4.0402721088435385
4.295691609977325
4.295691609977329
4.295691609977329
4.295691609977329
4.295691609977329
4.295691609977325
4.295691609977325
4.295691609977325
4.295691609977325
4.295691609977318
4.295691609977318
4.295691609977318
4.295691609977318
4.295691609977325
4.295691609977322
4.295691609977322
4.295691609977322
4.295691609977322
4.295691609977322
4.295691609977322
4.295691609977322
4.295691609977322
4.226031746031744
4.226031746031744
4.226031746031744
4.226031746031744
4.202811791383219
4.272471655328797
4.272471655328797
4.272471655328797
4.272471655328797
4.3653514739229
4.3653514739229
4.3653514739229
4.3653514739229
4.365351473922896
4.365351473922896
4.365351473922896
4.365351473922896
4.365351473922903
4.3653514739229
4.3653514739229
4.3653514739229
4.3653514739229
4.3653514739229
4.3653514739229
4.3653514739229
4.3653514739229
4.3653514739229
4.3653514739229
4.3653514739229
4.3653514739229
4.411791383219949
4.806530612244892
4.806530612244892
