OnSet desviation
0
-0.8823582766439908
-0.8591383219954649
-0.5108390022675735
-0.626938775510204
-0.6965986394557824
-0.6269387755102036
-0.5340589569161001
-0.5804988662131514
-0.41795918367346996
-0.37151927437641774
-0.25541950113378675
-0.16253968253968232
0.023219954648524777
-0.04643990929705133
0.06965986394557788
0.023219954648526553
0.11609977324263099
0.06965986394557788
0.023219954648524777
-0.11609977324263099
-0.37151927437641774
-0.5572789115646266
-0.650158730158731
-0.650158730158731
-0.7894784580498886
-0.789478458049885
-0.789478458049885
-0.7894784580498886
-0.7894784580498886
-0.7894784580498886
-0.789478458049885
-0.7894784580498886
-0.7894784580498886
-0.9520181405895691
-1.2306575963718842
-1.1145578231292532
-1.021678004535147
-1.021678004535147
-1.0216780045351506
-1.021678004535147
-1.021678004535147
-1.091337868480725
-1.091337868480725
-1.091337868480725
-1.0913378684807284
-1.091337868480725
-1.091337868480725
-1.0913378684807284
-1.0913378684807284
-1.091337868480725
-1.091337868480725
-1.091337868480725
-1.3235374149659869
-1.3235374149659869
-1.3235374149659869
-1.36997732426304
-1.36997732426304
-1.36997732426304
-1.3699773242630364
-1.3699773242630364
-1.36997732426304
-1.36997732426304
-1.36997732426304
-1.3235374149659869
-1.4860770975056674
-1.4860770975056674
-1.4860770975056674
-1.486077097505671
-1.486077097505671
-1.5557369614512453
-1.5557369614512453
-1.5557369614512488
-1.5557369614512488
-1.5557369614512488
-1.5557369614512488
-1.5557369614512488
-1.5557369614512488
-1.7647165532879825
-1.7647165532879825
-1.7647165532879825
-1.7647165532879825
-1.7647165532879825
-1.7647165532879825
-1.7647165532879825
-1.7647165532879825
-1.7647165532879825
-1.7647165532879825
-1.7647165532879825
-1.7647165532879825
-1.2074376417233559
-1.300317460317462
-1.300317460317462
-1.300317460317462
-1.300317460317462
-1.300317460317462
-1.300317460317462
-1.300317460317462
-1.300317460317462
-1.3931972789115648
-1.3931972789115648
-1.3931972789115648
-1.3931972789115648
-1.3931972789115648
-1.3931972789115648
-1.3931972789115648
-1.3931972789115648
-1.3931972789115648
-1.3931972789115683
-1.3931972789115683
-1.3931972789115683
-1.3931972789115683
-1.3931972789115648
-1.3931972789115648
-1.3931972789115648
-1.3931972789115648
-1.718276643990933
-1.8343764172335604
-1.8343764172335604
-1.8343764172335604
-1.8343764172335604
-1.9272562358276666
-1.9272562358276666
-1.9272562358276666
-1.9272562358276666
-1.927256235827663
-1.927256235827663
-1.927256235827663
-1.927256235827663
-1.9736961451247197
-1.9736961451247161
-1.9736961451247161
-1.9736961451247161
-1.9736961451247161
-1.9736961451247161
-1.9736961451247161
-1.9736961451247161
-1.9736961451247161
-1.9736961451247161
-1.9736961451247161
-1.9736961451247161
-1.9736961451247161
-2.4148752834467047
-0.16253968253968054
-0.16253968253968054
