OnSet desviation
0
0.2156912766439909
0.19918300680272139
0.2291146462585032
0.16616646712018168
0.31219787981859426
0.2260297460317462
0.23274143083900256
0.16979325170068016
0.22294484580498874
0.15999666666666723
0.14348839682539616
0.10376017233559942
0.06403194784580535
0.16362345124716526
0.17033513605442074
0.08416700226757357
0.09913282199546458
0.1140986417233556
0.10584450680272006
0.09759037188208453
-0.0035435816326536695
-0.01179771655328743
0.003168103174603587
0.018133922902494604
-0.09731975850340291
-0.16633353061224554
-0.16633353061224554
-0.16568743877551206
-0.1650413469387768
-0.1650413469387768
-0.16439525510204156
-0.16374916326530808
-0.16374916326530808
-0.16310307142857106
-0.18567693424036236
-0.18503084240362888
-0.1843847505668954
-0.1843847505668954
-0.18373865873015838
-0.1830925668934249
-0.1830925668934249
-0.18244647505669143
-0.18180038321995085
-0.18180038321995085
-0.18115429138321915
-0.20372815419501222
-0.27274192630385485
-0.2720958344671196
-0.2720958344671196
-0.27144974263038435
-0.2708036507936491
-0.2708036507936491
-0.27015755895691385
-0.26951146712018215
-0.26951146712018215
-0.2688653752834469
-0.26821928344671164
-0.3836729648526038
-0.45268673696145
-0.45268673696145
-0.4520406451247183
-0.4513945532879795
-0.4513945532879795
-0.45074846145124425
-0.45010236961451255
-0.45010236961451255
-0.4494562777777773
-0.4488101859410385
-0.4481640941043068
-0.4475180022675751
-0.4475180022675751
-0.44687191043083985
-0.44622581859410104
-0.44622581859410104
-0.44557972675736934
-0.4449336349206341
-0.4449336349206341
-0.44428754308389884
-0.4436414512471636
-0.5358751780045345
-0.7209887233560082
-0.7209887233560082
-0.9061022687074818
-1.1144357687074837
-1.1144357687074837
-1.2995493140589538
-1.4614429047619026
-1.4614429047619026
-1.6001165408163232
-1.5994704489795915
-0.5997202154195023
-0.5997202154195023
-0.5997202154195023
-0.5997202154195023
-0.5984280317460318
-0.5984280317460318
-0.5984280317460318
-0.5984280317460318
-0.4113762108843524
-0.4113762108843524
-0.4113762108843524
-0.4113762108843524
-0.4100840272108819
-0.4087918435374114
-0.4087918435374114
-0.4087918435374114
-0.4087918435374114
-0.38427970521541965
-0.38427970521541965
-0.38427970521541965
-0.38427970521541965
-0.38298752154194915
-0.38298752154194915
-0.38298752154194915
-0.38298752154194915
-0.38169533786847865
-0.3804031541950117
-0.3804031541950117
-0.3804031541950117
-0.3804031541950117
-0.3791109705215412
-0.3791109705215412
-0.3791109705215412
-0.3791109705215412
-0.37781878684807424
-0.37781878684807424
-0.37781878684807424
-0.37781878684807424
-0.12110710204081698
-0.0965949637188217
-0.0965949637188217
-0.0965949637188217
-0.0965949637188217
-0.09530278004534765
-0.09530278004534765
-0.09530278004534765
-0.09530278004534765
-0.0011307777777744832
-0.0011307777777744832
-0.0011307777777744832
-0.0011307777777744832
0.11626117913832346
0.11884554648526091
0.11884554648526091
