OnSet desviation
0
0.1924713219954648
0.17596305215419528
0.18267473696145142
0.21260637641723346
0.4747375623582766
0.4582292925170064
0.6042607052154203
0.5180925714285713
0.6176840748299313
0.6940556235827673
0.7472072176870732
0.5913792199546464
0.6445308140589567
0.6976824081632653
0.7276140476190474
0.6414459138321984
0.679631688208616
0.694597507936507
0.6863433730158714
0.5619894648526067
0.36797569274376407
0.35972155782312853
0.25858760430839034
0.22711351473922825
0.11165983333333251
0.06586601587301466
0.06586601587301466
0.06651210770974991
0.06715819954648339
0.06715819954648339
0.06780429138321864
0.06845038321995389
0.06845038321995389
0.06909647505668914
0.04652261224489784
0.047168704081633095
0.04781479591836657
0.04781479591836657
0.048460887755100046
0.049106979591837074
0.049106979591837074
0.049753071428572326
0.05039916326530758
0.05039916326530758
0.05104525510204283
0.05169134693877453
0.05233743877550978
0.05298353061224503
0.05298353061224503
0.053629622448980285
0.05427571428571554
0.05427571428571554
0.05492180612245079
0.05556789795918604
0.05556789795918604
0.05621398979591774
0.010420172335599887
-0.12825346371881707
-0.19726723582766326
-0.19726723582766326
-0.19662114399093156
-0.19597505215419275
-0.19597505215419275
-0.1953289603174575
-0.1946828684807258
-0.1946828684807258
-0.19403677664399055
-0.19339068480725174
-0.19274459297052005
-0.19209850113378835
-0.19209850113378835
-0.1914524092970531
-0.1908063174603143
-0.1908063174603143
-0.1901602256235826
-0.18951413378684734
-0.18951413378684734
-0.1888680419501121
-0.18822195011337683
-0.3036756315192761
-0.4655692222222214
-0.4655692222222214
-0.5578029489795888
-0.5803768117913819
-0.5803768117913819
-0.5797307199546466
-0.579084628117915
-0.579084628117915
-0.5784385362811761
-0.5777924444444444
-0.042441303854875656
-0.042441303854875656
-0.042441303854875656
-0.042441303854875656
-0.04114912018140515
-0.04114912018140515
-0.04114912018140515
-0.04114912018140515
-0.03985693650793465
-0.03985693650793465
-0.03985693650793465
-0.03985693650793465
0.2632946575963757
0.26458684126984267
0.26458684126984267
0.26458684126984267
0.26458684126984267
0.26587902494331317
0.26587902494331317
0.26587902494331317
0.26587902494331317
0.2671712086167801
0.2671712086167801
0.2671712086167801
0.2671712086167801
0.4077831201814064
0.4090753038548769
0.4090753038548769
0.4090753038548769
0.4090753038548769
0.41036748752834384
0.41036748752834384
0.41036748752834384
0.41036748752834384
0.41165967120181435
0.41165967120181435
0.41165967120181435
0.41165967120181435
0.5290516281179123
0.5303438117913828
0.5303438117913828
0.5303438117913828
0.5303438117913828
0.5316359954648533
0.5316359954648533
0.5316359954648533
0.5316359954648533
0.5329281791383238
0.5329281791383238
0.5329281791383238
0.5329281791383238
0.8360797732426306
1.9996618730158744
1.9996618730158744
