OnSet desviation
0
-0.9287981859410431
-0.928798185941043
-0.9520181405895687
-0.8591383219954651
-0.7430385487528346
-0.6733786848072567
-0.5340589569160992
-0.5572789115646257
-0.5108390022675744
-0.37151927437641685
-0.30185941043083986
-0.41795918367347085
-0.3250793650793664
-0.37151927437641774
-0.3482993197278912
-0.34829931972789296
-0.3250793650793664
-0.3250793650793664
-0.3250793650793664
-0.4411791383219956
-0.5340589569161001
-0.5340589569161018
-0.650158730158731
-0.6965986394557842
-0.6965986394557824
-0.6733786848072576
-0.6733786848072576
-0.6733786848072558
-0.6733786848072576
-0.6733786848072576
-0.6733786848072576
-0.6733786848072558
-0.6733786848072558
-0.6733786848072576
-0.6733786848072576
-0.6733786848072558
-0.6733786848072558
-0.6733786848072558
-0.6733786848072594
-0.6733786848072558
-0.6733786848072558
-0.673378684807254
-0.6733786848072576
-0.6733786848072576
-0.673378684807254
-0.6501587301587293
-0.5804988662131514
-0.5804988662131514
-0.5804988662131514
-0.5804988662131514
-0.5804988662131514
-0.5804988662131514
-0.5804988662131514
-0.5804988662131478
-0.5804988662131478
-0.5804988662131514
-0.6269387755102045
-0.6501587301587293
-0.6501587301587293
-0.6501587301587293
-0.6501587301587293
-0.6501587301587293
-0.6501587301587293
-0.6501587301587293
-0.6501587301587293
-0.6501587301587293
-0.6501587301587293
-0.6501587301587293
-0.6501587301587293
-0.6501587301587293
-0.6501587301587293
-0.6501587301587293
-0.6501587301587293
-0.6501587301587293
-0.6501587301587293
-0.6501587301587293
-0.6501587301587293
-0.6501587301587293
-0.6501587301587293
-0.6733786848072576
-0.6501587301587293
-0.6501587301587293
-0.5572789115646231
-0.3715192743764142
-0.3715192743764142
-0.18575963718820887
-0.02321995464852833
-0.02321995464852833
0.11609977324263099
0.11609977324263099
-0.3482993197278894
-0.3482993197278894
-0.3482993197278894
-0.3482993197278894
-0.3482993197278894
-0.3482993197278894
-0.3482993197278894
-0.3482993197278894
-0.5340589569160983
-0.5340589569160983
-0.5340589569160983
-0.5340589569160983
-0.23219954648525842
-0.23219954648526198
-0.23219954648526198
-0.23219954648526198
-0.23219954648526198
-0.2554195011337832
-0.2554195011337832
-0.2554195011337832
-0.2554195011337832
-0.25541950113378675
-0.25541950113378675
-0.25541950113378675
-0.25541950113378675
-0.11609977324263099
-0.11609977324262744
-0.11609977324262744
-0.11609977324262744
-0.11609977324262744
-0.11609977324263099
-0.11609977324263099
-0.11609977324263099
-0.11609977324263099
-0.11609977324262744
-0.11609977324262744
-0.11609977324262744
-0.11609977324262744
-0.25541950113378675
-0.27863945578231153
-0.27863945578231153
-0.27863945578231153
-0.27863945578231153
-0.2786394557823151
-0.2786394557823151
-0.2786394557823151
-0.2786394557823151
-0.37151927437641774
-0.37151927437641774
-0.37151927437641774
-0.37151927437641774
-0.18575963718820887
0.9752380952380975
0.9752380952380975
