OnSet desviation
0
-0.9287981859410431
-0.928798185941043
-1.021678004535147
-0.9752380952380952
-0.9752380952380957
-0.9287981859410435
-0.9055782312925169
-0.9520181405895691
-0.9055782312925169
-0.6965986394557815
-0.7430385487528355
-0.9055782312925178
-0.9287981859410444
-0.9984580498866222
-0.9984580498866222
-0.9984580498866222
-1.021678004535147
-1.021678004535147
-0.9984580498866222
-1.0448979591836736
-1.0681179138322001
-1.0681179138322001
-1.137777777777778
-1.137777777777778
-1.1609977324263046
-1.1609977324263046
-1.1609977324263046
-1.1609977324263046
-1.1609977324263046
-1.1609977324263046
-1.1609977324263046
-1.1609977324263046
-1.1609977324263046
-1.1609977324263063
-1.1609977324263063
-1.1609977324263046
-1.1609977324263046
-1.1609977324263046
-1.1609977324263046
-1.1609977324263046
-1.1609977324263046
-1.1609977324263028
-1.1609977324263028
-1.1609977324263028
-1.1609977324263028
-1.137777777777778
-0.9984580498866222
-0.9287981859410444
-0.9287981859410444
-0.9287981859410408
-0.9287981859410408
-0.9287981859410408
-0.9287981859410444
-0.9287981859410408
-0.9287981859410408
-0.9287981859410408
-0.9752380952380975
-1.1145578231292497
-1.1842176870748276
-1.1842176870748276
-1.1842176870748276
-1.184217687074831
-1.184217687074831
-1.1842176870748276
-1.1842176870748276
-1.1842176870748276
-1.184217687074831
-1.1842176870748276
-1.1842176870748276
-1.184217687074831
-1.184217687074831
-1.184217687074831
-1.1842176870748276
-1.1842176870748276
-1.1842176870748276
-1.184217687074831
-1.184217687074831
-1.1842176870748276
-1.1609977324263028
-1.091337868480725
-1.091337868480725
-1.091337868480725
-1.0681179138321966
-1.0681179138321966
-1.0681179138321966
-1.0681179138322001
-1.0681179138322001
-1.0681179138322001
-1.0681179138321966
-1.0681179138322001
-0.9287981859410408
-0.9287981859410408
-0.9287981859410408
-0.9287981859410408
-0.9984580498866187
-0.9984580498866187
-0.9984580498866187
-0.9984580498866187
-0.9984580498866222
-0.9984580498866222
-0.9984580498866222
-0.9984580498866222
-0.6965986394557788
-0.6965986394557824
-0.6965986394557824
-0.6965986394557824
-0.6965986394557824
-0.8359183673469381
-0.8359183673469381
-0.8359183673469381
-0.8359183673469381
-0.8359183673469381
-0.8359183673469381
-0.8359183673469381
-0.8359183673469381
-0.7198185941043072
-0.7198185941043072
-0.7198185941043072
-0.7198185941043072
-0.7198185941043072
-0.7198185941043072
-0.7198185941043072
-0.7198185941043072
-0.7198185941043072
-0.7198185941043072
-0.7198185941043072
-0.7198185941043072
-0.7198185941043072
-0.6965986394557824
-0.7198185941043072
-0.7198185941043072
-0.7198185941043072
-0.7198185941043072
-0.7198185941043107
-0.7198185941043107
-0.7198185941043107
-0.7198185941043107
-0.7198185941043072
-0.7198185941043072
-0.7198185941043072
-0.7198185941043072
-0.6501587301587293
0.5108390022675735
0.5108390022675735
