OnSet desviation
0
-0.9520181405895691
-0.9520181405895691
-0.8823582766439908
-0.835918367346939
-0.719818594104308
-0.6965986394557824
-0.5804988662131514
-0.5572789115646257
-0.5572789115646266
-0.6269387755102045
-0.5108390022675735
-0.4643990929705222
-0.3482993197278912
-0.32507936507936463
-0.3018594104308381
-0.30185941043083986
-0.25541950113378853
-0.25541950113378853
-0.2786394557823133
-0.3482993197278912
-0.41795918367346907
-0.41795918367347085
-0.4643990929705222
-0.5108390022675753
-0.48761904761904695
-0.4643990929705222
-0.4643990929705222
-0.4643990929705204
-0.4643990929705222
-0.4643990929705222
-0.4643990929705222
-0.4643990929705204
-0.4643990929705204
-0.4643990929705204
-0.4643990929705204
-0.4643990929705204
-0.4643990929705204
-0.4643990929705204
-0.46439909297052395
-0.4643990929705204
-0.4643990929705204
-0.4643990929705204
-0.46439909297052395
-0.46439909297052395
-0.4643990929705204
-0.4643990929705204
-0.5340589569160983
-0.6037188208616762
-0.6037188208616762
-0.6037188208616797
-0.6037188208616797
-0.6037188208616797
-0.6037188208616762
-0.6037188208616762
-0.6037188208616762
-0.6037188208616797
-0.6037188208616762
-0.48761904761904873
-0.41795918367347085
-0.41795918367347085
-0.41795918367347085
-0.4179591836734673
-0.4179591836734673
-0.41795918367347085
-0.41795918367347085
-0.41795918367347085
-0.4179591836734673
-0.41795918367347085
-0.41795918367347085
-0.4179591836734673
-0.4179591836734673
-0.4179591836734673
-0.41795918367347085
-0.41795918367347085
-0.41795918367347085
-0.4179591836734673
-0.4179591836734673
-0.41795918367347085
-0.4411791383219956
-0.5340589569161018
-0.5108390022675735
-0.5108390022675735
-0.4411791383219956
-0.25541950113378675
-0.25541950113378675
-0.06965986394557788
0.09287981859410266
0.09287981859410266
0.23219954648525842
0.23219954648526198
-0.37151927437641774
-0.37151927437641774
-0.37151927437641774
-0.37151927437641774
-0.30185941043083986
-0.30185941043083986
-0.30185941043083986
-0.30185941043083986
-0.4876190476190452
-0.4876190476190452
-0.4876190476190452
-0.4876190476190452
-0.48761904761904873
-0.48761904761904873
-0.48761904761904873
-0.48761904761904873
-0.48761904761904873
-0.3715192743764142
-0.3715192743764142
-0.3715192743764142
-0.3715192743764142
-0.37151927437641774
-0.37151927437641774
-0.37151927437641774
-0.37151927437641774
-0.34829931972789296
-0.3482993197278894
-0.3482993197278894
-0.3482993197278894
-0.3482993197278894
-0.34829931972789296
-0.34829931972789296
-0.34829931972789296
-0.34829931972789296
-0.3482993197278894
-0.3482993197278894
-0.3482993197278894
-0.3482993197278894
-0.5108390022675735
-0.5108390022675735
-0.5108390022675735
-0.5108390022675735
-0.5108390022675735
-0.5108390022675735
-0.5108390022675735
-0.5108390022675735
-0.5108390022675735
-0.6037188208616797
-0.6037188208616797
-0.6037188208616797
-0.6037188208616797
-0.48761904761904873
-0.4876190476190452
-0.4876190476190452
