OnSet desviation
0
-0.8126984126984127
-0.9520181405895689
-0.835918367346939
-0.8591383219954647
-0.8591383219954638
-0.7894784580498859
-0.8359183673469381
-0.835918367346939
-0.8823582766439912
-0.8591383219954647
-0.8359183673469373
-0.9055782312925169
-0.8126984126984134
-0.9752380952380957
-0.8591383219954647
-0.766258503401362
-0.7894784580498868
-0.8591383219954647
-0.8591383219954665
-1.0681179138322001
-1.300317460317462
-1.3003174603174603
-1.3467573696145134
-1.3467573696145134
-1.3467573696145116
-1.3467573696145134
-1.3467573696145134
-1.3467573696145134
-1.3467573696145134
-1.3467573696145134
-1.3467573696145134
-1.3467573696145134
-1.3467573696145134
-1.5325170068027223
-1.5092970521541957
-1.3931972789115648
-1.3931972789115665
-1.3931972789115665
-1.3931972789115665
-1.3931972789115665
-1.3931972789115665
-1.5325170068027205
-1.6021768707482984
-1.6021768707482984
-1.5092970521541957
-1.4396371882086179
-1.3235374149659869
-1.1609977324263063
-1.1609977324263063
-1.1609977324263028
-1.1609977324263028
-1.1609977324263028
-1.1609977324263063
-1.1609977324263063
-1.1609977324263063
-1.2770975056689338
-1.4860770975056674
-1.602176870748302
-1.4628571428571426
-1.4628571428571426
-1.4628571428571426
-1.4628571428571426
-1.4628571428571426
-1.4628571428571462
-1.4628571428571426
-1.4628571428571426
-1.4628571428571426
-1.4628571428571462
-1.4628571428571426
-1.4628571428571426
-1.4628571428571426
-1.4628571428571462
-1.3931972789115648
-1.3931972789115648
-1.300317460317462
-1.300317460317462
-1.300317460317462
-1.4860770975056674
-1.5789569160997736
-1.718276643990933
-1.7879365079365073
-1.7879365079365073
-1.7879365079365073
-1.7879365079365073
-1.7879365079365073
-1.7879365079365108
-1.7879365079365108
-1.7879365079365108
-1.6021768707482984
-1.3931972789115648
-0.9287981859410444
-0.9287981859410444
-0.9287981859410444
-0.9287981859410444
-0.9287981859410444
-0.9287981859410444
-0.9287981859410444
-0.9287981859410444
-0.8359183673469381
-0.8359183673469381
-0.8359183673469381
-0.8359183673469381
-0.8359183673469381
-0.8359183673469417
-0.8359183673469417
-0.8359183673469417
-0.8359183673469417
-0.6965986394557824
-0.6965986394557824
-0.6965986394557824
-0.6965986394557824
-0.5340589569160983
-0.5340589569160983
-0.5340589569160983
-0.5340589569160983
-0.5108390022675771
-0.41795918367347085
-0.41795918367347085
-0.41795918367347085
-0.41795918367347085
-0.48761904761904873
-0.48761904761904873
-0.48761904761904873
-0.48761904761904873
-0.4876190476190452
-0.4876190476190452
-0.4876190476190452
-0.4876190476190452
-0.48761904761904873
-0.48761904761904873
-0.48761904761904873
-0.48761904761904873
-0.48761904761904873
-0.48761904761904873
-0.48761904761904873
-0.48761904761904873
-0.48761904761904873
-0.48761904761904873
-0.48761904761904873
-0.48761904761904873
-0.48761904761904873
-0.37151927437641774
0.5572789115646266
0.5572789115646266
