OnSet desviation
0
-0.8359183673469388
-0.975238095238095
-0.9055782312925169
-0.9520181405895691
-1.021678004535147
-0.9520181405895691
-1.0913378684807258
-1.253877551020409
-1.2306575963718824
-0.9752380952380957
-1.2074376417233559
-1.3931972789115639
-1.5092970521541949
-1.5789569160997736
-1.5789569160997718
-1.4164172335600895
-1.5789569160997718
-1.6486167800453497
-1.671836734693878
-1.8575963718820852
-2.0665759637188206
-2.0665759637188206
-2.0201360544217692
-2.0201360544217692
-2.0201360544217675
-2.0201360544217675
-2.0201360544217675
-2.0201360544217692
-2.0201360544217675
-2.0201360544217675
-2.0201360544217692
-2.0201360544217675
-2.0201360544217675
-2.0201360544217675
-1.9040362811791383
-1.7879365079365073
-1.9736961451247161
-1.9736961451247161
-2.1826757369614516
-2.391655328798185
-2.391655328798185
-2.530975056689341
-2.5774149659863923
-2.5774149659863923
-2.64707482993197
-2.7631746031746047
-2.693514739229025
-2.7167346938775516
-2.7167346938775516
-2.879274376417232
-3.0418140589569145
-3.0418140589569145
-3.0418140589569163
-3.0418140589569163
-3.0418140589569163
-3.0418140589569145
-3.0418140589569127
-3.0418140589569163
-2.9024943310657605
-2.9024943310657605
-2.902494331065757
-2.902494331065757
-2.902494331065757
-2.9024943310657605
-2.9024943310657605
-2.9024943310657605
-2.902494331065757
-2.9024943310657605
-2.9024943310657605
-2.902494331065757
-2.902494331065757
-2.9024943310657605
-2.8328344671201826
-2.8328344671201826
-2.7863945578231295
-2.995374149659863
-2.995374149659863
-3.181133786848072
-3.25079365079365
-3.366893424036281
-3.4597732426303835
-3.4597732426303835
-3.4597732426303835
-3.4597732426303835
-3.4597732426303835
-3.459773242630387
-3.459773242630387
-3.459773242630387
-3.2740136054421747
-3.065034013605441
-2.972154195011335
-2.972154195011335
-2.972154195011335
-2.972154195011335
-2.9721541950113384
-2.9721541950113384
-2.9721541950113384
-2.9721541950113384
-2.972154195011335
-2.972154195011335
-2.972154195011335
-2.972154195011335
-2.9721541950113384
-2.9721541950113384
-2.9721541950113384
-2.9721541950113384
-2.9721541950113384
-2.972154195011335
-2.972154195011335
-2.972154195011335
-2.972154195011335
-2.8096145124716543
-2.8096145124716543
-2.8096145124716543
-2.8096145124716543
-2.9024943310657605
-2.786394557823126
-2.786394557823126
-2.786394557823126
-2.786394557823126
-2.9257142857142853
-2.9257142857142853
-2.9257142857142853
-2.9257142857142853
-2.9257142857142817
-2.9257142857142817
-2.9257142857142817
-2.9257142857142817
-2.9257142857142853
-2.9257142857142853
-2.9257142857142853
-2.9257142857142853
-2.9257142857142853
-2.9257142857142853
-2.9257142857142853
-2.9257142857142853
-2.9257142857142853
-2.9257142857142853
-2.9257142857142853
-2.9257142857142853
-2.9257142857142853
-2.8096145124716543
-0.51083900226757
-0.51083900226757
