OnSet desviation
0
0.3085710952380952
-0.03301653968253948
0.2058946916099771
0.02684673922902503
0.07999833333333406
-0.02938975510204056
-0.09233793424036207
-0.039186340136054376
-0.10213451927437678
-0.14186274376417174
-0.13515105895691537
-0.26775910204081743
-0.14494764399093008
-0.23111577777777725
-0.10830431972789079
-0.24091236281179285
-0.10984676984127084
-0.09488095011337982
-0.10313508503401536
-0.32036881179138454
-0.6072624024943316
-0.6155165374149654
-0.7166504909297053
-0.7016846712018143
-0.7010385793650791
-0.7003924875283456
-0.7003924875283456
-0.6997463956916103
-0.6991003038548769
-0.6991003038548769
-0.6984542120181416
-0.6978081201814081
-0.6978081201814081
-0.88292166553288
-0.9983753469387757
-0.9977292551020405
-0.997083163265307
-0.997083163265307
-0.9964370714285717
-0.9957909795918383
-0.9957909795918383
-1.1344646156462588
-1.2034783877551014
-1.2034783877551014
-1.2028322959183697
-1.2021862040816345
-1.2015401122448992
-1.200894020408164
-1.200894020408164
-1.2002479285714287
-1.1996018367346934
-1.1996018367346934
-1.1989557448979582
-1.1983096530612265
-1.1983096530612265
-1.3137633344671222
-1.5220968344671206
-1.6375505158730164
-1.6369044240362811
-1.6369044240362811
-1.6362583321995494
-1.6356122403628106
-1.6356122403628106
-1.634966148526079
-1.6343200566893437
-1.6343200566893437
-1.6336739648526084
-1.6330278730158732
-1.632381781179138
-1.6317356893424062
-1.6317356893424062
-1.631089597505671
-1.6304435056689321
-1.6304435056689321
-1.6297974138322004
-1.6291513219954652
-1.6291513219954652
-1.8142648673469388
-1.9064985941043098
-2.045172230158734
-2.114186002267573
-2.114186002267573
-2.1135399104308377
-2.1361137732426307
-2.1361137732426307
-2.1354676814058955
-2.134821589569164
-2.134821589569164
-2.134175497732425
-2.1335294058956933
-1.7607179478458086
-1.7607179478458086
-1.7607179478458086
-1.7607179478458086
-1.759425764172338
-1.759425764172338
-1.759425764172338
-1.759425764172338
-1.6652537619047614
-1.6652537619047614
-1.6652537619047614
-1.6652537619047614
-1.6639615782312909
-1.662669394557824
-1.662669394557824
-1.662669394557824
-1.662669394557824
-1.5220574829931977
-1.5220574829931977
-1.5220574829931977
-1.5220574829931977
-1.5207652993197271
-1.5207652993197271
-1.5207652993197271
-1.5207652993197271
-1.5194731156462602
-1.541400886621318
-1.541400886621318
-1.541400886621318
-1.541400886621318
-1.6097685668934254
-1.6097685668934254
-1.6097685668934254
-1.6097685668934254
-1.608476383219955
-1.608476383219955
-1.608476383219955
-1.608476383219955
-1.607184199546488
-1.6058920158730174
-1.6058920158730174
-1.6058920158730174
-1.6058920158730174
-1.604599832199547
-1.604599832199547
-1.604599832199547
-1.604599832199547
-1.6033076485260764
-1.6033076485260764
-1.6033076485260764
-1.6033076485260764
-1.6252354195011343
-0.6938528662131525
-0.6938528662131525
