OnSet desviation
0
-0.8359183673469388
-0.8359183673469388
-0.8823582766439908
-0.9055782312925169
-0.9752380952380957
-0.9752380952380957
-1.0681179138322001
-1.2306575963718824
-1.1609977324263037
-0.9287981859410435
-1.184217687074831
-1.3003174603174594
-1.5092970521541949
-1.4164172335600913
-1.5325170068027205
-1.4628571428571409
-1.6021768707482984
-1.6021768707482984
-1.625396825396825
-1.6021768707482984
-1.5789569160997718
-1.5789569160997736
-1.4860770975056692
-1.4860770975056692
-1.4860770975056692
-1.4860770975056674
-1.4860770975056674
-1.4860770975056692
-1.4860770975056674
-1.4860770975056674
-1.4860770975056692
-1.4860770975056674
-1.4860770975056674
-1.3003174603174585
-1.2074376417233559
-1.2074376417233559
-1.393197278911563
-1.393197278911563
-1.6021768707482984
-1.811156462585032
-1.811156462585032
-1.8111564625850338
-1.7879365079365073
-1.7879365079365073
-1.9504761904761878
-2.1362358276644002
-2.1826757369614516
-2.3684353741496587
-2.3684353741496587
-2.5309750566893428
-2.693514739229025
-2.693514739229025
-2.6935147392290233
-2.6935147392290233
-2.6935147392290233
-2.577414965986394
-2.3684353741496587
-2.2523356009070277
-2.252335600907031
-2.252335600907031
-2.2523356009070277
-2.2523356009070277
-2.2523356009070277
-2.2523356009070277
-2.252335600907031
-2.252335600907031
-2.2523356009070277
-2.2523356009070277
-2.252335600907031
-2.2523356009070277
-2.2523356009070277
-2.2523356009070277
-2.252335600907031
-2.252335600907031
-2.2987755102040808
-2.5077551020408144
-2.5077551020408144
-2.507755102040818
-2.4845351473922896
-2.4613151927437613
-2.4845351473922896
-2.4845351473922896
-2.4845351473922896
-2.4845351473922896
-2.4845351473922896
-2.4845351473922896
-2.4845351473922896
-2.4845351473922896
-2.4845351473922896
-2.4845351473922896
-2.856054421768704
-2.856054421768704
-2.856054421768704
-2.856054421768704
-2.8560544217687074
-2.8560544217687074
-2.8560544217687074
-2.8560544217687074
-2.94893424036281
-2.94893424036281
-2.94893424036281
-2.94893424036281
-2.9489342403628136
-2.94893424036281
-2.94893424036281
-2.94893424036281
-2.94893424036281
-3.088253968253966
-3.088253968253966
-3.088253968253966
-3.088253968253966
-3.0882539682539694
-3.0882539682539694
-3.0882539682539694
-3.0882539682539694
-3.204353741496597
-3.1811337868480685
-3.1811337868480685
-3.1811337868480685
-3.1811337868480685
-3.25079365079365
-3.25079365079365
-3.25079365079365
-3.25079365079365
-3.25079365079365
-3.25079365079365
-3.25079365079365
-3.25079365079365
-3.25079365079365
-3.25079365079365
-3.25079365079365
-3.25079365079365
-3.25079365079365
-3.25079365079365
-3.25079365079365
-3.25079365079365
-3.25079365079365
-3.25079365079365
-3.25079365079365
-3.25079365079365
-3.25079365079365
-3.25079365079365
-1.88081632653061
-1.88081632653061
