OnSet desviation
0
0.2853511405895691
-0.05623649433106559
0.1362348276643992
-0.0660330793650794
-0.08254134920634915
-0.19192943764172377
-0.3477574353741497
-0.45714552380952433
-0.45043383900226797
-0.2579625170068027
-0.506670333333334
-0.7553781496598644
-0.8415462834467116
-0.8348345986394552
-0.8281229138321979
-0.8910710929705203
-0.8993252278911559
-0.8843594081632649
-0.915833497732427
-1.1098472698412696
-1.37352090589569
-1.3817750408163256
-1.3900291757369612
-1.3750633560090701
-1.374417264172335
-1.3737711723355996
-1.3737711723355996
-1.3731250804988662
-1.372478988662131
-1.372478988662131
-1.3718328968253974
-1.3711868049886622
-1.3711868049886622
-1.3705407131519252
-1.3931145759637182
-1.392468484126983
-1.5775820294784566
-1.5775820294784566
-1.7859155294784568
-1.994249029478457
-1.994249029478457
-2.1329226655328792
-2.1787164829931953
-2.1787164829931953
-2.340610073696144
-2.5257236190476213
-2.5715174365079374
-2.7566309818594092
-2.7566309818594092
-2.918524572562358
-3.080418163265305
-3.080418163265305
-3.079772071428568
-3.0791259795918364
-3.0791259795918364
-3.078479887755103
-3.077833795918366
-3.0771877040816307
-3.076541612244899
-3.076541612244899
-3.0758955204081637
-3.075249428571425
-3.075249428571425
-3.074603336734693
-3.0739572448979615
-3.0739572448979615
-3.0733111530612227
-3.0726650612244875
-3.0720189693877558
-3.0713728775510205
-3.0713728775510205
-3.0707267857142853
-3.07008069387755
-3.07008069387755
-3.115874511337868
-3.3242080113378663
-3.3242080113378663
-3.5093215566893434
-3.578335328798186
-3.693789010204082
-3.786022736961449
-3.786022736961449
-3.785376645124714
-3.807950507936507
-3.807950507936507
-3.8073044160997718
-3.80665832426304
-3.80665832426304
-3.8060122324263013
-3.8053661405895696
-3.804073956916099
-3.804073956916099
-3.804073956916099
-3.804073956916099
-3.802781773242632
-3.802781773242632
-3.802781773242632
-3.802781773242632
-3.801489589569158
-3.801489589569158
-3.801489589569158
-3.801489589569158
-3.800197405895691
-3.7989052222222206
-3.7989052222222206
-3.7989052222222206
-3.7989052222222206
-3.79761303854875
-3.79761303854875
-3.79761303854875
-3.79761303854875
-3.796320854875283
-3.796320854875283
-3.796320854875283
-3.796320854875283
-3.9111284444444436
-3.909836260770973
-3.909836260770973
-3.909836260770973
-3.909836260770973
-4.047863804988662
-4.047863804988662
-4.047863804988662
-4.047863804988662
-4.046571621315191
-4.046571621315191
-4.046571621315191
-4.046571621315191
-4.0452794376417245
-4.043987253968254
-4.043987253968254
-4.043987253968254
-4.043987253968254
-4.0426950702947835
-4.0426950702947835
-4.0426950702947835
-4.0426950702947835
-4.041402886621313
-4.041402886621313
-4.041402886621313
-4.041402886621313
-4.063330657596371
-1.761970780045349
-1.761970780045349
