OnSet desviation
0
-0.8126984126984127
-0.9520181405895691
-0.8591383219954647
-0.8591383219954651
-0.835918367346939
-0.9055782312925169
-0.8823582766439904
-0.835918367346939
-0.8591383219954647
-0.8591383219954647
-0.8823582766439912
-0.8823582766439904
-0.7894784580498868
-0.7894784580498868
-0.7198185941043072
-0.9287981859410444
-0.9287981859410426
-1.021678004535147
-1.0448979591836718
-1.1145578231292514
-1.137777777777778
-1.1609977324263028
-1.137777777777778
-1.137777777777778
-1.137777777777778
-0.9984580498866205
-0.9984580498866205
-0.8359183673469399
-0.8126984126984134
-0.8126984126984134
-0.9287981859410444
-1.0448979591836736
-1.0448979591836736
-1.2306575963718824
-1.4164172335600913
-1.5325170068027205
-1.4396371882086179
-1.4396371882086179
-1.439637188208616
-1.4396371882086179
-1.4396371882086179
-1.3467573696145116
-1.439637188208616
-1.439637188208616
-1.439637188208616
-1.439637188208616
-1.3699773242630382
-1.3699773242630382
-1.3699773242630382
-1.3467573696145134
-1.2306575963718824
-1.2306575963718824
-1.36997732426304
-1.3699773242630382
-1.3699773242630382
-1.4860770975056692
-1.625396825396825
-1.7182766439909294
-1.6486167800453515
-1.6486167800453515
-1.6253968253968267
-1.7182766439909312
-1.7182766439909312
-1.7182766439909294
-1.7182766439909294
-1.7182766439909294
-1.741496598639456
-1.764716553287979
-1.7647165532879825
-1.7647165532879825
-1.7647165532879825
-1.8343764172335604
-1.8343764172335604
-1.8343764172335604
-1.8343764172335604
-1.8343764172335604
-1.8343764172335604
-1.8575963718820852
-1.9040362811791383
-1.9040362811791383
-1.8808163265306135
-1.8808163265306135
-1.88081632653061
-1.8575963718820852
-1.8575963718820852
-1.927256235827663
-1.927256235827663
-1.927256235827663
-1.9504761904761878
-1.9504761904761914
-1.9504761904761878
-1.9504761904761878
-1.9504761904761878
-1.9504761904761878
-1.9504761904761914
-1.9504761904761914
-1.9504761904761914
-1.9504761904761914
-1.9504761904761878
-1.9504761904761878
-1.9504761904761878
-1.9504761904761878
-2.0201360544217692
-2.391655328798187
-2.391655328798187
-2.391655328798187
-2.391655328798187
-2.6006349206349206
-2.6006349206349206
-2.6006349206349206
-2.6006349206349206
-2.4845351473922896
-2.4845351473922896
-2.4845351473922896
-2.4845351473922896
-2.4148752834467118
-2.368435374149662
-2.368435374149662
-2.368435374149662
-2.368435374149662
-2.6006349206349206
-2.6006349206349206
-2.6006349206349206
-2.6006349206349206
-2.73995464852608
-2.73995464852608
-2.73995464852608
-2.73995464852608
-2.6006349206349206
-2.4845351473922896
-2.4845351473922896
-2.4845351473922896
-2.4845351473922896
-2.4845351473922896
-2.4845351473922896
-2.4845351473922896
-2.4845351473922896
-2.4148752834467118
-2.4148752834467118
-2.4148752834467118
-2.4148752834467118
-2.4148752834467118
-2.205895691609978
-2.205895691609978
