OnSet desviation
0
-0.65015873015873
-0.4411791383219956
-0.02321995464852611
0.11609977324263099
0.2786394557823133
0.41795918367346907
0.7894784580498868
0.9520181405895691
1.0913378684807258
1.3467573696145134
1.6253968253968258
1.8111564625850338
1.9969160997732427
2.2291156462585047
2.461315192743763
2.879274376417234
2.9024943310657605
2.995374149659865
2.995374149659863
3.2043537414965986
3.2740136054421765
3.25079365079365
3.297233560090703
3.297233560090703
3.297233560090705
3.297233560090703
3.297233560090703
3.297233560090703
3.3436734693877543
3.3436734693877543
3.5526530612244898
3.552653061224488
3.552653061224488
3.5294331065759614
3.5294331065759614
3.506213151927435
3.2972335600907012
3.2972335600907012
3.2740136054421747
3.2740136054421747
3.2740136054421747
3.2740136054421765
3.366893424036279
3.366893424036279
3.413333333333332
3.390113378684804
3.413333333333332
3.622312925170066
3.622312925170066
3.8080725623582747
3.831292517006803
3.831292517006803
3.8777324263038526
3.668752834467117
3.668752834467117
3.622312925170066
3.645532879818594
3.6455328798185924
3.552653061224488
3.552653061224488
3.552653061224488
3.48299319727891
3.48299319727891
3.4133333333333304
3.3901133786848057
3.3901133786848057
3.3901133786848074
3.4133333333333304
3.3668934240362773
3.3668934240362773
3.3668934240362773
3.413333333333334
3.4133333333333304
3.4133333333333304
3.4133333333333304
3.413333333333334
3.413333333333334
3.4133333333333304
3.4597732426303835
3.6455328798185924
3.8080725623582765
3.8080725623582765
3.993832199546482
4.109931972789113
4.109931972789113
4.295691609977322
4.504671201814059
4.504671201814059
4.551111111111108
4.551111111111108
4.551111111111108
4.551111111111108
4.551111111111108
4.551111111111108
4.551111111111108
4.551111111111108
4.551111111111108
4.551111111111108
5.294149659863944
5.294149659863944
5.294149659863944
5.294149659863944
5.363809523809522
5.7353287981859395
5.7353287981859395
5.7353287981859395
5.7353287981859395
6.1997278911564635
6.1997278911564635
6.1997278911564635
6.1997278911564635
6.431927437641722
6.431927437641722
6.431927437641722
6.431927437641722
6.687346938775509
6.687346938775509
6.687346938775509
6.687346938775509
6.687346938775509
6.919546485260771
6.919546485260771
6.919546485260771
6.919546485260771
7.26784580498866
7.26784580498866
7.26784580498866
7.26784580498866
8.010884353741496
8.243083900226754
8.243083900226754
8.243083900226754
8.243083900226754
8.243083900226758
8.243083900226758
8.243083900226758
8.243083900226758
8.243083900226754
8.243083900226754
8.243083900226754
8.243083900226754
9.125442176870745
9.218321995464851
9.218321995464851
