OnSet desviation
0
-0.5108390022675736
-0.4411791383219956
0.06965986394557833
0.20897959183673498
0.3947392290249434
0.4643990929705213
0.8591383219954656
1.0681179138321992
1.1842176870748302
1.4396371882086179
1.6950566893424037
1.8808163265306126
2.159455782312925
2.391655328798187
2.693514739229025
2.9024943310657587
2.925714285714287
2.925714285714287
2.9024943310657605
3.0418140589569163
3.0882539682539676
3.0418140589569163
3.111473922902494
3.111473922902494
3.111473922902496
3.2507936507936517
3.2507936507936517
3.413333333333332
3.48299319727891
3.48299319727891
3.5758730158730145
3.4597732426303835
3.4597732426303835
3.250793650793648
3.0650340136054393
2.9257142857142835
2.8096145124716525
2.8096145124716525
2.7863945578231277
2.786394557823126
2.786394557823126
2.879274376417234
2.879274376417232
2.879274376417232
2.9257142857142853
2.902494331065757
2.995374149659863
3.204353741496597
3.204353741496597
3.4133333333333304
3.5526530612244898
3.5526530612244898
3.4597732426303818
3.250793650793648
3.250793650793648
3.088253968253966
2.9721541950113384
2.879274376417232
2.8560544217687056
2.8560544217687056
2.8792743764172304
2.716734693877548
2.716734693877548
2.64707482993197
2.6238548752834454
2.6238548752834454
2.6006349206349206
2.6006349206349206
2.554195011337864
2.554195011337864
2.554195011337864
2.5309750566893428
2.530975056689339
2.530975056689339
2.530975056689339
2.5309750566893428
2.5309750566893428
2.5077551020408144
2.5077551020408144
2.6935147392290233
2.879274376417232
2.879274376417232
3.065034013605441
3.204353741496597
3.204353741496597
3.320453514739228
3.529433106575965
3.529433106575965
3.5526530612244898
3.552653061224486
3.5526530612244898
3.5526530612244898
3.5526530612244898
3.5526530612244898
3.552653061224486
3.552653061224486
3.552653061224486
3.552653061224486
4.295691609977325
4.295691609977325
4.295691609977325
4.295691609977325
4.295691609977322
4.295691609977322
4.295691609977322
4.295691609977322
4.295691609977322
4.551111111111112
4.551111111111112
4.551111111111112
4.551111111111112
4.899410430839001
4.899410430839001
4.899410430839001
4.899410430839001
5.224489795918366
5.270929705215416
5.270929705215416
5.270929705215416
5.270929705215416
5.270929705215419
5.270929705215419
5.270929705215419
5.270929705215419
5.479909297052149
5.479909297052149
5.479909297052149
5.479909297052149
6.362267573696144
6.7105668934240335
6.7105668934240335
6.7105668934240335
6.7105668934240335
6.710566893424037
6.710566893424037
6.710566893424037
6.710566893424037
6.780226757369611
6.780226757369611
6.780226757369611
6.780226757369611
7.662585034013603
7.964444444444442
7.964444444444442
