OnSet desviation
0
0.30857109523809534
0.3385027346938776
0.6935137392290249
0.6073456054421773
0.9623566099773244
0.7600887029478454
1.1150997074829938
1.1218113922902493
1.1981829410430835
1.3442143537414974
1.5134657210884352
1.5433973605442173
1.6197689092970524
1.789020276643992
1.9350516893424032
2.0578631473922897
2.049609012471656
2.064574832199547
2.033100742630385
2.0248466077097493
1.8540527902494333
1.7993587460317464
1.7911046111111109
1.8060704308390019
1.806716522675739
1.8073626145124724
1.8073626145124724
1.8080087063492059
1.8086547981859393
1.8086547981859393
1.8093008900226746
1.693847208616777
1.693847208616777
1.4855137086167787
1.2771802086167785
1.0688467086167783
0.8605132086167782
0.8605132086167782
0.8379393458049869
0.8385854376417203
0.8385854376417203
0.8392315294784574
0.8398776213151926
0.8398776213151926
0.7476438945578217
0.7018500770975002
0.702496168934239
0.7031422607709743
0.7031422607709743
0.703788352607706
0.7044344444444448
0.7044344444444448
0.6122007176870738
0.4038672176870719
0.4038672176870719
0.24197362698412306
0.12651994557823087
0.011066264172335138
-0.12760737188208893
-0.12760737188208893
-0.266281007936513
-0.42817459863945473
-0.42817459863945473
-0.4971883707483009
-0.519762233560094
-0.519762233560094
-0.5655560510204083
-0.564909959183673
-0.7500235045351502
-0.9583570045351522
-0.9583570045351522
-1.0738106859410443
-1.073164594104309
-1.073164594104309
-1.0725185022675774
-1.0718724104308386
-1.0718724104308386
-1.0712263185941069
-1.0705802267573716
-1.0699341349206364
-1.0692880430839011
-1.0692880430839011
-1.0686419512471659
-1.091215814058959
-1.091215814058959
-1.0905697222222237
-1.0899236303854885
-1.0899236303854885
-1.0892775385487532
-1.0886314467120215
-1.087339263038551
-1.087339263038551
-1.087339263038551
-1.087339263038551
-1.086047079365084
-1.086047079365084
-1.086047079365084
-1.086047079365084
-0.3417163469387745
-0.3417163469387745
-0.3417163469387745
-0.3417163469387745
-0.34042416326530756
-0.33913197959183705
-0.33913197959183705
-0.33913197959183705
-0.33913197959183705
-0.0824202947845798
-0.0824202947845798
-0.0824202947845798
-0.0824202947845798
-0.08112811111111284
-0.08112811111111284
-0.08112811111111284
-0.08112811111111284
0.1755835736961444
0.17687575736961136
0.17687575736961136
0.17687575736961136
0.17687575736961136
0.17816794104308187
0.17816794104308187
0.17816794104308187
0.17816794104308187
0.17946012471654882
0.17946012471654882
0.17946012471654882
0.17946012471654882
0.9237908571428548
1.1572825873015837
1.1572825873015837
1.1572825873015837
1.1572825873015837
1.1585747709750578
1.1585747709750578
1.1585747709750578
1.1585747709750578
1.1598669546485247
1.1598669546485247
1.1598669546485247
1.1598669546485247
2.020297460317458
2.6730405578231284
2.6730405578231284
