OnSet desviation
0
0.6104305056689344
0.7564619183673471
1.1811327868480728
1.234284380952381
1.7518350680272103
1.8978664807256234
2.2296575306122453
2.5614485804988663
2.8235797664399085
3.2714705895691605
3.6032616394557824
3.656413233560089
3.918544419501135
4.412875151927437
4.628566428571428
4.635278113378686
4.882443479591837
5.222488664399092
5.56253384920635
5.3685200770975054
5.104846441043085
5.119812260770978
5.111558125850342
5.126523945578231
5.1271700374149685
5.127816129251702
5.127816129251702
5.128462221088435
5.129108312925172
5.129108312925172
5.129754404761906
5.130400496598639
5.130400496598639
5.131046588435378
5.108472725623583
5.10911881746032
5.109764909297054
5.109764909297054
5.110411001133787
5.111057092970524
5.111057092970524
5.111703184807258
5.112349276643993
5.112349276643993
5.112995368480728
5.11364146031746
4.998187778911564
4.905954052154197
4.905954052154197
4.906600143990929
4.907246235827667
4.907246235827667
4.907892327664403
4.908538419501134
4.908538419501134
4.90918451133787
4.909830603174605
4.91047669501134
4.911122786848072
4.911122786848072
4.911768878684807
4.912414970521546
4.912414970521546
4.9130610623582776
4.913707154195013
4.913707154195013
4.914353246031748
4.914999337868483
4.915645429705219
4.91629152154195
4.91629152154195
4.9169376133786855
4.917583705215421
4.917583705215421
4.918229797052156
4.918875888888891
4.918875888888891
4.82664216213152
4.6879685260771
4.526074935374151
4.503501072562361
4.503501072562361
4.504147164399097
4.481573301587304
4.481573301587304
4.482219393424039
4.4828654852607706
4.4828654852607706
4.483511577097509
4.484157668934241
4.485449852607712
4.485449852607712
4.485449852607712
4.485449852607712
4.4867420362811785
4.4867420362811785
4.4867420362811785
4.4867420362811785
4.488034219954653
4.488034219954653
4.488034219954653
4.488034219954653
4.4893264036281195
4.606718360544221
4.606718360544221
4.606718360544221
4.606718360544221
4.608010544217688
4.608010544217688
4.608010544217688
4.608010544217688
4.6093027278911585
4.6093027278911585
4.6093027278911585
4.6093027278911585
4.610594911564629
4.681546959183677
4.681546959183677
4.681546959183677
4.681546959183677
4.682839142857144
4.682839142857144
4.682839142857144
4.682839142857144
4.684131326530611
4.684131326530611
4.684131326530611
4.684131326530611
4.91762305668934
4.965355149659864
4.965355149659864
4.965355149659864
4.965355149659864
4.966647333333334
4.966647333333334
4.966647333333334
4.966647333333334
4.967939517006808
4.967939517006808
4.967939517006808
4.967939517006808
4.9460117460317505
4.948596113378684
4.948596113378684
