OnSet desviation
0
-0.4411791383219954
-0.06965986394557833
0.3018594104308385
0.5572789115646257
0.9752380952380957
1.3467573696145116
1.3931972789115639
2.089795918367347
2.4845351473922896
2.6702947845804985
2.995374149659863
3.4829931972789137
3.9009523809523827
4.086712018140592
4.667210884353743
4.783310657596374
5.015510204081632
4.992290249433111
4.643990929705218
4.736870748299321
4.992290249433111
4.969070294784583
4.899410430839005
4.829750566893427
4.8297505668934235
4.829750566893427
4.829750566893427
4.829750566893427
4.8297505668934235
4.8297505668934235
4.829750566893427
5.99074829931973
5.99074829931973
6.942766439909295
6.942766439909299
6.942766439909299
6.942766439909299
6.942766439909299
6.942766439909299
6.942766439909299
6.942766439909299
6.942766439909299
6.942766439909299
6.942766439909299
6.942766439909295
6.942766439909299
7.05886621315193
7.151746031746033
7.151746031746033
7.151746031746036
7.151746031746033
7.151746031746033
7.151746031746033
7.151746031746033
7.151746031746033
7.151746031746033
7.151746031746033
7.151746031746036
8.56816326530613
8.56816326530613
8.568163265306122
8.568163265306126
8.568163265306126
8.568163265306122
8.568163265306122
8.568163265306122
10.263219954648527
10.26321995464853
10.263219954648523
10.263219954648527
10.263219954648527
10.26321995464853
10.263219954648527
10.263219954648527
10.263219954648527
10.26321995464853
10.26321995464853
10.35609977324263
10.495419501133789
10.657959183673473
10.681179138321994
10.681179138321994
10.681179138321998
10.681179138321994
10.681179138321994
10.681179138321998
10.681179138322001
10.681179138322001
10.518639455782314
10.402539682539686
10.332879818594101
10.332879818594101
10.332879818594101
10.332879818594101
10.17034013605442
10.17034013605442
10.17034013605442
10.17034013605442
10.170340136054424
10.170340136054424
10.170340136054424
10.170340136054424
10.170340136054424
10.05424036281179
10.05424036281179
10.05424036281179
10.05424036281179
10.054240362811797
10.054240362811797
10.054240362811797
10.054240362811797
10.054240362811793
10.054240362811793
10.054240362811793
10.054240362811793
10.05424036281179
9.984580498866215
9.984580498866215
9.984580498866215
9.984580498866215
9.984580498866215
9.984580498866215
9.984580498866215
9.984580498866215
9.984580498866215
9.984580498866215
9.984580498866215
9.984580498866215
9.752380952380953
9.705941043083904
9.705941043083904
9.705941043083904
9.705941043083904
9.705941043083904
9.705941043083904
9.705941043083904
9.705941043083904
9.705941043083897
9.705941043083897
9.705941043083897
9.705941043083897
9.705941043083897
9.705941043083904
9.705941043083904
