OnSet desviation
0
-0.4411791383219954
-0.11609977324263054
0.27863945578231286
0.6037188208616779
1.137777777777778
0.9287981859410435
1.927256235827664
2.229115646258503
2.4845351473922896
2.6702947845804985
2.995374149659863
3.413333333333334
3.7616326530612234
3.8545124716553296
4.226031746031747
4.551111111111108
4.736870748299317
4.690430839002268
4.342131519274375
4.527891156462584
4.62077097505669
4.5975510204081615
4.481451247165531
4.365351473922903
4.272471655328797
4.109931972789116
4.109931972789116
4.109931972789116
4.109931972789113
4.109931972789113
4.109931972789116
4.109931972789116
4.109931972789116
4.109931972789113
4.109931972789116
4.109931972789113
4.109931972789116
4.109931972789116
4.109931972789116
4.109931972789113
4.109931972789113
4.109931972789116
4.109931972789116
4.109931972789116
4.06349206349206
3.9473922902494323
3.9241723356009075
3.8777324263038544
3.8777324263038544
3.8777324263038544
3.8777324263038544
3.8777324263038544
3.8777324263038544
3.8777324263038544
3.8777324263038544
3.8777324263038544
3.8777324263038544
3.8777324263038544
3.8777324263038544
3.8777324263038544
3.8777324263038544
3.8777324263038544
3.8777324263038544
3.8777324263038544
3.8777324263038544
3.8777324263038544
3.8777324263038544
3.8777324263038544
3.877732426303851
3.8777324263038544
3.8777324263038544
3.8777324263038544
3.8777324263038544
3.8777324263038544
3.668752834467117
3.4597732426303835
3.4597732426303835
3.482993197278912
3.6223129251700676
3.784852607709748
3.808072562358273
3.808072562358273
3.8080725623582765
3.808072562358273
3.808072562358273
3.8080725623582765
3.80807256235828
3.80807256235828
3.8080725623582765
3.80807256235828
3.8080725623582765
3.8080725623582765
3.8080725623582765
3.8080725623582765
3.8080725623582836
3.8080725623582836
3.8080725623582836
3.8080725623582836
5.015510204081632
5.015510204081632
5.015510204081632
5.015510204081632
5.0155102040816395
4.992290249433111
4.992290249433111
4.992290249433111
4.992290249433111
4.992290249433111
4.992290249433111
4.992290249433111
4.992290249433111
5.363809523809525
5.363809523809525
5.363809523809525
5.363809523809525
5.363809523809522
5.2941496598639475
5.2941496598639475
5.2941496598639475
5.2941496598639475
5.2941496598639475
5.2941496598639475
5.2941496598639475
5.2941496598639475
5.2941496598639475
5.2941496598639475
5.2941496598639475
5.2941496598639475
5.061950113378693
5.015510204081636
5.015510204081636
5.015510204081636
5.015510204081636
5.015510204081636
5.015510204081636
5.015510204081636
5.015510204081636
5.015510204081636
5.015510204081636
5.015510204081636
5.015510204081636
5.015510204081636
5.015510204081636
5.015510204081636
