OnSet desviation
0
0.9587298253968256
1.4762805124716551
2.2724706553287977
2.5810417505668934
3.516551621315193
4.034102308390022
4.412333267573696
5.4407229569161
6.097593371882085
6.731243832199546
7.388114247165532
7.92888488888889
8.608975258503405
9.289065628117916
10.085255770975058
10.208067229024946
10.687432141723356
11.004257371882089
10.996003236961453
10.894869283446711
10.886615148526081
10.878361013605446
10.800447014739232
10.745752970521544
10.746399062358277
10.747045154195014
10.747045154195014
10.747691246031748
10.748337337868481
10.748337337868481
10.748983429705218
11.910627253968254
11.910627253968254
12.863291486394559
12.840717623582767
12.841363715419504
12.842009807256238
12.842009807256238
12.842655899092971
12.843301990929708
12.843301990929708
12.843948082766442
12.844594174603177
12.844594174603177
12.845240266439909
12.845886358276644
12.84653245011338
12.847178541950115
12.847178541950115
12.84782463378685
12.848470725623585
12.848470725623585
12.84911681746032
12.849762909297052
12.849762909297052
12.850409001133787
12.851055092970523
12.851701184807261
14.268764510204086
14.268764510204086
14.269410602040814
14.270056693877557
14.270056693877557
14.270702785714285
14.27134887755102
14.27134887755102
15.96705165873016
15.967697750566899
15.968343842403627
15.968989934240362
15.968989934240362
15.9696360260771
15.970282117913833
15.970282117913833
15.970928209750568
15.971574301587307
15.971574301587307
15.972220393424035
15.972866485260774
15.973512577097509
15.97415866893424
15.97415866893424
15.97480476077098
15.952230897959183
15.952230897959183
15.952876989795922
15.953523081632657
15.953523081632657
15.791629490929708
15.676175809523812
15.607808129251698
15.607808129251698
15.607808129251698
15.607808129251698
15.446560630385484
15.446560630385484
15.446560630385484
15.446560630385484
15.447852814058962
15.447852814058962
15.447852814058962
15.447852814058962
15.449144997732429
15.450437181405896
15.450437181405896
15.450437181405896
15.450437181405896
15.45172936507937
15.45172936507937
15.45172936507937
15.45172936507937
15.453021548752837
15.453021548752837
15.453021548752837
15.453021548752837
15.454313732426304
15.455605916099778
15.455605916099778
15.455605916099778
15.455605916099778
15.456898099773245
15.456898099773245
15.456898099773245
15.456898099773245
15.458190283446712
15.458190283446712
15.458190283446712
15.458190283446712
15.459482467120178
15.460774650793653
15.460774650793653
15.460774650793653
15.460774650793653
15.462066834467123
15.462066834467123
15.462066834467123
15.462066834467123
15.46335901814059
15.46335901814059
15.46335901814059
15.46335901814059
15.441431247165532
15.444015614512473
15.444015614512473
