OnSet desviation
0
-0.7894784580498866
-0.835918367346939
-0.8126984126984125
-0.7430385487528346
-0.6269387755102045
-1.207437641723355
-0.25541950113378675
-0.650158730158731
-0.7894784580498868
-0.7894784580498868
-0.7894784580498868
-0.8591383219954665
-0.9287981859410444
-1.021678004535147
-1.2306575963718807
-1.0216780045351506
-1.0681179138322001
-1.0913378684807284
-1.0913378684807284
-0.9984580498866222
-1.1609977324263063
-1.1609977324263063
-1.2074376417233594
-1.253877551020409
-1.3467573696145116
-1.5092970521541957
-1.5092970521541957
-1.5092970521541957
-1.5092970521541957
-1.5092970521541957
-1.5092970521541957
-2.6702947845804985
-2.6702947845804985
-3.6223129251700676
-3.6223129251700676
-3.622312925170071
-3.6223129251700676
-3.6223129251700676
-3.6223129251700676
-3.622312925170071
-3.622312925170071
-3.6223129251700676
-3.6223129251700676
-3.6223129251700676
-3.6687528344671207
-3.7848526077097517
-3.9241723356009075
-4.063492063492063
-4.063492063492063
-4.063492063492067
-4.063492063492063
-4.063492063492063
-4.063492063492063
-4.063492063492063
-4.063492063492063
-4.063492063492063
-4.063492063492063
-4.063492063492067
-5.47990929705216
-5.47990929705216
-5.479909297052153
-5.479909297052156
-5.479909297052156
-5.479909297052153
-5.479909297052153
-5.479909297052153
-7.174965986394557
-7.174965986394561
-7.174965986394557
-7.174965986394557
-7.174965986394557
-7.174965986394561
-7.174965986394557
-7.174965986394557
-7.383945578231295
-7.592925170068032
-7.592925170068032
-7.662585034013603
-7.662585034013606
-7.66258503401361
-7.662585034013606
-7.662585034013606
-7.662585034013606
-7.662585034013606
-7.662585034013606
-7.662585034013606
-7.662585034013606
-7.662585034013606
-7.500045351473922
-7.383945578231291
-7.31428571428571
-7.31428571428571
-7.31428571428571
-7.31428571428571
-7.151746031746022
-7.151746031746022
-7.151746031746022
-7.151746031746022
-5.944308390022677
-5.944308390022677
-5.944308390022677
-5.944308390022677
-5.94430839002267
-5.851428571428563
-5.851428571428563
-5.851428571428563
-5.851428571428563
-5.8514285714285705
-5.8514285714285705
-5.8514285714285705
-5.8514285714285705
-5.479909297052153
-5.479909297052153
-5.479909297052153
-5.479909297052153
-5.479909297052153
-5.479909297052153
-5.479909297052153
-5.479909297052153
-5.479909297052153
-5.479909297052153
-5.479909297052153
-5.479909297052153
-5.479909297052153
-5.479909297052153
-5.479909297052153
-5.479909297052153
-5.479909297052153
-5.479909297052146
-5.479909297052153
-5.479909297052153
-5.479909297052153
-5.479909297052153
-5.479909297052153
-5.479909297052153
-5.479909297052153
-5.479909297052153
-5.479909297052146
-5.479909297052146
-5.479909297052146
-5.479909297052146
-5.479909297052146
-5.479909297052153
-5.479909297052153
