OnSet desviation
0
0.40145091383219966
0.43138255328798203
0.6006339206349205
0.5376857414965985
0.86947679138322
0.9458483401360542
1.161539616780046
1.3075710294784582
1.3607226235827659
1.6460737641723355
1.6992253582766441
1.682717088435373
1.8055285464852613
1.9051200498866212
2.0743714172335608
2.0810831020408163
2.119268876417234
2.134234696145125
2.0563206972789114
1.7229871972789113
1.4360936065759642
1.4278394716553304
1.3267055181405905
1.2720114739229036
1.272657565759637
1.11076397505669
1.11076397505669
1.0881901122448987
1.0888362040816322
1.0888362040816322
1.0894822959183657
1.0901283877551027
1.0901283877551027
1.090774479591838
1.0682006167800449
1.0688467086167783
1.0694928004535118
1.0694928004535118
1.0701388922902488
1.0707849841269823
1.0707849841269823
1.0714310759637158
1.0720771678004546
1.0720771678004546
0.9798434410430801
0.9108296689342374
0.8650358514739196
0.6567023514739212
0.6567023514739212
0.6109085340136033
0.6115546258503386
0.6115546258503386
0.6122007176870738
0.6128468095238091
0.6128468095238091
0.6134929013605408
0.614138993197276
0.6147850850340149
0.5689912675736934
0.5689912675736934
0.4767575408163225
0.43096372335601174
0.43096372335601174
0.43160981519274344
0.43225590702947514
0.43225590702947514
0.4329019988662104
0.4335480907029492
0.29487445464852513
0.29552054648525683
0.29552054648525683
0.2961666383219921
0.2968127301587309
0.2968127301587309
0.2974588219954626
0.29810491383219784
0.29810491383219784
0.2987510056689331
0.27617714285714
0.0910635975056664
-0.09404994784580722
-0.09404994784580722
-0.18628367460317463
-0.2088575374149677
-0.2088575374149677
-0.20821144557823246
-0.2075653537414972
-0.2075653537414972
-0.20691926190476195
-0.20627317006803025
-0.29786080498866596
-0.29786080498866596
-0.29786080498866596
-0.29786080498866596
-0.36622848526077334
-0.36622848526077334
-0.36622848526077334
-0.36622848526077334
-0.36493630158730284
-0.36493630158730284
-0.36493630158730284
-0.36493630158730284
-0.36364411791383233
-0.36235193424036183
-0.36235193424036183
-0.36235193424036183
-0.36235193424036183
-0.3610597505668949
-0.3610597505668949
-0.3610597505668949
-0.3610597505668949
-0.3597675668934244
-0.3597675668934244
-0.3597675668934244
-0.3597675668934244
-0.3584753832199574
-0.5893827460317489
-0.5893827460317489
-0.5893827460317489
-0.5893827460317489
-0.6577504263038563
-0.6577504263038563
-0.6577504263038563
-0.6577504263038563
-0.6564582426303893
-0.6564582426303893
-0.6564582426303893
-0.6564582426303893
-0.6551660589569188
-0.6538738752834519
-0.6538738752834519
-0.6538738752834519
-0.6538738752834519
-0.6525816916099778
-0.6525816916099778
-0.6525816916099778
-0.6525816916099778
-0.6512895079365073
-0.6512895079365073
-0.6512895079365073
-0.6512895079365073
-0.6732172789115651
-0.6706329115646277
-0.6706329115646277
