OnSet desviation
0
-0.673378684807256
-0.6965986394557819
-0.6733786848072563
-0.6733786848072563
-0.5804988662131523
-0.5572789115646257
-0.44117913832199473
-0.32507936507936463
-0.4643990929705213
-0.2786394557823133
-0.3018594104308381
-0.41795918367346907
-0.4411791383219956
-0.37151927437641774
-0.4411791383219956
-0.41795918367346907
-0.5340589569161001
-0.5340589569160983
-0.6037188208616779
-0.8823582766439912
-1.3467573696145134
-1.3467573696145116
-1.439637188208616
-1.509297052154194
-1.509297052154194
-1.5789569160997718
-1.5789569160997718
-1.6021768707482966
-1.6021768707483002
-1.6021768707483002
-1.6021768707483002
-1.6021768707482966
-1.6021768707482966
-1.6021768707483002
-1.602176870748302
-1.5789569160997772
-1.5789569160997772
-1.5789569160997772
-1.5789569160997736
-1.5789569160997736
-1.5789569160997736
-1.602176870748302
-1.6021768707482984
-1.6021768707482984
-1.6950566893424082
-1.7647165532879825
-1.6950566893424046
-1.6950566893424046
-1.6950566893424046
-1.7414965986394577
-1.7414965986394577
-1.7414965986394577
-1.7414965986394577
-1.7414965986394577
-1.7414965986394577
-1.7414965986394577
-1.7414965986394577
-1.7414965986394542
-1.7879365079365108
-1.7879365079365108
-1.8808163265306135
-1.927256235827663
-1.927256235827663
-1.9272562358276666
-1.9272562358276666
-1.9272562358276666
-1.9272562358276666
-1.9272562358276666
-2.0665759637188224
-2.0665759637188224
-2.0665759637188224
-2.0665759637188224
-2.0665759637188224
-2.0665759637188224
-2.0665759637188224
-2.0665759637188224
-2.0665759637188224
-2.0665759637188224
-2.0897959183673507
-2.1130158730158755
-2.1130158730158755
-2.1130158730158755
-2.0433560090702976
-2.0201360544217692
-2.0201360544217692
-2.020136054421773
-2.0201360544217692
-2.0201360544217692
-2.0201360544217692
-2.0201360544217692
-2.1594557823129286
-2.1594557823129286
-2.1594557823129286
-2.1594557823129286
-2.229115646258503
-2.229115646258503
-2.229115646258503
-2.229115646258503
-2.2291156462585064
-2.2291156462585064
-2.2291156462585064
-2.2291156462585064
-2.2291156462585064
-2.229115646258503
-2.229115646258503
-2.229115646258503
-2.229115646258503
-2.2291156462585064
-2.2291156462585064
-2.2291156462585064
-2.2291156462585064
-2.229115646258503
-2.229115646258503
-2.229115646258503
-2.229115646258503
-2.1594557823129286
-2.2755555555555596
-2.2755555555555596
-2.2755555555555596
-2.2755555555555596
-2.345215419501134
-2.345215419501134
-2.345215419501134
-2.345215419501134
-2.3452154195011374
-2.3452154195011374
-2.3452154195011374
-2.3452154195011374
-2.345215419501134
-2.3452154195011374
-2.3452154195011374
-2.3452154195011374
-2.3452154195011374
-2.3452154195011374
-2.3452154195011374
-2.3452154195011374
-2.3452154195011374
-2.345215419501134
-2.345215419501134
-2.345215419501134
-2.345215419501134
-2.345215419501134
-2.229115646258503
-2.229115646258503
