OnSet desviation
0
-0.8359183673469386
-0.8823582766439908
-0.8591383219954647
-0.8823582766439912
-0.9984580498866213
-1.0681179138321992
-0.9520181405895691
-1.0448979591836736
-1.0913378684807267
-1.0913378684807267
-1.1842176870748293
-1.253877551020409
-1.3003174603174603
-1.4164172335600913
-1.4164172335600895
-1.4628571428571426
-1.4860770975056692
-1.4860770975056692
-1.555736961451247
-1.5789569160997718
-1.6021768707483002
-1.6021768707482984
-1.509297052154194
-1.509297052154194
-1.3931972789115665
-1.439637188208616
-1.439637188208616
-1.4628571428571409
-1.4628571428571444
-1.4628571428571444
-1.4628571428571444
-1.4628571428571409
-1.4628571428571409
-1.4628571428571409
-1.4628571428571426
-1.416417233560093
-1.416417233560093
-1.416417233560093
-1.416417233560093
-1.416417233560093
-1.416417233560093
-1.416417233560093
-1.4164172335600895
-1.4164172335600895
-1.4628571428571462
-1.5092970521541957
-1.4396371882086179
-1.4396371882086179
-1.4396371882086179
-1.4628571428571426
-1.4628571428571462
-1.4628571428571462
-1.4628571428571462
-1.4628571428571426
-1.4628571428571426
-1.4628571428571426
-1.4628571428571462
-1.4628571428571426
-1.5092970521541957
-1.5092970521541957
-1.5557369614512488
-1.6021768707482984
-1.6021768707482984
-1.602176870748302
-1.602176870748302
-1.602176870748302
-1.602176870748302
-1.6021768707482984
-1.7414965986394577
-1.7414965986394577
-1.7414965986394577
-1.7414965986394577
-1.7414965986394577
-1.7414965986394577
-1.7414965986394577
-1.7414965986394577
-1.7414965986394577
-1.7414965986394542
-1.764716553287986
-1.7647165532879825
-1.7879365079365108
-1.7879365079365108
-1.718276643990933
-1.6950566893424046
-1.6950566893424046
-1.6950566893424046
-1.6950566893424046
-1.6950566893424046
-1.6950566893424046
-1.6950566893424046
-1.834376417233564
-1.834376417233564
-1.834376417233564
-1.834376417233564
-1.9040362811791383
-1.9040362811791383
-1.9040362811791383
-1.9040362811791383
-1.9040362811791418
-1.9040362811791418
-1.9040362811791418
-1.9040362811791418
-1.9040362811791383
-1.9040362811791383
-1.9040362811791383
-1.9040362811791383
-1.9040362811791383
-1.9040362811791418
-1.9040362811791418
-1.9040362811791418
-1.9040362811791418
-1.9040362811791383
-1.9040362811791383
-1.9040362811791383
-1.9040362811791383
-1.9040362811791418
-1.9040362811791418
-1.9040362811791418
-1.9040362811791418
-1.9040362811791418
-1.7879365079365073
-1.7879365079365073
-1.7879365079365073
-1.7879365079365073
-1.7879365079365108
-1.7879365079365108
-1.7879365079365108
-1.7879365079365108
-1.7879365079365108
-1.7879365079365108
-1.7879365079365108
-1.7879365079365108
-1.7879365079365108
-1.7879365079365108
-1.7879365079365108
-1.7879365079365108
-1.7879365079365108
-1.7879365079365073
-1.7879365079365073
-1.7879365079365073
-1.7879365079365073
-1.7879365079365108
-1.7647165532879825
-1.7647165532879825
