OnSet desviation
0
-0.6501587301587302
-0.6269387755102038
-0.626938775510204
-0.6037188208616775
-0.3947392290249434
-0.30185941043083897
-0.3018594104308381
-0.09287981859410355
-0.1857596371882071
0.0
0.06965986394557788
0.023219954648526553
0.04643990929705133
0.2321995464852602
0.16253968253968054
0.2321995464852602
0.13931972789115576
0.13931972789115754
0.13931972789115576
-0.11609977324263276
-0.5572789115646266
-0.5572789115646266
-0.7430385487528355
-0.8126984126984134
-0.9287981859410408
-0.9520181405895691
-0.9520181405895691
-0.9520181405895691
-0.9520181405895691
-0.9520181405895691
-0.9520181405895691
-0.9520181405895691
-0.9520181405895691
-0.9520181405895727
-0.9520181405895727
-0.9752380952380975
-0.9752380952380975
-0.9752380952380975
-0.9752380952380939
-0.9752380952380939
-0.9752380952380939
-0.9984580498866222
-0.9984580498866222
-0.9984580498866222
-1.0448979591836753
-1.0681179138322001
-1.0681179138322001
-1.0681179138322001
-1.0681179138322001
-1.0913378684807284
-1.091337868480725
-1.091337868480725
-1.091337868480725
-1.0913378684807284
-1.0913378684807284
-1.0913378684807284
-1.091337868480725
-1.091337868480725
-1.0913378684807284
-1.0913378684807284
-1.137777777777778
-1.137777777777778
-1.137777777777778
-1.137777777777778
-1.137777777777778
-1.137777777777778
-1.137777777777778
-1.1377777777777816
-1.137777777777778
-1.137777777777778
-1.137777777777778
-1.137777777777778
-1.137777777777778
-1.137777777777778
-1.137777777777778
-1.137777777777778
-1.137777777777778
-1.1377777777777816
-1.137777777777778
-1.1609977324263063
-1.137777777777778
-1.137777777777778
-1.137777777777778
-1.137777777777778
-1.137777777777778
-1.1377777777777816
-1.137777777777778
-1.137777777777778
-1.137777777777778
-1.137777777777778
-1.137777777777778
-1.137777777777778
-1.137777777777778
-1.137777777777778
-1.137777777777778
-1.137777777777778
-1.137777777777778
-1.137777777777778
-1.137777777777778
-1.137777777777778
-1.137777777777778
-1.137777777777778
-1.1377777777777816
-1.137777777777778
-1.137777777777778
-1.137777777777778
-1.137777777777778
-1.137777777777778
-1.137777777777778
-1.137777777777778
-1.137777777777778
-1.137777777777778
-1.137777777777778
-1.137777777777778
-1.137777777777778
-1.0681179138322001
-1.184217687074831
-1.184217687074831
-1.184217687074831
-1.184217687074831
-1.36997732426304
-1.36997732426304
-1.36997732426304
-1.36997732426304
-1.36997732426304
-1.36997732426304
-1.36997732426304
-1.36997732426304
-1.3699773242630364
-1.36997732426304
-1.36997732426304
-1.36997732426304
-1.36997732426304
-1.36997732426304
-1.36997732426304
-1.36997732426304
-1.36997732426304
-1.36997732426304
-1.36997732426304
-1.36997732426304
-1.36997732426304
-1.3699773242630364
-1.2770975056689338
-1.2770975056689338
