OnSet desviation
0
-0.6269387755102043
-0.34829931972789163
-0.27863945578231286
-0.27863945578231286
-0.09287981859410444
0.13931972789115665
0.023219954648526553
0.25541950113378675
0.4411791383219956
0.6965986394557824
0.8126984126984134
0.9287981859410426
1.253877551020409
1.2770975056689355
1.671836734693878
1.8808163265306135
1.90403628117914
1.9736961451247161
1.973696145124718
1.90403628117914
1.7647165532879825
1.787936507936509
1.6486167800453533
1.555736961451247
1.555736961451247
1.5092970521541957
1.5092970521541957
1.5092970521541957
1.5092970521541957
1.5092970521541957
1.5092970521541957
1.5092970521541957
1.5092970521541957
1.509297052154194
1.509297052154194
1.4628571428571444
1.4628571428571409
1.4628571428571409
1.4628571428571426
1.4628571428571426
1.4628571428571426
1.439637188208616
1.3699773242630382
1.3699773242630382
1.323537414965985
1.2770975056689338
1.2538775510204054
1.253877551020409
1.253877551020409
1.253877551020409
1.2538775510204054
1.2538775510204054
1.2538775510204054
1.253877551020409
1.253877551020409
1.2538775510204054
1.2538775510204054
1.2306575963718807
1.1609977324263028
1.1609977324263028
1.091337868480725
1.091337868480725
1.091337868480725
1.091337868480725
1.091337868480725
1.091337868480725
1.091337868480725
1.0681179138322001
0.9752380952380939
0.9752380952380939
0.9752380952380939
0.9752380952380939
0.9752380952380939
0.9752380952380939
0.9752380952380939
0.9752380952380975
0.9752380952380975
0.9752380952380939
0.905578231292516
0.905578231292516
0.9520181405895691
0.9520181405895691
1.091337868480725
1.091337868480725
1.091337868480725
1.091337868480725
1.091337868480725
1.091337868480725
1.091337868480725
1.091337868480725
1.091337868480725
1.091337868480725
1.091337868480725
1.091337868480725
1.091337868480725
1.091337868480725
1.091337868480725
1.091337868480725
1.091337868480725
1.091337868480725
1.091337868480725
1.091337868480725
1.091337868480725
1.091337868480725
1.091337868480725
1.091337868480725
1.091337868480725
0.9752380952380939
0.9752380952380939
0.9752380952380939
0.9752380952380939
0.789478458049885
0.789478458049885
0.789478458049885
0.789478458049885
0.8359183673469381
0.8591383219954665
0.8591383219954665
0.8591383219954665
0.8591383219954665
0.7430385487528319
0.7430385487528319
0.7430385487528319
0.7430385487528319
0.8591383219954629
0.8591383219954629
0.8591383219954629
0.8591383219954629
0.8591383219954665
0.8823582766439877
0.8823582766439877
0.8823582766439877
0.8823582766439877
0.905578231292516
0.905578231292516
0.905578231292516
0.905578231292516
0.905578231292516
0.905578231292516
0.905578231292516
0.905578231292516
0.905578231292516
0.9752380952380939
0.9752380952380939
