OnSet desviation
0
-0.6965986394557826
-0.6269387755102045
-0.5804988662131518
-0.5804988662131518
-0.6037188208616779
-0.41795918367346907
-0.5108390022675735
-0.5108390022675735
-0.4411791383219956
-0.3250793650793655
-0.2786394557823133
-0.20897959183673542
-0.1857596371882071
-0.13931972789115576
-0.06965986394557788
0.06965986394557966
0.09287981859410621
0.09287981859410444
0.09287981859410621
0.046439909297053106
-0.023219954648524777
-0.023219954648524777
1.7763568394002505e-15
-0.023219954648524777
0.0
-0.04643990929705133
-0.04643990929705133
-0.04643990929705133
-0.04643990929705133
-0.04643990929705133
-0.04643990929705133
-0.04643990929705133
-0.04643990929705133
-0.046439909297053106
-0.046439909297053106
1.7763568394002505e-15
0.06965986394557788
0.06965986394557788
0.06965986394557788
0.06965986394557788
0.06965986394557788
0.06965986394557788
0.0
0.0
-0.02321995464852833
-0.023219954648524777
0.023219954648524777
0.02321995464852833
0.02321995464852833
0.13931972789115576
0.13931972789115576
0.13931972789115576
0.1393197278911522
0.13931972789115576
0.13931972789115576
0.13931972789115576
0.13931972789115576
0.11609977324262744
0.09287981859410266
0.09287981859410266
0.09287981859410621
0.09287981859410266
0.09287981859410266
0.09287981859410266
0.09287981859410621
0.09287981859410621
0.09287981859410266
0.06965986394557788
-0.11609977324263099
-0.11609977324263454
-0.11609977324263454
-0.11609977324263099
-0.11609977324263099
-0.11609977324263099
-0.11609977324263099
-0.11609977324263099
-0.11609977324263099
-0.02321995464852833
0.06965986394557788
0.06965986394557433
0.11609977324263099
0.11609977324263099
0.18575963718820887
0.18575963718820887
0.18575963718820887
0.18575963718820887
0.18575963718820532
0.18575963718820532
0.18575963718820887
0.18575963718820887
0.18575963718820887
0.18575963718820887
0.18575963718820887
0.18575963718820887
0.18575963718820887
0.18575963718820887
0.18575963718820887
0.18575963718820887
0.18575963718820887
0.18575963718820887
0.18575963718820887
0.18575963718820887
0.18575963718820532
0.18575963718820887
0.18575963718820887
0.18575963718820887
0.18575963718820887
0.11609977324263099
0.11609977324263099
0.11609977324263099
0.11609977324263099
0.20897959183673365
0.20897959183673365
0.20897959183673365
0.20897959183673365
0.37151927437641774
0.37151927437641774
0.37151927437641774
0.37151927437641774
0.37151927437641774
0.2554195011337832
0.2554195011337832
0.2554195011337832
0.2554195011337832
0.25541950113378675
0.25541950113378675
0.25541950113378675
0.25541950113378675
0.25541950113378675
0.25541950113378675
0.25541950113378675
0.25541950113378675
0.25541950113378675
0.25541950113378675
0.25541950113378675
0.25541950113378675
0.25541950113378675
0.2554195011337832
0.2554195011337832
0.2554195011337832
0.2554195011337832
0.25541950113378675
-1.8575963718820852
-1.8575963718820852
