OnSet desviation
0
0.49433073242630365
0.38494264399092937
0.6470738299319727
0.5841256507936508
0.7765969727891155
0.7833086575963719
0.7203604784580504
0.959271709750567
1.0356432585034012
1.2745544897959187
1.350926038548753
1.195098040816326
1.4340092721088453
1.4407209569161008
1.7957319614512475
1.8024436462585047
1.8174094659863957
1.9252551043083894
1.9170009693877557
1.67654728798186
1.4128736519274394
1.4046195170068039
1.2106057448979612
1.0862518367346947
1.0172380646258503
0.8553444739229032
0.8553444739229032
0.8559905657596385
0.856636657596372
0.856636657596372
0.8572827494331072
0.8579288412698407
0.8579288412698407
0.858574933106576
0.8360010702947847
0.7902072528344686
0.7908533446712003
0.7908533446712003
0.7914994365079373
0.7921455283446708
0.7921455283446708
0.7695716655328795
0.7005578934240368
0.7005578934240368
0.5618842573696128
0.5160904399092949
0.4702966224489771
0.285183077097507
0.285183077097507
0.2858291689342387
0.28647526077097396
0.28647526077097396
0.2871213526077092
0.28776744444444446
0.28776744444444446
0.28841353628117616
0.2890596281179114
0.2664857653061219
0.1974719931972757
0.1974719931972757
0.12845822108843308
0.12910431292517188
0.12910431292517188
0.12975040476190358
0.13039649659863883
0.13039649659863883
0.13104258843537409
0.10846872562358456
-0.07664481972789261
-0.07599872789116091
-0.07599872789116091
-0.0753526360544221
-0.07470654421768685
-0.07470654421768685
-0.07406045238095516
-0.07341436054421635
-0.07341436054421635
-0.07276826870748465
-0.14178204081632728
-0.32689558616780445
-0.4655692222222214
-0.4655692222222214
-0.46492313038548616
-0.48749699319727924
-0.48749699319727924
-0.486850901360544
-0.4862048095238123
-0.4862048095238123
-0.4855587176870735
-0.4849126258503418
-0.4836204421768713
-0.4836204421768713
-0.4836204421768713
-0.4836204421768713
-0.48232825850340433
-0.48232825850340433
-0.48232825850340433
-0.48232825850340433
-0.48103607482993027
-0.48103607482993027
-0.48103607482993027
-0.48103607482993027
-0.4797438911564633
-0.4784517074829928
-0.4784517074829928
-0.4784517074829928
-0.4784517074829928
-0.5932592970521533
-0.5932592970521533
-0.5932592970521533
-0.5932592970521533
-0.8938265238095262
-0.8938265238095262
-0.8938265238095262
-0.8938265238095262
-0.8925343401360557
-0.8912421564625852
-0.8912421564625852
-0.8912421564625852
-0.8912421564625852
-1.0060497460317492
-1.0060497460317492
-1.0060497460317492
-1.0060497460317492
-1.0047575623582787
-1.0047575623582787
-1.0047575623582787
-1.0047575623582787
-1.0034653786848082
-1.0021731950113413
-1.0021731950113413
-1.0021731950113413
-1.0021731950113413
-1.0008810113378672
-1.0008810113378672
-1.0008810113378672
-1.0008810113378672
-0.9995888276644003
-0.9995888276644003
-0.9995888276644003
-0.9995888276644003
-1.0215165986394545
-1.018932231292517
-1.018932231292517
