OnSet desviation
0
-0.673378684807256
-0.46439909297052173
-0.4411791383219956
-0.4411791383219956
-0.2321995464852611
-0.18575963718820887
-0.20897959183673454
0.023219954648525665
0.13931972789115665
0.2786394557823133
0.34829931972789296
0.3947392290249443
0.6965986394557824
0.6733786848072576
0.9984580498866222
1.0681179138322001
1.0681179138322001
1.137777777777778
1.137777777777778
1.1145578231292532
1.0448979591836736
1.0681179138322001
0.9055782312925178
0.8359183673469381
0.8126984126984134
0.8126984126984134
0.8126984126984134
0.8126984126984134
0.8126984126984134
0.8126984126984134
0.8126984126984134
0.8126984126984134
0.8126984126984134
0.8126984126984134
0.8126984126984134
0.7198185941043089
0.6501587301587293
0.6501587301587293
0.650158730158731
0.650158730158731
0.650158730158731
0.6269387755102045
0.6269387755102027
0.6269387755102027
0.6037188208616779
0.5572789115646231
0.4876190476190452
0.4876190476190452
0.4876190476190452
0.37151927437641774
0.3715192743764142
0.3715192743764142
0.37151927437641774
0.37151927437641774
0.37151927437641774
0.3715192743764142
0.3715192743764142
0.37151927437641774
0.32507936507936463
0.32507936507936463
0.2554195011337832
0.25541950113378675
0.25541950113378675
0.25541950113378675
0.2554195011337832
0.2554195011337832
0.25541950113378675
0.25541950113378675
0.3482993197278894
0.34829931972789296
0.34829931972789296
0.3482993197278894
0.3482993197278894
0.3482993197278894
0.3482993197278894
0.34829931972789296
0.34829931972789296
0.25541950113378675
0.09287981859410266
0.09287981859410621
0.09287981859410266
0.09287981859410266
0.16253968253968054
0.16253968253968054
0.16253968253968054
0.16253968253968054
0.1625396825396841
0.1625396825396841
0.16253968253968054
0.16253968253968054
0.16253968253968054
0.16253968253968054
0.16253968253968054
0.16253968253968054
0.16253968253968054
0.16253968253968054
0.16253968253968054
0.16253968253968054
0.16253968253968054
0.16253968253968054
0.16253968253968054
0.16253968253968054
0.1625396825396841
0.16253968253968054
0.16253968253968054
0.16253968253968054
0.16253968253968054
0.11609977324262744
0.11609977324262744
0.11609977324262744
0.11609977324262744
-0.1625396825396841
-0.1625396825396841
-0.1625396825396841
-0.1625396825396841
-0.2786394557823151
-0.25541950113378675
-0.25541950113378675
-0.25541950113378675
-0.25541950113378675
-0.25541950113378675
-0.25541950113378675
-0.25541950113378675
-0.25541950113378675
-0.13931972789115932
-0.13931972789115932
-0.13931972789115932
-0.13931972789115932
-0.13931972789115576
-0.11609977324263454
-0.11609977324263454
-0.11609977324263454
-0.11609977324263454
-0.09287981859410621
-0.09287981859410621
-0.09287981859410621
-0.09287981859410621
-0.09287981859410266
-0.09287981859410266
-0.09287981859410266
-0.09287981859410266
-0.09287981859410621
2.0897959183673436
2.0897959183673436
