OnSet desviation
0
0.4478908231292519
0.26884287074829927
0.48453414739228995
0.421585968253968
0.6372772448979589
0.4582292925170064
0.4881609319727893
0.7270721632653059
0.7337838480725623
0.8565953061224496
0.8865269455782325
0.6610390839002278
0.8767303605442187
0.8370021360544229
1.1223532766439916
0.9897452335600914
0.9814910986394558
1.0893367369614513
1.0810826020408157
0.8870688299319731
0.6930550578231305
0.684800922902495
0.46756719614512576
0.3664332426303858
0.2741995158730166
0.15874583446712087
0.15874583446712087
0.15939192630385612
0.1600380181405896
0.1600380181405896
0.16068410997732485
0.16133020181405833
0.16133020181405833
0.16197629365079536
0.13940243083900405
0.047168704081633095
-0.021845068027211312
-0.021845068027211312
-0.021198976190474283
-0.020552884353740808
-0.020552884353740808
-0.04312674716553211
-0.04248065532879863
-0.04248065532879863
-0.15793433673469437
-0.20372815419501578
-0.2959618809523832
-0.4810754263038568
-0.4810754263038568
-0.5965291077097525
-0.5958830158730173
-0.5958830158730173
-0.5952369240362785
-0.5945908321995468
-0.5945908321995468
-0.5939447403628151
-0.5932986485260798
-0.592652556689341
-0.6384463741496624
-0.6384463741496624
-0.7074601462585086
-0.7068140544217663
-0.7068140544217663
-0.7061679625850346
-0.7055218707483029
-0.7055218707483029
-0.704875778911564
-0.7042296870748288
-0.7035835952380971
-0.7029375034013619
-0.7029375034013619
-0.7022914115646266
-0.7016453197278913
-0.7016453197278913
-0.7009992278911596
-0.7003531360544208
-0.7003531360544208
-0.7925868628117918
-0.9544804535147406
-1.1395939988662143
-1.3247075442176879
-1.3247075442176879
-1.3937213163265305
-1.4162951791383236
-1.4162951791383236
-1.4156490873015883
-1.415002995464853
-1.415002995464853
-1.4143569036281178
-1.4137108117913861
-1.4124186281179156
-1.4124186281179156
-1.4124186281179156
-1.4124186281179156
-1.4111264444444487
-1.4111264444444487
-1.4111264444444487
-1.4111264444444487
-1.4098342607709746
-1.4098342607709746
-1.4098342607709746
-1.4098342607709746
-1.4085420770975041
-1.4072498934240372
-1.4072498934240372
-1.4072498934240372
-1.4072498934240372
-1.4523976190476198
-1.4523976190476198
-1.4523976190476198
-1.4523976190476198
-1.8458446643990953
-1.8458446643990953
-1.8458446643990953
-1.8458446643990953
-2.007092163265309
-2.0057999795918384
-2.0057999795918384
-2.0057999795918384
-2.0057999795918384
-2.004507795918368
-2.004507795918368
-2.004507795918368
-2.004507795918368
-2.003215612244901
-2.003215612244901
-2.003215612244901
-2.003215612244901
-2.0019234285714305
-2.0006312448979635
-2.0006312448979635
-2.0006312448979635
-2.0006312448979635
-1.9993390612244895
-1.9993390612244895
-1.9993390612244895
-1.9993390612244895
-1.998046877551019
-1.998046877551019
-1.998046877551019
-1.998046877551019
-2.0199746485260768
0.09562559183673258
0.09562559183673258
