OnSet desviation
0
-0.626938775510204
-0.3482993197278912
-0.32507936507936463
0.06965986394557833
0.4876190476190474
0.905578231292516
1.0681179138321992
1.5325170068027205
1.811156462585033
2.1362358276643985
2.4148752834467118
2.5541950113378684
2.9024943310657587
3.0418140589569163
3.343673469387756
3.5758730158730163
3.715192743764172
3.715192743764172
3.715192743764172
3.6687528344671207
3.48299319727891
3.48299319727891
3.4597732426303835
3.3901133786848074
3.3901133786848074
3.5758730158730145
3.5758730158730145
3.7384126984127004
3.7848526077097517
3.7848526077097517
3.78485260770975
3.784852607709748
3.784852607709748
3.7848526077097517
3.7848526077097517
3.6919727891156437
3.7848526077097517
3.7848526077097517
3.831292517006803
3.8312925170068013
3.8312925170068013
3.831292517006805
3.831292517006803
3.831292517006803
3.8312925170068013
3.8312925170068013
3.900952380952381
3.8545124716553296
3.8545124716553296
3.8545124716553296
3.854512471655326
3.854512471655326
3.8545124716553296
3.8777324263038544
3.8777324263038544
3.8777324263038544
3.9706122448979606
4.086712018140588
4.133151927437641
4.133151927437641
4.133151927437645
4.133151927437641
4.133151927437641
4.133151927437641
4.133151927437641
4.133151927437641
4.133151927437641
4.133151927437641
4.133151927437641
4.133151927437641
4.133151927437641
4.133151927437641
4.133151927437641
4.133151927437641
4.086712018140592
4.295691609977325
4.295691609977325
4.458231292517006
4.551111111111112
4.7136507936507925
4.736870748299317
4.736870748299317
5.828208616780046
5.828208616780046
5.828208616780046
5.9675283446712015
6.106848072562357
6.106848072562357
6.15328798185941
6.15328798185941
6.15328798185941
6.15328798185941
6.15328798185941
6.15328798185941
6.15328798185941
6.15328798185941
6.15328798185941
6.15328798185941
6.222947845804988
6.222947845804988
6.222947845804988
6.222947845804988
6.269387755102041
6.548027210884353
6.548027210884353
6.548027210884353
6.548027210884353
6.548027210884353
6.548027210884353
6.548027210884353
6.548027210884353
6.548027210884353
6.548027210884353
6.548027210884353
6.548027210884353
7.082086167800455
7.198185941043086
7.198185941043086
7.198185941043086
7.198185941043086
7.198185941043082
7.198185941043082
7.198185941043082
7.198185941043082
7.198185941043082
7.198185941043082
7.198185941043082
7.198185941043082
7.709024943310656
7.918004535147389
7.918004535147389
7.918004535147389
7.918004535147389
7.918004535147389
7.918004535147389
7.918004535147389
7.918004535147389
7.918004535147393
7.918004535147393
7.918004535147393
7.918004535147393
8.823582766439909
10.147120181405896
10.147120181405896
