OnSet desviation
0
0.12281145804988669
0.05986327891156473
-0.07274476417233577
-0.22857276190476172
-0.22186107709750535
-0.37768907482993175
-0.5567370272108842
-0.666125115646258
-0.7290732947845804
-0.8616813378684807
-0.9014095623582765
-1.080457514739229
-1.1666256485260753
-1.1831339183673464
-1.176422233560091
-1.3322502312925177
-1.2708445022675736
-1.232658727891156
-1.2409128628117916
-1.2491669977324271
-1.2342011780045343
-1.2424553129251699
-1.2507094478458036
-1.2357436281179126
-1.2350975362811791
-1.4202110816326527
-1.4202110816326527
-1.5821046723356016
-1.6278984897959194
-1.6278984897959194
-1.6272523979591842
-1.626606306122449
-1.626606306122449
-1.6259602142857137
-1.648534077097505
-1.6478879852607697
-1.8097815759637186
-1.8097815759637186
-1.8555753934240364
-1.8549293015873012
-1.8549293015873012
-1.8542832097505677
-1.8536371179138307
-1.8536371179138307
-1.8529910260770972
-1.8523449342403655
-1.9677986156462595
-2.0832522970521534
-2.0832522970521534
-2.0826062052154217
-2.081960113378683
-2.081960113378683
-2.0813140215419477
-2.080667929705216
-2.080667929705216
-2.0800218378684825
-2.1722555646258535
-2.3341491553287987
-2.472822791383223
-2.472822791383223
-2.472176699546491
-2.4715306077097488
-2.4715306077097488
-2.470884515873017
-2.4702384240362854
-2.4702384240362854
-2.4695923321995465
-2.4689462403628113
-2.4683001485260796
-2.4676540566893443
-2.4676540566893443
-2.467007964852609
-2.466361873015874
-2.466361873015874
-2.465715781179142
-2.6740492811791405
-2.6740492811791405
-2.8359428718820894
-2.928176598639457
-3.0900701893424056
-3.112644052154195
-3.112644052154195
-3.11199796031746
-3.134571823129253
-3.134571823129253
-3.2732454591836735
-3.4119190952380976
-3.4119190952380976
-3.457712912698412
-3.45706682086168
-3.455774637188213
-3.455774637188213
-3.455774637188213
-3.455774637188213
-3.4544824535147427
-3.4544824535147427
-3.4544824535147427
-3.4544824535147427
-3.5228501337868465
-3.5228501337868465
-3.5228501337868465
-3.5228501337868465
-3.5679978594104327
-3.8453451315192737
-3.8453451315192737
-3.8453451315192737
-3.8453451315192737
-3.8440529478458068
-3.8440529478458068
-3.8440529478458068
-3.8440529478458068
-3.8427607641723363
-3.8427607641723363
-3.8427607641723363
-3.8427607641723363
-3.8414685804988693
-3.95627617006803
-3.95627617006803
-3.95627617006803
-3.95627617006803
-3.9549839863945593
-3.9549839863945593
-3.9549839863945593
-3.9549839863945593
-3.9536918027210923
-3.9536918027210923
-3.9536918027210923
-3.9536918027210923
-3.882739755102044
-3.8814475714285734
-3.8814475714285734
-3.8814475714285734
-3.8814475714285734
-3.880155387755103
-3.880155387755103
-3.880155387755103
-3.880155387755103
-3.8788632040816324
-3.8788632040816324
-3.8788632040816324
-3.8788632040816324
-3.250632244897961
-3.2480478775510235
-3.2480478775510235
