OnSet desviation
0
-0.6733786848072563
-0.4411791383219956
-0.4643990929705213
-0.1393197278911562
0.1160997732426301
0.44117913832199473
0.4643990929705213
0.7894784580498868
0.9752380952380948
1.1609977324263028
1.3931972789115648
1.3235374149659869
1.6021768707482984
1.6950566893424028
2.0665759637188206
2.1362358276643985
2.345215419501134
2.3219954648526073
2.3219954648526073
2.275555555555556
2.2058956916099763
2.2058956916099746
2.18267573696145
2.1362358276644002
2.2987755102040808
2.4845351473922896
2.4845351473922896
2.5541950113378693
2.5541950113378693
2.5541950113378693
2.5541950113378675
2.5541950113378675
2.5541950113378675
2.5541950113378693
2.5541950113378693
2.5077551020408144
2.5309750566893428
2.5309750566893428
2.5309750566893428
2.5309750566893428
2.5309750566893428
2.5309750566893428
2.5309750566893428
2.5309750566893428
2.5309750566893428
2.530975056689339
2.6238548752834454
2.623854875283449
2.623854875283449
2.6238548752834454
2.6238548752834454
2.6238548752834454
2.623854875283449
2.64707482993197
2.64707482993197
2.6470748299319737
2.6470748299319737
2.6935147392290233
2.7399546485260764
2.7399546485260764
2.9024943310657605
2.9257142857142853
2.9257142857142853
2.9257142857142853
2.9257142857142853
2.9257142857142853
2.9257142857142853
2.9257142857142853
2.972154195011335
2.9721541950113384
2.9721541950113384
2.9721541950113384
2.9721541950113384
2.9721541950113384
3.0882539682539694
3.111473922902494
3.111473922902494
3.111473922902494
3.111473922902494
3.111473922902494
3.111473922902494
3.111473922902494
4.202811791383219
4.295691609977325
4.295691609977325
4.481451247165534
4.551111111111108
4.551111111111108
4.551111111111112
4.551111111111112
4.551111111111108
4.551111111111108
4.551111111111108
4.551111111111108
4.551111111111112
4.551111111111112
4.551111111111112
4.551111111111112
4.551111111111112
4.551111111111112
4.551111111111112
4.551111111111112
4.551111111111108
4.667210884353743
4.667210884353743
4.667210884353743
4.667210884353743
4.667210884353739
4.667210884353739
4.667210884353739
4.667210884353739
4.667210884353743
4.667210884353743
4.667210884353743
4.667210884353743
5.201269841269841
5.363809523809525
5.363809523809525
5.363809523809525
5.363809523809525
5.363809523809522
5.363809523809522
5.363809523809522
5.363809523809522
5.363809523809522
5.363809523809522
5.363809523809522
5.363809523809522
5.944308390022673
6.15328798185941
6.15328798185941
6.15328798185941
6.15328798185941
6.153287981859407
6.153287981859407
6.153287981859407
6.153287981859407
6.15328798185941
6.15328798185941
6.15328798185941
6.15328798185941
7.709024943310656
9.032562358276643
9.032562358276643
