OnSet desviation
0
-0.905578231292517
-0.9520181405895691
-0.9984580498866213
-1.0681179138321992
-1.230657596371882
-1.323537414965986
-1.4628571428571426
-1.6021768707482984
-1.6950566893424028
-1.8343764172335604
-1.8808163265306117
-2.0897959183673462
-2.159455782312925
-2.205895691609978
-2.1362358276644002
-2.2987755102040826
-2.229115646258503
-2.2523356009070294
-2.2523356009070294
-2.2523356009070294
-2.1362358276643985
-2.1362358276644002
-2.1362358276643985
-2.113015873015872
-1.9504761904761914
-1.9504761904761896
-1.9504761904761896
-2.043356009070296
-2.089795918367347
-2.089795918367347
-2.089795918367347
-2.0897959183673454
-2.0897959183673454
-2.089795918367347
-2.089795918367347
-2.043356009070294
-2.1130158730158737
-2.1130158730158737
-2.159455782312925
-2.1594557823129232
-2.1594557823129232
-2.159455782312927
-2.159455782312925
-2.159455782312925
-2.1594557823129232
-2.159455782312927
-2.1362358276644002
-2.0897959183673454
-2.0897959183673454
-2.089795918367349
-2.0897959183673454
-2.0897959183673454
-2.0897959183673454
-2.089795918367349
-2.089795918367349
-2.089795918367347
-2.1826757369614533
-2.252335600907031
-2.252335600907031
-2.252335600907031
-2.0897959183673507
-2.0665759637188224
-2.0665759637188224
-2.0665759637188224
-2.0665759637188224
-2.0665759637188224
-2.0665759637188224
-2.0665759637188224
-2.020136054421773
-2.0201360544217692
-2.0201360544217692
-2.0201360544217692
-2.0201360544217692
-2.0201360544217692
-1.8575963718820887
-2.0433560090702976
-2.0433560090702976
-2.205895691609978
-2.2987755102040843
-2.461315192743765
-2.4845351473922896
-2.4845351473922896
-2.484535147392293
-2.391655328798187
-2.391655328798187
-2.345215419501134
-2.4148752834467153
-2.4148752834467153
-2.461315192743765
-2.461315192743765
-2.4613151927437684
-2.4613151927437684
-2.4613151927437684
-2.4613151927437684
-2.461315192743765
-2.461315192743765
-2.461315192743765
-2.461315192743765
-2.5309750566893428
-2.5309750566893428
-2.5309750566893428
-2.5309750566893428
-2.5774149659863994
-2.7399546485260764
-2.7399546485260764
-2.7399546485260764
-2.7399546485260764
-2.73995464852608
-2.73995464852608
-2.73995464852608
-2.73995464852608
-2.7399546485260764
-2.7399546485260764
-2.7399546485260764
-2.7399546485260764
-2.73995464852608
-2.693514739229027
-2.693514739229027
-2.693514739229027
-2.693514739229027
-2.693514739229027
-2.693514739229027
-2.693514739229027
-2.693514739229027
-2.693514739229027
-2.693514739229027
-2.693514739229027
-2.693514739229027
-2.623854875283449
-2.6238548752834454
-2.6238548752834454
-2.6238548752834454
-2.6238548752834454
-2.623854875283449
-2.623854875283449
-2.623854875283449
-2.623854875283449
-2.623854875283449
-2.623854875283449
-2.623854875283449
-2.623854875283449
-1.9736961451247197
-1.9736961451247197
-1.9736961451247197
