OnSet desviation
0
-0.6269387755102042
-0.3250793650793651
-0.09287981859410399
0.13931972789115665
0.41795918367346996
0.7198185941043089
0.6733786848072567
1.1609977324263046
1.4628571428571435
1.5789569160997736
1.7182766439909285
2.159455782312924
2.391655328798185
2.391655328798186
2.7399546485260764
2.948934240362812
3.0418140589569163
2.9721541950113366
2.9721541950113366
2.948934240362812
3.0185941043083897
3.0185941043083897
2.9257142857142853
2.9257142857142853
2.8096145124716543
2.6238548752834454
2.6238548752834454
2.5541950113378675
2.5541950113378675
2.5541950113378675
2.5541950113378693
2.5541950113378675
2.5541950113378675
2.5541950113378675
2.5541950113378693
2.6238548752834454
2.6238548752834454
2.6238548752834454
2.623854875283447
2.623854875283447
2.623854875283447
2.623854875283447
2.623854875283449
2.623854875283449
2.623854875283449
2.6006349206349206
2.623854875283449
2.6702947845804985
2.6702947845804985
2.6702947845805003
2.6702947845805003
2.6702947845805003
2.6702947845804985
2.670294784580502
2.670294784580502
2.6702947845805003
2.6702947845805003
2.71673469387755
2.577414965986396
2.577414965986396
2.5541950113378675
2.554195011337871
2.554195011337871
2.554195011337871
2.5541950113378675
2.5541950113378675
2.554195011337871
2.554195011337871
2.6470748299319737
2.6470748299319737
2.6470748299319737
2.6470748299319737
2.6470748299319737
2.6470748299319737
2.6470748299319737
2.6470748299319737
2.6470748299319737
2.6470748299319737
2.6470748299319737
2.7631746031746047
2.9489342403628136
2.9489342403628136
3.0418140589569163
3.0418140589569163
3.0418140589569163
3.04181405895692
3.0418140589569163
3.0418140589569163
3.0418140589569163
3.877732426303858
3.8777324263038544
3.8777324263038544
3.8777324263038544
3.8777324263038544
3.877732426303858
3.877732426303858
3.877732426303858
3.877732426303858
3.8777324263038544
3.8777324263038544
3.8777324263038544
3.8777324263038544
3.8777324263038544
3.877732426303858
3.877732426303858
3.877732426303858
3.877732426303858
3.8777324263038544
3.8777324263038544
3.8777324263038544
3.8777324263038544
3.877732426303858
3.877732426303858
3.877732426303858
3.877732426303858
4.1563718820861695
4.1563718820861695
4.1563718820861695
4.1563718820861695
4.1563718820861695
4.1563718820861695
4.1563718820861695
4.1563718820861695
4.1563718820861695
4.156371882086166
4.156371882086166
4.156371882086166
4.156371882086166
4.1563718820861695
4.1563718820861695
4.1563718820861695
4.1563718820861695
4.1563718820861695
4.1563718820861695
4.1563718820861695
4.1563718820861695
4.1563718820861695
4.1563718820861695
4.1563718820861695
4.1563718820861695
4.1563718820861695
5.131609977324263
5.131609977324267
5.131609977324267
