OnSet desviation
0
-0.4876190476190476
-0.18575963718820843
0.20897959183673498
0.39473922902494385
0.6037188208616779
0.7894784580498868
1.1842176870748302
1.4164172335600913
1.6486167800453515
1.8808163265306126
2.0897959183673462
2.438095238095239
2.623854875283447
2.8328344671201817
3.181133786848072
3.297233560090703
3.4597732426303853
3.413333333333332
3.413333333333334
3.482993197278912
3.529433106575963
3.529433106575965
3.459773242630387
3.459773242630387
3.4365532879818588
3.366893424036281
3.366893424036281
3.3668934240362827
3.366893424036281
3.366893424036281
3.366893424036281
3.3668934240362827
3.3668934240362827
3.366893424036281
3.343673469387756
3.413333333333332
3.413333333333332
3.413333333333332
3.4133333333333304
3.413333333333332
3.413333333333332
3.413333333333332
3.4133333333333304
3.4133333333333304
3.413333333333334
3.4597732426303835
3.482993197278912
3.4829931972789083
3.4829931972789083
3.48299319727891
3.48299319727891
3.48299319727891
3.4829931972789083
3.482993197278912
3.482993197278912
3.48299319727891
3.48299319727891
3.5294331065759597
3.5294331065759614
3.5294331065759614
3.5294331065759614
3.5294331065759614
3.5294331065759614
3.529433106575965
3.5294331065759614
3.5294331065759614
3.5294331065759614
3.529433106575965
3.529433106575965
3.3901133786848057
3.3901133786848057
3.3901133786848057
3.3901133786848057
3.3901133786848057
3.3901133786848057
3.3901133786848057
3.3901133786848057
3.3901133786848057
3.3901133786848057
3.5062131519274367
3.6919727891156455
3.6919727891156455
3.784852607709748
3.784852607709748
3.784852607709748
3.7848526077097517
3.784852607709748
3.784852607709748
3.784852607709748
3.7848526077097517
4.481451247165531
4.481451247165531
4.481451247165531
4.481451247165531
4.481451247165534
4.481451247165534
4.481451247165534
4.481451247165534
4.481451247165531
4.481451247165531
4.481451247165531
4.481451247165531
4.481451247165531
4.481451247165531
4.481451247165531
4.481451247165531
4.481451247165531
4.481451247165531
4.481451247165531
4.481451247165531
4.481451247165531
4.481451247165534
4.481451247165534
4.481451247165534
4.481451247165534
4.5975510204081615
4.5975510204081615
4.5975510204081615
4.5975510204081615
4.5975510204081615
4.5975510204081615
4.5975510204081615
4.5975510204081615
4.5975510204081615
4.5975510204081615
4.5975510204081615
4.5975510204081615
4.5975510204081615
4.643990929705215
4.643990929705215
4.643990929705215
4.643990929705215
4.643990929705215
4.643990929705215
4.643990929705215
4.643990929705215
4.643990929705215
4.643990929705215
4.643990929705215
4.643990929705215
4.643990929705215
5.526349206349206
5.5263492063492095
5.5263492063492095
