OnSet desviation
0
-0.7662585034013605
-0.7662585034013603
-0.6037188208616779
-0.6501587301587297
-0.7198185941043089
-0.835918367346939
-0.3947392290249434
-0.6501587301587302
-0.7198185941043089
-0.6037188208616779
-0.5340589569161001
-0.6269387755102027
-0.6733786848072558
-0.4643990929705222
-0.4643990929705222
-0.5572789115646266
-0.48761904761904873
-0.4643990929705222
-0.4643990929705204
-0.37151927437641774
-0.3947392290249443
-0.3947392290249425
-0.37151927437641596
-0.37151927437641596
-0.2786394557823133
-0.16253968253968232
-0.16253968253968232
-0.09287981859410266
-0.09287981859410444
-0.09287981859410444
-0.09287981859410621
-0.09287981859410266
-0.09287981859410266
-0.09287981859410444
-0.11609977324263099
-0.11609977324263099
-0.11609977324263099
-0.11609977324263099
-0.11609977324263454
-0.11609977324263099
-0.11609977324263099
-0.11609977324263099
-0.11609977324263454
-0.11609977324263454
-0.11609977324263099
-0.046439909297053106
-0.046439909297053106
-0.09287981859410621
-0.09287981859410621
-0.09287981859410621
-0.09287981859410621
-0.09287981859410621
-0.09287981859410621
-0.09287981859410621
-0.09287981859410621
-0.09287981859410621
-0.09287981859410621
-0.09287981859410621
0.04643990929704955
0.04643990929704955
0.06965986394557788
0.06965986394557433
0.06965986394557433
0.06965986394557788
0.06965986394557788
0.06965986394557788
0.06965986394557433
0.06965986394557788
-0.023219954648524777
-0.1625396825396841
-0.1625396825396841
-0.1625396825396841
-0.1625396825396841
-0.1625396825396841
-0.1625396825396841
-0.1625396825396841
-0.1625396825396841
-0.1625396825396841
-0.1625396825396841
-0.1625396825396841
-0.1625396825396841
-0.1625396825396841
-0.1625396825396841
-0.1625396825396841
-0.1625396825396841
-0.1625396825396841
-0.1625396825396841
-0.1625396825396841
-0.1625396825396841
-0.9984580498866222
-0.30185941043083986
-0.30185941043083986
-0.30185941043083986
-0.30185941043083986
-0.30185941043083986
-0.30185941043083986
-0.30185941043083986
-0.30185941043083986
-0.30185941043083986
-0.30185941043083986
-0.30185941043083986
-0.30185941043083986
-0.30185941043083986
-0.3018594104308434
-0.3018594104308434
-0.3018594104308434
-0.3018594104308434
-0.30185941043083986
-0.30185941043083986
-0.30185941043083986
-0.30185941043083986
-0.30185941043083986
-0.30185941043083986
-0.30185941043083986
-0.30185941043083986
-0.46439909297052395
-0.46439909297052395
-0.46439909297052395
-0.46439909297052395
-0.46439909297052395
-0.46439909297052395
-0.46439909297052395
-0.46439909297052395
-0.46439909297052395
-0.4643990929705204
-0.4643990929705204
-0.4643990929705204
-0.4643990929705204
-0.41795918367347085
-0.41795918367347085
-0.41795918367347085
-0.41795918367347085
-0.41795918367347085
-0.41795918367347085
-0.41795918367347085
-0.41795918367347085
-0.41795918367347085
-0.41795918367347085
-0.41795918367347085
-0.41795918367347085
-0.41795918367347085
-0.5108390022675735
-0.5108390022675735
-0.5108390022675735
