OnSet desviation
0
-0.905578231292517
-0.7894784580498868
-0.7894784580498864
-0.6965986394557824
-0.7198185941043089
-0.5804988662131523
-0.5340589569161001
-0.6501587301587302
-0.4411791383219956
-0.6037188208616779
-0.5804988662131514
-0.4643990929705222
-0.4411791383219956
-0.4643990929705222
-0.3947392290249425
-0.3482993197278912
-0.37151927437641774
-0.41795918367346907
-0.41795918367346907
-0.6269387755102045
-0.8591383219954647
-0.9055782312925178
-1.0448979591836736
-1.0448979591836736
-1.091337868480725
-1.3003174603174603
-1.3003174603174603
-1.3931972789115648
-1.4164172335600913
-1.4164172335600913
-1.4628571428571426
-1.4628571428571444
-1.4628571428571444
-1.5557369614512453
-1.5557369614512453
-1.5557369614512488
-1.5557369614512488
-1.5557369614512488
-1.5557369614512453
-1.5557369614512453
-1.5557369614512453
-1.5557369614512488
-1.5557369614512488
-1.5557369614512488
-1.5557369614512453
-1.5557369614512488
-1.5789569160997736
-1.7182766439909294
-1.7182766439909294
-1.718276643990933
-1.7182766439909294
-1.7182766439909294
-1.7182766439909294
-1.7182766439909294
-1.7182766439909294
-1.8575963718820852
-1.8575963718820852
-1.8575963718820887
-1.8575963718820887
-1.8575963718820887
-1.8575963718820852
-1.8575963718820852
-1.8575963718820852
-1.8575963718820887
-1.8575963718820852
-1.8575963718820852
-1.8575963718820852
-1.8575963718820887
-1.8575963718820887
-1.8575963718820852
-1.8575963718820852
-1.8575963718820852
-1.8575963718820887
-1.8575963718820887
-1.8575963718820852
-1.8575963718820852
-1.8575963718820852
-2.043356009070294
-2.0433560090702976
-2.089795918367347
-2.0665759637188224
-2.0665759637188224
-2.089795918367347
-2.089795918367347
-2.089795918367347
-2.089795918367347
-2.089795918367347
-2.089795918367347
-2.0897959183673507
-2.089795918367347
-1.9040362811791383
-1.9040362811791383
-1.9040362811791383
-1.9040362811791383
-1.9040362811791418
-1.9040362811791418
-1.9040362811791418
-1.9040362811791418
-1.9736961451247197
-1.9736961451247197
-1.9736961451247197
-1.9736961451247197
-1.9736961451247161
-1.9736961451247161
-1.9736961451247161
-1.9736961451247161
-1.9736961451247161
-1.9736961451247161
-1.9736961451247161
-1.9736961451247161
-1.9736961451247161
-1.9736961451247161
-1.9736961451247161
-1.9736961451247161
-1.9736961451247161
-2.089795918367347
-2.089795918367347
-2.089795918367347
-2.089795918367347
-2.089795918367347
-2.089795918367347
-2.089795918367347
-2.089795918367347
-2.089795918367347
-2.089795918367347
-2.089795918367347
-2.089795918367347
-2.089795918367347
-2.113015873015872
-2.1130158730158755
-2.1130158730158755
-2.1130158730158755
-2.1130158730158755
-2.113015873015872
-2.113015873015872
-2.113015873015872
-2.113015873015872
-2.1130158730158755
-2.1130158730158755
-2.1130158730158755
-2.1130158730158755
-1.7182766439909294
-1.486077097505671
-1.486077097505671
