OnSet desviation
0
0.2156912766439909
0.2920628253968254
0.39165432879818596
0.3751460589569162
0.6837171541950111
0.597549020408163
0.9293400702947849
0.8199519818594103
1.0588632131519269
0.9494751247165532
1.0722865827664396
1.078998267573695
1.1785897709750568
1.3014012290249433
1.3777727777777784
1.268384689342403
1.3065704637188205
1.4376360566893425
1.429381921768707
1.1192683764172315
0.8091548310657597
0.7544607868480728
0.6301068786848081
0.6450726984126991
0.5992788809523812
0.39094538095238107
0.39094538095238107
0.2987116541950101
0.2761377913832188
0.2761377913832188
0.23034397392290096
0.2309900657596362
0.2309900657596362
0.23163615759637324
0.20906229478458194
0.2097083866213154
0.2103544784580489
0.2103544784580489
0.21100057029478592
0.2116466621315194
0.2116466621315194
0.21229275396825287
0.21293884580498812
0.21293884580498812
0.21358493764172337
0.21423102947845507
0.19165716666666555
0.05298353061224503
0.05298353061224503
0.05362962244897673
0.05427571428571554
0.05427571428571554
0.05492180612245079
0.05556789795918249
0.05556789795918249
0.05621398979591774
0.05686008163265299
0.057506173469388244
0.058152265306119943
0.058152265306119943
0.058798357142855195
0.059444448979594
0.059444448979594
0.0600905408163257
0.06073663265306095
0.06073663265306095
0.0613827244897962
0.062028816326531455
0.06267490816326315
0.0633209999999984
0.0633209999999984
0.06396709183673366
0.06461318367346891
0.06461318367346891
0.06525927551020416
0.06590536734693941
0.06590536734693941
0.11299136848072422
0.11363746031745947
-0.001816221088436265
-0.1637098117913851
-0.1637098117913851
-0.23272358390022418
-0.25529744671201726
-0.25529744671201726
-0.254651354875282
-0.2540052630385503
-0.2540052630385503
-0.25335917120181506
-0.2527130793650798
0.09687842403628011
0.09687842403628011
0.09687842403628011
0.09687842403628011
0.09817060770974706
0.09817060770974706
0.09817060770974706
0.09817060770974706
0.12268274603174589
0.12268274603174589
0.12268274603174589
0.12268274603174589
0.1239749297052164
0.1252671133786869
0.1252671133786869
0.1252671133786869
0.1252671133786869
0.12655929705215385
0.12655929705215385
0.12655929705215385
0.12655929705215385
0.12785148072562436
0.12785148072562436
0.12785148072562436
0.12785148072562436
0.1291436643990913
0.1304358480725618
0.1304358480725618
0.1304358480725618
0.1304358480725618
0.13172803174603231
0.13172803174603231
0.13172803174603231
0.13172803174603231
0.13302021541949927
0.13302021541949927
0.13302021541949927
0.13302021541949927
0.13431239909296977
0.13560458276643672
0.13560458276643672
0.13560458276643672
0.13560458276643672
0.13689676643991078
0.13689676643991078
0.13689676643991078
0.13689676643991078
0.13818895011337773
0.13818895011337773
0.13818895011337773
0.13818895011337773
0.511000408163266
0.7457843219954654
0.7457843219954654
