OnSet desviation
0
-0.7894784580498865
-0.7430385487528346
-0.6037188208616779
-0.5340589569161001
-0.48761904761904784
-0.37151927437641774
-0.2321995464852611
-0.25541950113378675
0.04643990929705222
0.0
0.1625396825396841
0.2786394557823133
0.3947392290249443
0.41795918367346907
0.7198185941043089
0.8591383219954647
0.9752380952380957
0.8823582766439912
0.8823582766439912
0.6733786848072576
0.4411791383219956
0.4411791383219956
0.2786394557823133
0.2786394557823133
0.2786394557823133
0.1625396825396841
0.1625396825396841
0.06965986394557788
1.7763568394002505e-15
1.7763568394002505e-15
0.0
-3.552713678800501e-15
-3.552713678800501e-15
-0.09287981859410621
-0.09287981859410621
-0.09287981859410621
-0.11609977324263099
-0.11609977324263099
-0.18575963718820887
-0.18575963718820887
-0.18575963718820887
-0.18575963718821242
-0.18575963718820887
-0.18575963718820887
-0.18575963718820887
-0.18575963718821242
-0.18575963718820887
-0.18575963718820887
-0.18575963718820887
-0.18575963718821242
-0.18575963718821242
-0.18575963718821242
-0.18575963718820887
-0.18575963718820887
-0.18575963718820887
-0.3250793650793682
-0.3947392290249425
-0.5340589569161018
-0.5804988662131549
-0.5804988662131549
-0.5804988662131549
-0.5804988662131514
-0.5804988662131514
-0.5804988662131549
-0.5804988662131549
-0.5804988662131549
-0.5804988662131514
-0.5804988662131549
-0.5804988662131549
-0.5804988662131514
-0.5804988662131514
-0.5804988662131514
-0.5804988662131549
-0.5804988662131549
-0.5804988662131549
-0.5804988662131514
-0.5804988662131514
-0.6269387755102045
-0.6733786848072576
-0.7662585034013638
-0.7662585034013603
-0.7662585034013603
-0.7430385487528355
-0.743038548752839
-0.743038548752839
-0.7430385487528355
-0.7430385487528355
-0.7430385487528355
-0.743038548752839
-0.7430385487528355
-0.48761904761904873
-0.48761904761904873
-0.48761904761904873
-0.48761904761904873
-0.4876190476190523
-0.4876190476190523
-0.4876190476190523
-0.4876190476190523
-0.5804988662131549
-0.5804988662131549
-0.5804988662131549
-0.5804988662131549
-0.5804988662131514
-0.5804988662131549
-0.5804988662131549
-0.5804988662131549
-0.5804988662131549
-0.5804988662131514
-0.5804988662131514
-0.5804988662131514
-0.5804988662131514
-0.5804988662131549
-0.5804988662131549
-0.5804988662131549
-0.5804988662131549
-0.6965986394557824
-0.6965986394557824
-0.6965986394557824
-0.6965986394557824
-0.6965986394557824
-0.6965986394557859
-0.6965986394557859
-0.6965986394557859
-0.6965986394557859
-0.6965986394557824
-0.6965986394557824
-0.6965986394557824
-0.6965986394557824
-0.7198185941043107
-0.7198185941043107
-0.7198185941043107
-0.7198185941043107
-0.7198185941043107
-0.7198185941043107
-0.7198185941043107
-0.7198185941043107
-0.7198185941043107
-0.7198185941043107
-0.7198185941043107
-0.7198185941043107
-0.7198185941043107
-0.2089795918367372
-0.09287981859410621
-0.09287981859410621
