OnSet desviation
0
0.2621311859410431
0.2224029614512475
0.32199446485260763
0.2126063764172339
0.5443974263038553
0.31890956462585063
0.6042607052154203
0.6109723900226758
0.6409040294784578
0.6940556235827664
0.7936471269841263
0.6842590385487526
0.7606305873015877
0.9066620000000007
0.9133736848072562
0.7575456870748294
0.8189514160997735
0.9964569183673468
0.9882027834467113
0.8870688299319713
0.8091548310657597
0.8009006961451259
0.815866515873017
0.830832335600908
0.8314784274376414
0.8321245192743767
0.8321245192743767
0.8327706111111102
0.8334167029478454
0.8334167029478454
0.8340627947845789
0.8347088866213159
0.8347088866213159
0.9282347970521538
0.9056609342403625
0.9063070260770978
0.9069531179138313
0.9069531179138313
0.9075992097505647
0.9082453015872982
0.9082453015872982
0.9088913934240352
0.9095374852607705
0.9095374852607705
0.9101835770975022
0.9108296689342374
0.9114757607709727
0.912121852607708
0.912121852607708
0.9127679444444432
0.9134140362811785
0.9134140362811785
0.9140601281179137
0.9147062199546454
0.9147062199546454
1.0546720396825364
1.0553181315192717
1.0559642233560105
1.0566103151927422
1.0566103151927422
1.0572564070294739
1.0579024988662127
1.0579024988662127
1.058548590702948
1.0591946825396796
1.0591946825396796
1.0598407743764149
1.0604868662131537
1.0611329580498854
1.061779049886617
1.061779049886617
1.0624251417233523
1.0630712335600911
1.0630712335600911
1.0637173253968228
1.064363417233558
1.064363417233558
1.2972090555555518
1.2978551473922906
1.2288413752834444
1.0437278299319708
1.0437278299319708
0.9979340124716565
0.9753601496598634
0.9753601496598634
0.9760062414965986
0.9766523333333303
0.9766523333333303
0.9772984251700692
0.9779445170068009
1.141776383219952
1.141776383219952
1.141776383219952
1.141776383219952
1.1430685668934224
1.1430685668934224
1.1430685668934224
1.1430685668934224
1.2372405691609991
1.2372405691609991
1.2372405691609991
1.2372405691609991
1.238532752834466
1.2398249365079366
1.2398249365079366
1.2398249365079366
1.2398249365079366
1.2411171201814035
1.2411171201814035
1.2411171201814035
1.2411171201814035
1.242409303854874
1.242409303854874
1.242409303854874
1.242409303854874
1.359801260770972
1.3610934444444425
1.3610934444444425
1.3610934444444425
1.3610934444444425
1.362385628117913
1.362385628117913
1.362385628117913
1.362385628117913
1.36367781179138
1.36367781179138
1.36367781179138
1.36367781179138
1.3881899501133752
1.3894821337868457
1.3894821337868457
1.3894821337868457
1.3894821337868457
1.3907743174603162
1.3907743174603162
1.3907743174603162
1.3907743174603162
1.3920665011337867
1.3920665011337867
1.3920665011337867
1.3920665011337867
1.370138730158729
1.37272309750567
1.37272309750567
