OnSet desviation
0
-0.7662585034013604
-0.8359183673469386
-0.6965986394557824
-0.7198185941043085
-0.6501587301587302
-0.6733786848072567
-0.5804988662131523
-0.48761904761904784
-0.3947392290249434
-0.2786394557823133
-0.13931972789115576
-0.13931972789115576
-0.04643990929705133
0.0
0.2321995464852602
0.32507936507936463
0.4643990929705222
0.41795918367346907
0.41795918367346907
0.41795918367347085
0.41795918367346907
0.4643990929705222
0.4411791383219956
0.4411791383219956
0.48761904761904695
0.5804988662131532
0.5804988662131532
0.5804988662131514
0.5340589569161018
0.5340589569161018
0.5804988662131514
0.5804988662131496
0.5804988662131496
0.5804988662131478
0.5804988662131478
0.5804988662131514
0.5572789115646266
0.5572789115646266
0.4876190476190452
0.4876190476190452
0.4876190476190452
0.4876190476190452
0.48761904761904873
0.48761904761904873
0.4876190476190452
0.4876190476190452
0.5108390022675735
0.6501587301587293
0.6501587301587293
0.6501587301587293
0.6501587301587257
0.6501587301587257
0.6501587301587293
0.6501587301587293
0.6501587301587293
0.6501587301587257
0.5804988662131514
0.4411791383219956
0.3947392290249425
0.3947392290249425
0.39473922902493896
0.3947392290249425
0.3947392290249425
0.3947392290249425
0.39473922902493896
0.39473922902493896
0.3947392290249425
0.3947392290249425
0.3947392290249425
0.3947392290249425
0.3947392290249425
0.3947392290249425
0.3947392290249425
0.3947392290249425
0.39473922902493896
0.3947392290249425
0.3947392290249425
0.5340589569160983
0.48761904761904873
0.44117913832199207
0.41795918367347085
0.41795918367347085
0.4643990929705204
0.46439909297051685
0.46439909297051685
0.4643990929705204
0.4643990929705204
0.4643990929705204
0.4643990929705204
0.4643990929705204
0.5340589569160983
0.5340589569160983
0.5340589569160983
0.5340589569160983
0.5340589569160983
0.5340589569160983
0.5340589569160983
0.5340589569160983
0.5108390022675735
0.5108390022675735
0.5108390022675735
0.5108390022675735
0.5108390022675735
0.51083900226757
0.51083900226757
0.51083900226757
0.51083900226757
0.5108390022675735
0.5108390022675735
0.5108390022675735
0.5108390022675735
0.51083900226757
0.51083900226757
0.51083900226757
0.51083900226757
0.5108390022675735
0.5108390022675735
0.5108390022675735
0.5108390022675735
0.5108390022675735
0.51083900226757
0.51083900226757
0.51083900226757
0.51083900226757
0.5108390022675735
0.5108390022675735
0.5108390022675735
0.5108390022675735
0.51083900226757
0.5108390022675735
0.5108390022675735
0.5108390022675735
0.5108390022675735
0.51083900226757
0.51083900226757
0.51083900226757
0.51083900226757
0.5108390022675735
0.5108390022675735
0.5108390022675735
0.5108390022675735
0.6269387755102009
0.5108390022675735
0.5108390022675735
