OnSet desviation
0
0.33179104988662145
0.3385027346938776
0.5774139659863944
0.5376857414965985
0.9159167006802722
0.8065286122448976
1.231199480725624
1.2146912108843537
1.5464822607709747
1.553193945578231
1.815325131519275
1.8220368163265306
2.0145081383219967
2.1837595056689345
2.49233060090703
2.4758223310657588
2.653327833333334
2.737953517006803
2.7296993820861672
2.4195858367346936
2.10947229138322
2.1012181564625863
1.953644293650795
1.968610113378686
1.9692562052154194
1.8538025238095255
1.8538025238095255
1.7615687970521527
1.692555024943312
1.692555024943312
1.6932011167800436
1.693847208616777
1.693847208616777
1.6944933004535123
1.671919437641721
1.672565529478458
1.6499916666666667
1.6499916666666667
1.5809778945578223
1.5816239863945558
1.5816239863945558
1.5822700782312893
1.582916170068028
1.582916170068028
1.5835622619047598
1.5842083537414915
1.5848544455782303
1.5855005374149655
1.5855005374149655
1.5861466292516972
1.5867927210884325
1.5867927210884325
1.5874388129251713
1.588084904761903
1.588084904761903
1.5887309965986347
1.5197172244897956
1.3810435884353751
1.3352497709750537
1.3352497709750537
1.3358958628117854
1.3365419546485278
1.3365419546485278
1.3371880464852595
1.3378341383219912
1.3378341383219912
1.33848023015873
1.3391263219954652
1.339772413832197
1.3404185056689322
1.3404185056689322
1.3410645975056674
1.3417106893424027
1.3417106893424027
1.3423567811791344
1.3430028730158732
1.3430028730158732
1.5294086020408137
1.4836147845804994
1.321721193877547
1.136607648526077
1.136607648526077
1.1140337857142875
1.0914599229024908
1.0914599229024908
1.0921060147392296
1.0927521065759613
1.0927521065759613
1.0933981984126966
1.0940442902494318
1.5132956575963696
1.5132956575963696
1.5132956575963696
1.5132956575963696
1.5145878412698366
1.5145878412698366
1.5145878412698366
1.5145878412698366
1.5158800249433106
1.5158800249433106
1.5158800249433106
1.5158800249433106
1.5171722086167811
1.518464392290248
1.518464392290248
1.518464392290248
1.518464392290248
1.5197565759637186
1.5197565759637186
1.5197565759637186
1.5197565759637186
1.5210487596371856
1.5210487596371856
1.5210487596371856
1.5210487596371856
1.522340943310656
1.5236331269841266
1.5236331269841266
1.5236331269841266
1.5236331269841266
1.5249253106575935
1.5249253106575935
1.5249253106575935
1.5249253106575935
1.526217494331064
1.526217494331064
1.526217494331064
1.526217494331064
1.527509678004531
1.5288018616780015
1.5288018616780015
1.5288018616780015
1.5288018616780015
1.530094045351472
1.530094045351472
1.530094045351472
1.530094045351472
1.5313862290249425
1.5313862290249425
1.5313862290249425
1.5313862290249425
2.020297460317458
2.13898160090703
2.13898160090703
