OnSet desviation
0
-0.7662585034013605
-0.9520181405895689
-0.6965986394557824
-0.7662585034013603
-0.7662585034013603
-0.8126984126984125
-0.7430385487528337
-0.7894784580498868
-0.6965986394557824
-0.719818594104308
-0.5804988662131523
-0.719818594104308
-0.5572789115646266
-0.3947392290249443
-0.3250793650793664
-0.20897959183673542
-0.20897959183673542
-0.20897959183673542
-0.20897959183673542
-0.4411791383219956
-0.4643990929705222
-0.4643990929705222
-0.5340589569161018
-0.6037188208616797
-0.6037188208616779
-0.5804988662131532
-0.5804988662131532
-0.650158730158731
-0.650158730158731
-0.650158730158731
-0.650158730158731
-0.650158730158731
-0.650158730158731
-0.650158730158731
-0.650158730158731
-0.6501587301587293
-0.5804988662131532
-0.5804988662131532
-0.5804988662131514
-0.6037188208616779
-0.6037188208616779
-0.6037188208616797
-0.6037188208616779
-0.6037188208616779
-0.6037188208616797
-0.6037188208616797
-0.5108390022675735
-0.6037188208616797
-0.6037188208616797
-0.6269387755102045
-0.6269387755102045
-0.6269387755102045
-0.6269387755102045
-0.5804988662131514
-0.5804988662131514
-0.5804988662131514
-0.6037188208616797
-0.6269387755102045
-0.6037188208616797
-0.6037188208616797
-0.5804988662131549
-0.5804988662131549
-0.5804988662131549
-0.5804988662131514
-0.5804988662131514
-0.5804988662131514
-0.5340589569161018
-0.5108390022675735
-0.5108390022675735
-0.5108390022675771
-0.5108390022675771
-0.5108390022675771
-0.5340589569161018
-0.5340589569161018
-0.5340589569160983
-0.5340589569160983
-0.5340589569160983
-0.5340589569161018
-0.5340589569161018
-0.5340589569160983
-0.06965986394558144
-0.06965986394558144
-0.06965986394557788
-0.06965986394557788
-0.06965986394557788
-0.06965986394557788
-0.046439909297053106
-0.046439909297053106
0.06965986394557433
0.11609977324263099
0.3018594104308363
0.3018594104308363
0.3018594104308363
0.3018594104308363
0.30185941043083986
0.30185941043083986
0.30185941043083986
0.30185941043083986
0.4411791383219956
0.4411791383219956
0.4411791383219956
0.4411791383219956
0.44117913832199207
0.4411791383219956
0.4411791383219956
0.4411791383219956
0.4411791383219956
0.4411791383219956
0.4411791383219956
0.4411791383219956
0.4411791383219956
0.4876190476190452
0.4876190476190452
0.4876190476190452
0.4876190476190452
0.7430385487528355
0.7430385487528319
0.7430385487528319
0.7430385487528319
0.7430385487528319
0.7430385487528355
0.7430385487528355
0.7430385487528355
0.7430385487528355
0.7430385487528355
0.7430385487528355
0.7430385487528355
0.7430385487528355
0.905578231292516
0.905578231292516
0.905578231292516
0.905578231292516
0.905578231292516
0.905578231292516
0.905578231292516
0.905578231292516
0.905578231292516
1.300317460317462
1.300317460317462
1.300317460317462
1.300317460317462
1.8575963718820852
1.8575963718820816
1.8575963718820816
