OnSet desviation
0
0.40145091383219944
0.05986327891156451
0.4380942380952382
0.2126063764172339
0.42829765306122436
0.3885694285714285
0.5578207959183681
0.5413125260770979
0.6176840748299322
0.7172755782312921
0.7936471269841263
0.7074789931972774
0.8767303605442187
0.9995418185941034
1.4474326417233563
1.4541443265306118
1.7709695566893409
1.762715421768707
1.7544612868480716
1.4675676961451227
1.1806741054421774
1.1259800612244906
1.0945059716553285
1.1094717913832195
1.1101178832199547
1.1107639750566882
1.1107639750566882
1.1578499761904748
1.2745958412698393
1.2745958412698393
1.4610015702947816
1.4616476621315186
1.4616476621315186
1.462293753968254
1.4397198911564626
1.440365982993196
1.441012074829933
1.441012074829933
1.4416581666666666
1.558404031746031
1.558404031746031
1.5590501235827645
1.5596962154195033
1.5596962154195033
1.560342307256235
1.5609883990929667
1.561634490929702
1.3997409002267567
1.3997409002267567
1.3771670374149636
1.3313732199546493
1.3313732199546493
1.3320193117913846
1.3326654036281163
1.3326654036281163
1.3333114954648515
1.3339575873015868
1.288163769841269
1.2888098616780042
1.2888098616780042
1.2894559535147359
1.2901020453514747
1.2901020453514747
1.29074813718821
1.2913942290249416
1.2913942290249416
1.2920403208616769
1.4320061405895714
1.4326522324263031
1.4332983242630348
1.4332983242630348
1.4571643707482984
1.4578104625850337
1.4578104625850337
1.458456554421769
1.4591026462585042
1.4591026462585042
1.5758485113378669
1.576494603174602
1.5771406950113374
1.5777867868480726
1.5777867868480726
1.5784328786848079
1.5558590158730148
1.5558590158730148
1.55650510770975
1.5571511995464853
1.5571511995464853
2.022196384353741
2.1389422494331036
2.140234433106574
2.140234433106574
2.140234433106574
2.140234433106574
2.1415266167800446
2.1415266167800446
2.1415266167800446
2.1415266167800446
2.491118120181408
2.491118120181408
2.491118120181408
2.491118120181408
2.492410303854875
2.4937024875283456
2.4937024875283456
2.4937024875283456
2.4937024875283456
2.4949946712018125
2.4949946712018125
2.4949946712018125
2.4949946712018125
2.496286854875283
2.496286854875283
2.496286854875283
2.496286854875283
2.776218494331065
2.7775106780045355
2.7775106780045355
2.7775106780045355
2.7775106780045355
2.7788028616780025
2.7788028616780025
2.7788028616780025
2.7788028616780025
2.780095045351473
2.780095045351473
2.780095045351473
2.780095045351473
2.8046071836734683
2.8058993673469352
2.8058993673469352
2.8058993673469352
2.8058993673469352
2.8071915510204057
2.8071915510204057
2.8071915510204057
2.8071915510204057
3.2496628730158754
3.2496628730158754
3.2496628730158754
3.2496628730158754
3.761794058956923
3.764378426303857
3.764378426303857
