OnSet desviation
0
-0.6965986394557824
-0.6733786848072565
-0.5804988662131518
-0.5108390022675735
-0.3947392290249434
-0.2786394557823124
-0.16253968253968232
-0.04643990929705133
0.023219954648526553
0.18575963718820798
0.20897959183673454
0.32507936507936463
0.4643990929705222
0.4643990929705204
0.8823582766439912
0.8823582766439912
1.207437641723354
1.1842176870748293
1.1842176870748293
1.1377777777777762
1.1842176870748293
1.137777777777778
1.2074376417233559
1.2770975056689338
1.2770975056689338
1.2770975056689338
1.2770975056689338
1.393197278911563
1.509297052154194
1.509297052154194
1.695056689342401
1.6950566893424046
1.6950566893424046
1.6950566893424028
1.6950566893424028
1.695056689342401
1.6950566893424046
1.6950566893424046
1.6950566893424028
1.8343764172335586
1.8343764172335586
1.8343764172335586
1.8343764172335604
1.8343764172335604
1.8343764172335604
1.8343764172335604
1.8343764172335568
1.8575963718820852
1.8575963718820852
1.8575963718820852
1.8111564625850356
1.8111564625850356
1.811156462585032
1.764716553287979
1.764716553287979
1.7647165532879825
1.7879365079365073
1.8343764172335568
1.9040362811791383
1.9040362811791383
1.9040362811791383
1.9040362811791383
1.9040362811791383
1.9040362811791383
1.9040362811791383
1.9040362811791383
1.8575963718820852
1.9736961451247161
1.9736961451247161
1.9736961451247161
1.9736961451247161
2.0201360544217692
2.043356009070294
2.043356009070294
2.043356009070294
2.043356009070294
2.043356009070294
2.159455782312925
2.159455782312925
2.159455782312925
1.6950566893424046
1.6950566893424046
1.695056689342401
1.695056689342401
1.695056689342401
1.695056689342401
1.6950566893424046
1.6950566893424046
2.159455782312925
2.2755555555555524
2.205895691609978
2.205895691609978
2.205895691609978
2.205895691609978
2.205895691609978
2.205895691609978
2.205895691609978
2.205895691609978
2.4148752834467118
2.4148752834467118
2.4148752834467118
2.4148752834467118
2.4148752834467118
2.4148752834467118
2.4148752834467118
2.4148752834467118
2.4148752834467118
2.414875283446708
2.414875283446708
2.414875283446708
2.414875283446708
2.4148752834467118
2.4148752834467118
2.4148752834467118
2.4148752834467118
2.4380952380952365
2.43809523809524
2.43809523809524
2.43809523809524
2.43809523809524
2.4380952380952365
2.4380952380952365
2.4380952380952365
2.4380952380952365
2.4380952380952365
2.4380952380952365
2.4380952380952365
2.4380952380952365
2.2987755102040808
2.2987755102040808
2.2987755102040808
2.2987755102040808
2.2987755102040808
2.298775510204077
2.298775510204077
2.298775510204077
2.298775510204077
2.345215419501134
2.345215419501134
2.345215419501134
2.345215419501134
2.3219954648526127
2.3219954648526127
2.3219954648526127
