OnSet desviation
0
-0.6501587301587302
-0.8126984126984127
-0.4643990929705213
-0.4643990929705213
-0.3482993197278912
-0.2786394557823124
-0.09287981859410355
-0.023219954648525665
0.13931972789115665
0.2786394557823124
0.44117913832199473
0.41795918367346907
0.7198185941043089
0.8823582766439895
1.3699773242630382
1.4860770975056692
1.811156462585032
1.7879365079365073
1.7879365079365073
1.509297052154194
1.5325170068027205
1.4860770975056692
1.4860770975056674
1.4860770975056674
1.4860770975056692
1.509297052154194
1.509297052154194
1.5557369614512453
1.6718367346938763
1.6718367346938763
1.8575963718820834
1.857596371882087
1.857596371882087
1.8575963718820852
1.8575963718820852
1.8575963718820852
1.9272562358276648
1.9272562358276648
1.9272562358276648
2.043356009070294
2.043356009070294
2.0433560090702922
2.043356009070296
2.043356009070296
2.043356009070294
2.043356009070294
2.1362358276643967
2.066575963718819
2.066575963718819
2.043356009070294
1.9969160997732445
1.9969160997732445
1.996916099773241
1.996916099773241
1.996916099773241
1.9969160997732445
1.996916099773241
2.0201360544217657
2.113015873015872
2.113015873015872
2.1362358276643967
2.1362358276643967
2.1362358276643967
2.1362358276644002
2.1362358276644002
2.1362358276644002
2.1362358276643967
2.275555555555556
2.275555555555556
2.2755555555555524
2.2755555555555524
2.3219954648526056
2.3219954648526056
2.3219954648526056
2.321995464852609
2.321995464852609
2.321995464852609
2.4380952380952365
2.4380952380952365
2.43809523809524
2.4380952380952365
2.4380952380952365
2.4380952380952365
2.4380952380952365
2.4380952380952365
2.4380952380952365
2.461315192743765
2.461315192743765
3.0418140589569127
3.204353741496597
3.320453514739228
3.320453514739228
3.320453514739228
3.320453514739228
3.3204535147392313
3.3204535147392313
3.3204535147392313
3.3204535147392313
3.6687528344671207
3.6687528344671207
3.6687528344671207
3.6687528344671207
3.668752834467117
3.6687528344671207
3.6687528344671207
3.6687528344671207
3.6687528344671207
3.668752834467117
3.668752834467117
3.668752834467117
3.668752834467117
3.7151927437641703
3.7151927437641703
3.7151927437641703
3.7151927437641703
3.9938321995464854
3.9938321995464854
3.9938321995464854
3.9938321995464854
3.9938321995464854
3.9938321995464854
3.9938321995464854
3.9938321995464854
3.9938321995464854
3.9938321995464854
3.9938321995464854
3.9938321995464854
3.9938321995464854
4.01705215419501
4.01705215419501
4.01705215419501
4.01705215419501
4.01705215419501
4.017052154195007
4.017052154195007
4.017052154195007
4.017052154195007
4.458231292517009
4.458231292517009
4.458231292517009
4.458231292517009
4.992290249433111
4.992290249433108
4.992290249433108
