OnSet desviation
0
0.2389112312925169
0.05986327891156451
0.08979491836734699
-0.1356929433106573
-0.03610143990929693
-0.14548952834467155
-0.16199779818594084
-0.2481659319727889
-0.334334065759637
-0.3740622902494328
-0.4602304240362809
-0.5231786031746042
-0.6557866462585036
-0.6955148707482994
-0.7352430952380953
-0.8446311836734708
-0.8528853185941045
-0.8379194988662135
-0.8461736337868491
-0.8544277687074846
-1.1645413140589564
-1.172795448979592
-1.2042695385487523
-1.1893037188208613
-1.1886576269841278
-1.211231489795919
-1.211231489795919
-1.2105853979591839
-1.2099393061224504
-1.2099393061224504
-1.2092932142857151
-1.2086471224489816
-1.2086471224489816
-1.2080010306122446
-1.230574893424036
-1.2299288015873024
-1.298942573696145
-1.298942573696145
-1.2982964818594116
-1.2976503900226763
-1.2976503900226763
-1.297004298185941
-1.2963582063492058
-1.2963582063492058
-1.2957121145124724
-1.2950660226757407
-1.387299749433108
-1.4795334761904755
-1.4795334761904755
-1.4788873843537438
-1.4782412925170085
-1.4782412925170085
-1.4775952006802697
-1.476949108843538
-1.476949108843538
-1.4763030170068063
-1.4756569251700675
-1.5446706972789102
-1.6369044240362811
-1.6369044240362811
-1.6594782868480742
-1.6588321950113354
-1.6588321950113354
-1.6581861031746037
-1.657540011337872
-1.657540011337872
-1.6568939195011332
-1.656247827664398
-1.6556017358276662
-1.654955643990931
-1.654955643990931
-1.6775295068027205
-1.6768834149659853
-1.6768834149659853
-1.6762373231292536
-1.6755912312925183
-1.6755912312925183
-1.674945139455783
-1.6742990476190478
-1.673652955782316
-1.6730068639455773
-1.6730068639455773
-1.672360772108842
-1.6949346349206351
-1.6949346349206351
-1.6942885430838999
-1.716862405895693
-1.716862405895693
-1.8323160873015851
-1.8781099047619065
-1.992917494331067
-1.992917494331067
-1.992917494331067
-1.992917494331067
-1.9916253106576
-1.9916253106576
-1.9916253106576
-1.9916253106576
-1.990333126984126
-1.990333126984126
-1.990333126984126
-1.990333126984126
-1.9890409433106555
-1.9877487596371886
-1.9877487596371886
-1.9877487596371886
-1.9877487596371886
-1.986456575963718
-1.986456575963718
-1.986456575963718
-1.986456575963718
-2.0316043015873007
-2.0316043015873007
-2.0316043015873007
-2.0316043015873007
-2.0303121179138337
-2.029019934240363
-2.029019934240363
-2.029019934240363
-2.029019934240363
-2.0277277505668962
-2.0277277505668962
-2.0277277505668962
-2.0277277505668962
-2.0264355668934257
-2.0264355668934257
-2.0264355668934257
-2.0264355668934257
-2.0251433832199552
-2.0238511995464883
-2.0238511995464883
-2.0238511995464883
-2.0238511995464883
-2.0225590158730142
-2.0225590158730142
-2.0225590158730142
-2.0225590158730142
-2.0212668321995473
-2.0212668321995473
-2.0212668321995473
-2.0212668321995473
-2.0431946031746016
-2.040610235827664
-2.040610235827664
