OnSet desviation
0
-0.6501587301587302
-0.5572789115646255
-0.4411791383219956
-0.4411791383219956
-0.2321995464852611
-0.18575963718820887
-0.04643990929705222
-0.04643990929705222
0.09287981859410355
0.09287981859410444
0.23219954648526198
0.37151927437641774
0.3947392290249443
0.5108390022675735
0.6037188208616779
0.4643990929705222
0.6733786848072576
0.650158730158731
0.6269387755102045
0.48761904761904873
0.2786394557823133
0.2321995464852602
-0.023219954648524777
-0.09287981859410621
-0.13931972789115576
-0.23219954648525842
-0.23219954648525842
-0.23219954648525842
-0.23219954648526198
-0.23219954648526198
-0.23219954648525842
-0.23219954648525842
-0.23219954648525842
-0.23219954648526198
-0.23219954648526198
-0.23219954648526198
-0.23219954648525842
-0.23219954648525842
-0.2554195011337832
-0.25541950113378675
-0.25541950113378675
-0.48761904761904873
-0.4876190476190452
-0.4876190476190452
-0.5340589569161018
-0.5572789115646266
-0.6965986394557824
-0.905578231292516
-0.905578231292516
-0.9287981859410444
-0.9287981859410408
-0.9287981859410408
-0.9287981859410408
-0.9287981859410444
-0.9287981859410444
-0.9287981859410444
-0.9287981859410408
-0.9520181405895691
-1.021678004535147
-1.021678004535147
-1.021678004535147
-1.021678004535147
-1.021678004535147
-1.021678004535147
-1.021678004535147
-1.021678004535147
-1.021678004535147
-1.021678004535147
-1.1609977324263028
-1.1609977324263028
-1.1609977324263028
-1.1609977324263028
-1.1609977324263028
-1.1609977324263028
-1.1609977324263028
-1.1609977324263028
-1.1609977324263028
-1.4396371882086143
-1.4164172335600895
-1.4164172335600895
-1.4164172335600895
-1.4164172335600895
-1.3003174603174585
-1.3003174603174585
-1.3003174603174585
-1.3003174603174585
-1.300317460317462
-1.300317460317462
-1.3003174603174585
-1.3003174603174585
-1.4860770975056674
-1.4860770975056674
-1.4860770975056674
-1.4860770975056674
-1.486077097505671
-1.486077097505671
-1.486077097505671
-1.486077097505671
-1.4860770975056674
-1.4860770975056674
-1.4860770975056674
-1.4860770975056674
-1.4860770975056674
-1.6021768707482984
-1.6021768707482984
-1.6021768707482984
-1.6021768707482984
-1.6021768707482984
-1.6021768707482984
-1.6021768707482984
-1.6021768707482984
-1.7879365079365073
-1.7879365079365073
-1.7879365079365073
-1.7879365079365073
-1.8343764172335604
-2.043356009070294
-2.043356009070294
-2.043356009070294
-2.043356009070294
-2.1826757369614533
-2.1826757369614533
-2.1826757369614533
-2.1826757369614533
-2.18267573696145
-2.18267573696145
-2.18267573696145
-2.18267573696145
-2.229115646258503
-2.2291156462585064
-2.2291156462585064
-2.2291156462585064
-2.2291156462585064
-2.229115646258503
-2.229115646258503
-2.229115646258503
-2.229115646258503
-2.321995464852609
-2.321995464852609
-2.321995464852609
-2.321995464852609
-2.4613151927437613
-0.9520181405895727
-0.9520181405895727
