OnSet desviation
0
0.053151594104308364
0.19918300680272094
0.15945478231292531
0.2590462857142857
0.5211774716553292
0.5046692018140586
0.6274806598639451
0.6806322539682537
0.6873439387755091
1.1120148072562364
1.0258466734693883
1.0557783129251703
1.1321498616780055
1.185301455782314
1.3081129138322005
1.4077044172335604
1.5155500555555559
1.530515875283447
1.5222617403628114
1.6533273333333334
1.5986332891156483
1.5903791541950127
1.7446647018140595
1.7596305215419523
1.7602766133786858
1.7609227052154193
1.7609227052154193
1.7615687970521527
1.7622148888888898
1.7622148888888898
1.7628609807256215
1.763507072562355
1.763507072562355
1.7641531643990938
1.7415793015873025
1.742225393424036
1.7428714852607694
1.7428714852607694
1.7435175770975029
1.74416366893424
1.74416366893424
1.9305693979591823
1.9312154897959175
1.9312154897959175
1.9318615816326528
1.9325076734693845
1.9331537653061197
1.933799857142855
1.933799857142855
1.9344459489795902
1.9350920408163255
1.9350920408163255
1.9357381326530607
1.936384224489796
1.936384224489796
1.9370303163265277
1.937676408163263
1.9383225000000017
1.9389685918367334
1.9389685918367334
1.9396146836734651
1.940260775510204
1.940260775510204
1.9409068673469392
1.9415529591836709
1.9415529591836709
1.9421990510204061
1.942845142857145
1.9434912346938766
1.9441373265306083
1.9441373265306083
1.9447834183673436
1.9454295102040824
1.9454295102040824
1.946075602040814
1.9467216938775493
1.9467216938775493
2.226007241496596
2.2034333786848066
2.0415397879818578
1.879646197278909
1.879646197278909
1.7177526065759636
1.6951787437641705
1.6951787437641705
1.6958248356009058
1.696470927437641
1.696470927437641
1.6971170192743763
1.697763111111108
2.093794523809521
2.093794523809521
2.093794523809521
2.093794523809521
2.0950867074829915
2.0950867074829915
2.0950867074829915
2.0950867074829915
2.096378891156462
2.096378891156462
2.096378891156462
2.096378891156462
2.0976710748299325
2.2150630317460305
2.2150630317460305
2.2150630317460305
2.2150630317460305
2.216355215419501
2.216355215419501
2.216355215419501
2.216355215419501
2.217647399092968
2.217647399092968
2.217647399092968
2.217647399092968
2.2653794920634915
2.3131115850340116
2.3131115850340116
2.3131115850340116
2.3131115850340116
2.314403768707482
2.314403768707482
2.314403768707482
2.314403768707482
2.315695952380949
2.315695952380949
2.315695952380949
2.315695952380949
2.3634280453514727
2.364720229024943
2.364720229024943
2.364720229024943
2.364720229024943
2.3660124126984137
2.3660124126984137
2.3660124126984137
2.3660124126984137
2.4601844149659904
2.4601844149659904
2.4601844149659904
2.4601844149659904
2.5775763718820883
2.7891403310657594
2.7891403310657594
