OnSet desviation
0
-1.0913378684807258
-0.9984580498866213
-0.9520181405895691
-1.0448979591836731
-1.021678004535147
-1.021678004535147
-0.8359183673469381
-0.8591383219954647
-0.8126984126984116
-0.905578231292516
-0.8591383219954647
-0.905578231292516
-0.7198185941043072
-0.7662585034013603
-0.6733786848072558
-0.6269387755102045
-0.8126984126984134
-0.7894784580498868
-0.7662585034013603
-0.9984580498866222
-1.0448979591836736
-0.9984580498866187
-1.0448979591836718
-0.9984580498866187
-1.0681179138322001
-1.1609977324263028
-1.1609977324263028
-1.1609977324263028
-1.1609977324263028
-1.1609977324263028
-1.1609977324263063
-1.1609977324263028
-1.1609977324263028
-1.1609977324263028
-1.1609977324263028
-1.2306575963718807
-1.2770975056689338
-1.2770975056689338
-1.253877551020409
-1.253877551020409
-1.253877551020409
-1.2074376417233523
-1.2074376417233559
-1.2074376417233559
-1.1609977324263028
-1.2074376417233559
-1.1842176870748276
-1.1609977324263028
-1.1609977324263028
-1.137777777777778
-1.137777777777778
-1.137777777777778
-1.137777777777778
-1.137777777777778
-1.137777777777778
-1.1377777777777744
-1.137777777777778
-1.137777777777778
-1.091337868480725
-1.091337868480725
-1.091337868480725
-1.091337868480725
-1.091337868480725
-1.091337868480725
-1.091337868480725
-1.091337868480725
-1.091337868480725
-1.091337868480725
-0.9984580498866222
-1.021678004535147
-1.021678004535147
-1.021678004535147
-1.021678004535147
-1.021678004535147
-1.021678004535147
-1.021678004535147
-1.021678004535147
-1.021678004535147
-1.021678004535147
-0.9055782312925196
-0.7430385487528319
-0.7430385487528319
-0.6965986394557824
-0.6965986394557824
-0.6965986394557824
-0.6965986394557824
-0.6965986394557824
-0.6965986394557824
-0.6965986394557824
-0.6501587301587293
-0.7894784580498886
-0.7894784580498886
-0.7894784580498886
-0.7894784580498886
-0.789478458049885
-0.789478458049885
-0.789478458049885
-0.789478458049885
-0.789478458049885
-0.789478458049885
-0.789478458049885
-0.789478458049885
-0.7894784580498886
-0.789478458049885
-0.789478458049885
-0.789478458049885
-0.789478458049885
-0.7894784580498886
-0.7894784580498886
-0.7894784580498886
-0.7894784580498886
-0.8359183673469381
-0.8359183673469381
-0.8359183673469381
-0.8359183673469381
-0.8823582766439912
-0.8359183673469381
-0.8359183673469381
-0.8359183673469381
-0.8359183673469381
-0.8359183673469381
-0.8359183673469381
-0.8359183673469381
-0.8359183673469381
-0.8359183673469381
-0.8359183673469381
-0.8359183673469381
-0.8359183673469381
-0.8359183673469381
-0.8359183673469381
-0.8359183673469381
-0.8359183673469381
-0.8359183673469381
-0.8359183673469381
-0.8359183673469381
-0.8359183673469381
-0.8359183673469381
-0.8359183673469381
-0.8359183673469381
-0.8359183673469381
-0.8359183673469381
-0.8359183673469381
-1.2770975056689338
-1.2770975056689338
