OnSet desviation
0
-0.9055782312925171
-0.719818594104308
-0.5572789115646262
-0.6501587301587297
-0.41795918367346907
-0.37151927437641685
-0.04643990929705133
-0.06965986394557788
0.11609977324263099
0.023219954648526553
0.20897959183673542
0.30185941043083986
0.5108390022675753
0.5804988662131514
0.7662585034013603
0.6733786848072558
0.6965986394557824
0.6965986394557824
0.6965986394557824
0.32507936507936463
0.06965986394557788
0.06965986394557966
-0.23219954648525842
-0.25541950113378675
-0.37151927437641774
-0.5572789115646231
-0.5572789115646231
-0.5572789115646231
-0.5572789115646266
-0.5572789115646266
-0.5572789115646266
-0.5572789115646231
-0.5572789115646231
-0.5572789115646266
-0.5572789115646266
-0.6269387755102045
-0.673378684807254
-0.673378684807254
-0.673378684807254
-0.6733786848072576
-0.6733786848072576
-0.8591383219954629
-0.8591383219954629
-0.8591383219954629
-0.8591383219954665
-0.9287981859410444
-1.0448979591836718
-1.2306575963718807
-1.2306575963718807
-1.2306575963718842
-1.2306575963718807
-1.2306575963718807
-1.2306575963718807
-1.2306575963718842
-1.2306575963718842
-1.2306575963718807
-1.2306575963718807
-1.253877551020409
-1.2770975056689338
-1.2770975056689338
-1.2770975056689338
-1.2770975056689338
-1.2770975056689338
-1.2770975056689338
-1.2770975056689338
-1.2770975056689338
-1.2770975056689338
-1.2770975056689338
-1.3235374149659869
-1.3467573696145116
-1.3467573696145116
-1.3467573696145116
-1.3467573696145116
-1.3467573696145116
-1.3467573696145116
-1.3467573696145116
-1.3467573696145116
-1.6253968253968232
-1.6021768707482984
-1.486077097505671
-1.3235374149659833
-1.3235374149659833
-1.1609977324263028
-1.1609977324263028
-1.1609977324263028
-1.1609977324263028
-1.1609977324263063
-1.1609977324263063
-1.1609977324263028
-1.1145578231292497
-1.4396371882086179
-1.4396371882086179
-1.4396371882086179
-1.4396371882086179
-1.4396371882086179
-1.4396371882086179
-1.4396371882086179
-1.4396371882086179
-1.4396371882086143
-1.4396371882086143
-1.4396371882086143
-1.4396371882086143
-1.4396371882086179
-1.5557369614512453
-1.5557369614512453
-1.5557369614512453
-1.5557369614512453
-1.5557369614512488
-1.5557369614512488
-1.5557369614512488
-1.5557369614512488
-1.7879365079365073
-1.7879365079365073
-1.7879365079365073
-1.7879365079365073
-1.8808163265306135
-2.043356009070294
-2.043356009070294
-2.043356009070294
-2.043356009070294
-2.1826757369614533
-2.1826757369614533
-2.1826757369614533
-2.1826757369614533
-2.18267573696145
-2.18267573696145
-2.18267573696145
-2.18267573696145
-2.229115646258503
-2.2291156462585064
-2.2291156462585064
-2.2291156462585064
-2.2291156462585064
-2.229115646258503
-2.229115646258503
-2.229115646258503
-2.229115646258503
-2.321995464852609
-2.321995464852609
-2.321995464852609
-2.321995464852609
-2.4613151927437613
-1.3931972789115648
-1.3931972789115648
