OnSet desviation
0
0.2621311859410431
0.15274309750566917
0.41487428344671207
0.3751460589569162
0.7069371088435368
0.783308657596371
0.9293400702947849
0.9360517551020404
0.9892033492063481
1.1816746712018134
1.3044861292516998
1.3111978140589553
1.5036691360544232
1.5800406848072566
1.7260720975056696
1.8953234648526074
2.1424888310657586
2.1574546507936496
2.149200515873014
1.9551867437641715
1.6682931530612244
1.5671591995464862
1.4892452006802728
1.3648912925170062
1.3655373843537415
1.366183476190475
1.366183476190475
1.366829568027212
1.3674756598639455
1.3674756598639455
1.368121751700679
1.3687678435374124
1.3687678435374124
1.3694139353741512
1.34684007256236
1.3010462551020403
1.3016923469387738
1.3016923469387738
1.3023384387755108
1.3029845306122443
1.3029845306122443
1.2571907131519282
1.2578368049886635
1.2578368049886635
1.1191631689342394
1.0501493968253932
0.9579156700680258
0.7960220793650805
0.7960220793650805
0.7966681712018122
0.7973142630385475
0.7973142630385475
0.7979603548752863
0.798606446712018
0.798606446712018
0.7992525385487497
0.7998986303854885
0.7773247675736954
0.7315309501133775
0.7315309501133775
0.6392972233560066
0.5470634965986427
0.5470634965986427
0.5012696791383213
0.5019157709750566
0.5019157709750566
0.5025618628117918
0.4799880000000023
0.38775427324263134
0.27230059183673205
0.27230059183673205
0.2729466836734673
0.2735927755102061
0.2735927755102061
0.2742388673469378
0.27488495918367306
0.27488495918367306
0.2755310510204083
0.25295718820861524
0.16072346145124428
0.13814959863945475
0.13814959863945475
0.2781154183673493
0.25554155555555624
0.25554155555555624
0.2561876473922915
0.2568337392290232
0.2568337392290232
0.3271396950113399
0.3277857868480716
0.3290779705215421
0.3290779705215421
0.3290779705215421
0.3290779705215421
0.19105042630385327
0.19105042630385327
0.19105042630385327
0.19105042630385327
0.19234260997732733
0.19234260997732733
0.19234260997732733
0.19234260997732733
0.19363479365079428
0.14848706802721168
0.14848706802721168
0.14848706802721168
0.14848706802721168
0.010459523809522864
0.010459523809522864
0.010459523809522864
0.010459523809522864
-0.19722788435374028
-0.19722788435374028
-0.19722788435374028
-0.19722788435374028
-0.404915292517007
-0.5197228820861675
-0.5197228820861675
-0.5197228820861675
-0.5197228820861675
-0.6577504263038563
-0.6577504263038563
-0.6577504263038563
-0.6577504263038563
-0.7725580158730168
-0.7725580158730168
-0.7725580158730168
-0.7725580158730168
-0.7712658321995498
-0.7699736485260793
-0.7699736485260793
-0.7699736485260793
-0.7699736485260793
-0.7686814648526052
-0.7686814648526052
-0.7686814648526052
-0.7686814648526052
-0.7906092358276631
-0.7906092358276631
-0.7906092358276631
-0.7906092358276631
-0.8125370068027209
-0.20623381859410372
-0.20623381859410372
