OnSet desviation
0
-0.9287981859410429
-0.928798185941043
-0.928798185941043
-0.8591383219954651
-0.9287981859410435
-0.835918367346939
-0.7894784580498877
-0.8823582766439912
-1.0216780045351488
-0.9984580498866222
-1.2074376417233577
-1.2074376417233559
-1.3699773242630382
-1.509297052154194
-1.4628571428571444
-1.2306575963718824
-1.137777777777778
-1.184217687074831
-1.1609977324263046
-1.300317460317462
-1.6950566893424046
-1.8111564625850338
-2.0665759637188224
-2.18267573696145
-2.0665759637188224
-1.8808163265306135
-1.8808163265306135
-1.7414965986394542
-1.7414965986394577
-1.7414965986394577
-1.7414965986394577
-1.7414965986394542
-1.7414965986394542
-1.7414965986394542
-1.7647165532879825
-1.9040362811791383
-1.9736961451247161
-1.9736961451247161
-1.9736961451247161
-1.9736961451247161
-1.9736961451247161
-1.9736961451247161
-1.9736961451247161
-1.9736961451247161
-2.089795918367347
-2.1130158730158755
-2.089795918367347
-2.089795918367347
-2.089795918367347
-2.089795918367347
-2.089795918367347
-2.089795918367347
-2.089795918367347
-2.089795918367347
-2.089795918367347
-2.089795918367347
-2.0433560090702976
-2.0201360544217657
-1.9504761904761914
-1.9504761904761914
-1.8575963718820887
-1.8808163265306135
-1.8808163265306135
-1.9040362811791383
-1.996916099773241
-1.996916099773241
-2.0665759637188224
-2.043356009070294
-1.996916099773241
-1.8343764172335604
-1.8343764172335604
-1.8808163265306135
-1.9504761904761914
-1.9504761904761914
-1.9504761904761914
-1.9504761904761878
-1.9504761904761878
-1.9504761904761914
-1.9504761904761914
-1.8343764172335604
-1.6950566893424046
-1.6950566893424046
-1.5789569160997736
-1.5789569160997736
-1.5789569160997736
-1.5789569160997736
-1.5557369614512453
-1.5557369614512453
-1.5325170068027205
-1.36997732426304
-1.2538775510204054
-1.2538775510204054
-1.2538775510204054
-1.2538775510204054
-1.184217687074831
-1.184217687074831
-1.184217687074831
-1.184217687074831
-1.2770975056689338
-1.2770975056689338
-1.2770975056689338
-1.2770975056689338
-1.2074376417233559
-1.2074376417233559
-1.2074376417233559
-1.2074376417233559
-1.2074376417233559
-1.184217687074831
-1.184217687074831
-1.184217687074831
-1.184217687074831
-0.9984580498866222
-0.9984580498866222
-0.9984580498866222
-0.9984580498866222
-1.1842176870748276
-0.9752380952380939
-0.9752380952380939
-0.9752380952380939
-0.9752380952380939
-1.0681179138322001
-1.0681179138322001
-1.0681179138322001
-1.0681179138322001
-1.091337868480725
-1.091337868480725
-1.091337868480725
-1.091337868480725
-1.091337868480725
-0.9287981859410444
-0.9287981859410444
-0.9287981859410444
-0.9287981859410444
-0.8823582766439912
-0.8823582766439912
-0.8823582766439912
-0.8823582766439912
-0.7662585034013603
-0.7662585034013603
-0.7662585034013603
-0.7662585034013603
-0.6965986394557824
0.5340589569161018
0.5340589569161018
