OnSet desviation
0
-0.8591383219954648
-0.7198185941043085
-0.6733786848072563
-0.6037188208616779
-0.5804988662131523
-0.5804988662131523
-0.4411791383219965
-0.41795918367346996
-0.4411791383219956
-0.4411791383219956
-0.5572789115646266
-0.5108390022675735
-0.650158730158731
-0.6733786848072558
-0.5108390022675753
-0.4411791383219956
-0.37151927437641774
-0.3482993197278912
-0.3482993197278912
-0.3250793650793664
-0.3482993197278912
-0.30185941043083986
-0.3250793650793664
-0.3018594104308381
-0.30185941043083986
-0.30185941043083986
-0.30185941043083986
-0.30185941043083986
-0.30185941043083986
-0.30185941043083986
-0.30185941043083986
-0.3018594104308363
-0.3018594104308363
-0.30185941043083986
-0.3250793650793682
-0.4179591836734673
-0.5340589569160983
-0.5340589569160983
-0.5340589569161018
-0.5340589569160983
-0.5340589569160983
-0.48761904761904873
-0.48761904761904873
-0.48761904761904873
-0.48761904761904873
-0.48761904761904873
-0.48761904761904873
-0.5340589569161018
-0.5340589569161018
-0.5340589569160983
-0.5340589569160983
-0.5340589569160983
-0.5340589569161018
-0.5340589569161018
-0.5340589569161018
-0.5340589569160983
-0.5804988662131549
-0.6269387755102009
-0.6037188208616797
-0.6037188208616797
-0.5340589569161018
-0.48761904761904873
-0.48761904761904873
-0.4643990929705204
-0.5572789115646266
-0.5572789115646266
-0.6733786848072576
-0.6733786848072576
-0.6269387755102045
-0.5340589569160983
-0.5340589569160983
-0.6037188208616762
-0.6733786848072576
-0.6733786848072576
-0.6733786848072576
-0.673378684807254
-0.673378684807254
-0.6733786848072576
-0.6965986394557824
-0.6037188208616762
-0.5804988662131514
-0.5804988662131514
-0.7198185941043107
-0.7198185941043107
-0.7198185941043107
-0.7198185941043072
-0.7198185941043072
-0.7198185941043072
-0.7894784580498886
-0.6269387755102045
-0.6269387755102045
-0.6269387755102045
-0.6269387755102045
-0.6269387755102045
-0.48761904761904873
-0.48761904761904873
-0.48761904761904873
-0.48761904761904873
-0.6269387755102045
-0.6269387755102045
-0.6269387755102045
-0.6269387755102045
-0.6501587301587293
-0.6037188208616797
-0.6037188208616797
-0.6037188208616797
-0.6037188208616797
-0.4643990929705204
-0.4643990929705204
-0.4643990929705204
-0.4643990929705204
-0.48761904761904873
-0.48761904761904873
-0.48761904761904873
-0.48761904761904873
-0.4643990929705204
-0.37151927437641774
-0.37151927437641774
-0.37151927437641774
-0.37151927437641774
-0.32507936507936463
-0.32507936507936463
-0.32507936507936463
-0.32507936507936463
-0.23219954648526198
-0.23219954648526198
-0.23219954648526198
-0.23219954648526198
-0.23219954648525842
-0.23219954648526198
-0.23219954648526198
-0.23219954648526198
-0.23219954648526198
-0.23219954648526198
-0.23219954648526198
-0.23219954648526198
-0.23219954648526198
-0.09287981859410621
-0.09287981859410621
-0.09287981859410621
-0.09287981859410621
-0.09287981859410266
0.5340589569161018
0.5340589569161018
