OnSet desviation
0
-0.952018140589569
-1.0913378684807253
-1.1377777777777776
-1.137777777777778
-1.2306575963718824
-1.137777777777778
-1.2306575963718824
-1.3467573696145125
-1.4628571428571444
-1.4396371882086179
-1.5325170068027223
-1.5789569160997736
-1.6021768707482984
-1.7182766439909294
-1.8343764172335604
-1.671836734693878
-1.6486167800453515
-1.7182766439909312
-1.6950566893424046
-1.857596371882087
-2.2291156462585047
-2.391655328798185
-2.623854875283447
-2.763174603174603
-2.6470748299319737
-2.461315192743765
-2.461315192743765
-2.3219954648526056
-2.321995464852609
-2.321995464852609
-2.321995464852609
-2.321995464852609
-2.321995464852609
-2.3219954648526056
-2.3219954648526056
-2.368435374149662
-2.321995464852609
-2.321995464852609
-2.3219954648526056
-2.321995464852609
-2.321995464852609
-2.3684353741496587
-2.3684353741496587
-2.3684353741496587
-2.4845351473922896
-2.507755102040818
-2.4845351473922896
-2.4380952380952365
-2.4380952380952365
-2.43809523809524
-2.43809523809524
-2.43809523809524
-2.4380952380952365
-2.4380952380952365
-2.4380952380952365
-2.43809523809524
-2.345215419501134
-2.275555555555556
-2.229115646258503
-2.229115646258503
-2.205895691609978
-2.275555555555556
-2.275555555555556
-2.321995464852609
-2.3219954648526056
-2.3219954648526056
-2.275555555555556
-2.2523356009070277
-2.2523356009070277
-2.1826757369614533
-2.1826757369614533
-2.1594557823129286
-2.159455782312925
-2.159455782312925
-2.159455782312925
-2.159455782312925
-2.159455782312925
-2.159455782312925
-2.1362358276644002
-2.1130158730158755
-1.9969160997732445
-1.9969160997732445
-1.7414965986394542
-1.7414965986394542
-1.7414965986394542
-1.7414965986394577
-1.7182766439909294
-1.7182766439909294
-1.6253968253968232
-1.6253968253968267
-1.5092970521541922
-1.5092970521541922
-1.5092970521541922
-1.5092970521541922
-1.5789569160997736
-1.5789569160997736
-1.5789569160997736
-1.5789569160997736
-1.5325170068027205
-1.5325170068027205
-1.5325170068027205
-1.5325170068027205
-1.4396371882086179
-1.4860770975056674
-1.4860770975056674
-1.4860770975056674
-1.4860770975056674
-1.602176870748302
-1.602176870748302
-1.602176870748302
-1.602176870748302
-1.3931972789115648
-1.3931972789115648
-1.3931972789115648
-1.3931972789115648
-1.6021768707482984
-1.4860770975056674
-1.4860770975056674
-1.4860770975056674
-1.4860770975056674
-1.6253968253968267
-1.6253968253968267
-1.6253968253968267
-1.6253968253968267
-1.7414965986394542
-1.7414965986394542
-1.7414965986394542
-1.7414965986394542
-1.7414965986394577
-1.5789569160997736
-1.5789569160997736
-1.5789569160997736
-1.5789569160997736
-1.5325170068027205
-1.5325170068027205
-1.5325170068027205
-1.5325170068027205
-1.5557369614512453
-1.5557369614512453
-1.5557369614512453
-1.5557369614512453
-1.486077097505671
-0.8823582766439912
-0.8823582766439912
