OnSet desviation
0
0.35501100453514745
0.3849426439909298
0.6935137392290249
0.6537855147392295
1.0784563832199545
1.0619481133786843
1.3008593446712027
1.4236708027210883
1.5929221700680278
1.7621735374149665
1.9778648140589574
2.0310164081632642
2.246707684807257
2.4391790068027213
2.7013101927437653
2.7080218775510208
2.9319672891156454
3.016592972789116
2.985118883219954
2.9536447936507937
3.0382704773242644
3.0996762063492067
3.2539617539682535
3.2689275736961427
3.1534738922902488
2.9683603469387734
2.9683603469387734
2.829686710884351
2.830332802721088
2.830332802721088
2.8309788945578216
2.831624986394555
2.831624986394555
2.8322710782312903
2.809697215419499
2.810343307256236
2.7645494897959164
2.7645494897959164
2.76519558163265
2.765841673469387
2.765841673469387
2.7664877653061204
2.7671338571428556
2.7671338571428556
2.7445599943310626
2.6987661768707447
2.583312495464849
2.3749789954648506
2.3749789954648506
2.375625087301586
2.376271179138321
2.376271179138321
2.3769172709750563
2.377563362811788
2.377563362811788
2.3782094546485233
2.285975727891156
2.193742001133785
2.101508274376414
2.101508274376414
1.9860545929705182
1.9634807301587323
1.9634807301587323
1.964126821995464
1.9647729138321957
1.9647729138321957
1.9189790963718814
1.8731852789115635
1.7809515521541925
1.595838006802719
1.595838006802719
1.5732641439909294
1.5739102358276646
1.5739102358276646
1.5745563276643963
1.5752024195011316
1.5752024195011316
1.5758485113378669
1.530054693877549
1.4146010124716533
1.2759273764172328
1.2759273764172328
1.160473695011337
1.137899832199544
1.137899832199544
1.1385459240362827
1.1159720612244861
1.1159720612244861
1.0933981984126966
1.0940442902494318
0.9792367006802678
0.9792367006802678
0.9792367006802678
0.9792367006802678
0.9108690204081604
0.9108690204081604
0.9108690204081604
0.9108690204081604
0.8657212947845814
0.8657212947845814
0.8657212947845814
0.8657212947845814
0.7741336598639457
0.7754258435374126
0.7754258435374126
0.7754258435374126
0.7754258435374126
0.7534980725623583
0.7534980725623583
0.7534980725623583
0.7534980725623583
0.336831072562358
0.336831072562358
0.336831072562358
0.336831072562358
0.33812325623582495
0.10721589342403348
0.10721589342403348
0.10721589342403348
0.10721589342403348
0.10850807709750399
0.10850807709750399
0.10850807709750399
0.10850807709750399
0.10980026077097094
0.10980026077097094
0.10980026077097094
0.10980026077097094
0.11109244444444144
-0.05015505442177215
-0.05015505442177215
-0.05015505442177215
-0.05015505442177215
-0.0953027800453512
-0.0953027800453512
-0.0953027800453512
-0.0953027800453512
-0.09401059637188425
-0.09401059637188425
-0.09401059637188425
-0.09401059637188425
-0.1855982312925164
-0.18301386394557895
-0.18301386394557895
