OnSet desviation
0
-0.6037188208616779
-0.3947392290249436
-0.20897959183673454
-0.16253968253968276
0.04643990929705222
0.18575963718820887
0.37151927437641774
0.6501587301587302
0.6965986394557815
1.021678004535147
1.0913378684807267
1.1609977324263046
1.3699773242630382
1.6486167800453515
1.6486167800453515
1.6950566893424046
1.8808163265306117
1.9969160997732427
1.9969160997732427
2.089795918367349
2.1130158730158737
2.113015873015872
2.1362358276644002
2.1362358276644002
2.205895691609978
2.2523356009070277
2.2523356009070277
2.252335600907031
2.2523356009070294
2.2523356009070294
2.2523356009070294
2.275555555555556
2.275555555555556
2.2987755102040843
2.2987755102040843
2.2987755102040826
2.2987755102040808
2.2987755102040808
2.2987755102040808
2.2987755102040826
2.2987755102040826
2.2987755102040826
2.2987755102040808
2.2987755102040808
2.2987755102040843
2.2987755102040808
2.2987755102040808
2.275555555555556
2.275555555555556
2.275555555555556
2.275555555555556
2.275555555555556
2.275555555555556
2.275555555555556
2.275555555555556
2.275555555555556
2.275555555555556
2.275555555555556
2.2755555555555596
2.2755555555555596
2.275555555555556
2.275555555555556
2.275555555555556
2.275555555555556
2.275555555555556
2.275555555555556
2.275555555555556
2.275555555555556
2.275555555555556
2.275555555555556
2.275555555555556
2.275555555555556
2.275555555555556
2.275555555555556
2.275555555555556
2.275555555555556
2.275555555555556
2.368435374149662
2.3684353741496587
2.252335600907031
2.3684353741496587
2.3684353741496587
2.3684353741496587
2.3684353741496587
2.3684353741496587
2.368435374149662
2.368435374149662
2.368435374149662
2.3684353741496587
2.623854875283449
2.6238548752834454
2.6238548752834454
2.6238548752834454
2.6238548752834454
2.623854875283449
2.623854875283449
2.623854875283449
2.623854875283449
2.5774149659863923
2.5774149659863923
2.5774149659863923
2.5774149659863923
2.577414965986396
2.577414965986396
2.577414965986396
2.577414965986396
2.577414965986396
2.577414965986396
2.577414965986396
2.577414965986396
2.577414965986396
2.577414965986396
2.577414965986396
2.577414965986396
2.577414965986396
2.4845351473922896
2.484535147392293
2.484535147392293
2.484535147392293
2.484535147392293
2.4845351473922896
2.4845351473922896
2.4845351473922896
2.4845351473922896
2.4845351473922896
2.4845351473922896
2.4845351473922896
2.4845351473922896
2.507755102040818
2.391655328798187
2.391655328798187
2.391655328798187
2.391655328798187
2.391655328798187
2.391655328798187
2.391655328798187
2.391655328798187
2.3916553287981834
2.3916553287981834
2.3916553287981834
2.3916553287981834
2.414875283446708
2.4148752834467118
2.4148752834467118
