OnSet desviation
0
0.44789082312925166
0.33850273469387737
0.6935137392290249
0.5841256507936508
0.8230368820861678
0.7600887029478454
0.9757799795918372
0.9824916643990926
1.0820831678004526
1.2513345351473921
1.3044861292517016
1.2879778594104305
1.4107893174603188
1.6264805941043097
1.6331922789115652
1.4773642811791383
1.6548697834467117
1.7859353764172337
1.7776812414965981
1.7694271065759644
1.807612880952382
1.7993587460317464
1.7911046111111126
1.8060704308390036
1.8067165226757371
1.8073626145124706
1.8073626145124706
1.8080087063492076
1.808654798185941
1.808654798185941
1.8093008900226746
1.8331669365079364
1.8331669365079364
1.8570329829932
1.8344591201814087
1.8351052120181421
1.8357513038548756
1.8357513038548756
1.836397395691609
1.8370434875283461
1.8370434875283461
1.8376895793650796
1.8383356712018148
1.8383356712018148
1.83898176303855
1.8396278548752818
1.840273946712017
1.8177000839002275
1.8177000839002275
1.8183461757369592
1.818992267573698
1.818992267573698
1.8196383594104333
1.820284451247165
1.820284451247165
1.8209305430839002
1.8215766349206355
1.8222227267573707
1.822868818594106
1.822868818594106
1.8235149104308377
1.8241610022675765
1.8241610022675765
1.8248070941043082
1.8254531859410434
1.8254531859410434
1.8260992777777787
1.826745369614514
1.8273914614512492
1.828037553287981
1.828037553287981
1.8286836451247162
1.8293297369614514
1.8293297369614514
1.8299758287981867
1.830621920634922
1.830621920634922
1.9241478310657598
1.924793922902495
1.8093402414965993
1.7635464240362815
1.7635464240362815
1.7641925158730167
1.7416186530612237
1.7416186530612237
1.7422647448979625
1.7429108367346942
1.7429108367346942
1.7435569285714294
1.9996225215419514
2.0009147052154184
2.0009147052154184
2.0009147052154184
2.0009147052154184
2.002206888888889
2.002206888888889
2.002206888888889
2.002206888888889
2.0034990725623594
2.0034990725623594
2.0034990725623594
2.0034990725623594
2.00479125623583
2.0060834399093004
2.0060834399093004
2.0060834399093004
2.0060834399093004
2.0073756235827673
2.0073756235827673
2.0073756235827673
2.0073756235827673
2.008667807256238
2.008667807256238
2.008667807256238
2.008667807256238
2.1260597641723358
2.1273519478458063
2.1273519478458063
2.1273519478458063
2.1273519478458063
2.1286441315192732
2.1286441315192732
2.1286441315192732
2.1286441315192732
2.1299363151927437
2.1299363151927437
2.1299363151927437
2.1299363151927437
2.154448453514739
2.2254005011337874
2.2254005011337874
2.2254005011337874
2.2254005011337874
2.226692684807258
2.226692684807258
2.226692684807258
2.226692684807258
2.227984868480725
2.227984868480725
2.227984868480725
2.227984868480725
2.2989369160997697
2.3015212834467107
2.3015212834467107
