OnSet desviation
0
-0.7662585034013604
-0.6965986394557824
-0.6037188208616779
-0.5804988662131518
-0.44117913832199473
-0.3482993197278903
-0.2321995464852602
-0.06965986394557788
-0.04643990929705222
0.04643990929705222
0.18575963718820887
0.25541950113378675
0.37151927437641596
0.5804988662131514
0.5340589569161001
0.6733786848072576
0.6733786848072558
0.6733786848072558
0.6733786848072558
0.766258503401362
0.7894784580498868
0.789478458049885
0.8126984126984134
0.8126984126984134
0.8591383219954665
0.8823582766439895
0.8823582766439895
0.8823582766439912
0.8823582766439912
0.8823582766439912
0.8823582766439912
0.8823582766439912
0.8823582766439912
0.882358276643993
0.882358276643993
0.8823582766439912
0.8591383219954647
0.8591383219954647
0.8591383219954629
0.8591383219954611
0.8591383219954611
0.8591383219954647
0.8591383219954629
0.8591383219954629
0.8591383219954629
0.8591383219954629
0.8591383219954629
0.8591383219954629
0.8591383219954629
0.8591383219954629
0.8591383219954629
0.8591383219954629
0.8591383219954629
0.8591383219954629
0.8591383219954629
0.8591383219954629
0.8591383219954629
0.8591383219954629
0.8591383219954665
0.8591383219954665
0.8591383219954629
0.8591383219954629
0.8591383219954629
0.8591383219954629
0.8591383219954629
0.8591383219954629
0.8591383219954629
0.8591383219954629
0.8359183673469346
0.8359183673469381
0.8359183673469381
0.8359183673469381
0.8359183673469381
0.8359183673469381
0.8359183673469346
0.8359183673469381
0.8359183673469381
0.905578231292516
0.9055782312925125
0.8359183673469381
0.8823582766439877
0.8823582766439877
0.8591383219954629
0.8591383219954629
0.8591383219954629
0.8591383219954629
0.8591383219954665
0.8591383219954665
0.8591383219954629
1.3931972789115648
1.3931972789115612
1.3931972789115612
1.3931972789115612
1.3931972789115612
1.3931972789115648
1.3931972789115648
1.3931972789115648
1.3931972789115648
1.346757369614508
1.346757369614508
1.346757369614508
1.346757369614508
1.3467573696145116
1.346757369614508
1.346757369614508
1.346757369614508
1.346757369614508
1.3467573696145116
1.3467573696145116
1.3467573696145116
1.3467573696145116
1.3467573696145116
1.3467573696145116
1.3467573696145116
1.3467573696145116
1.4396371882086143
1.4396371882086179
1.4396371882086179
1.4396371882086179
1.4396371882086179
1.4396371882086143
1.4396371882086143
1.4396371882086143
1.4396371882086143
1.4396371882086143
1.4396371882086143
1.4396371882086143
1.4396371882086143
1.5325170068027205
1.346757369614508
1.346757369614508
1.346757369614508
1.346757369614508
1.3467573696145116
1.3467573696145116
1.3467573696145116
1.3467573696145116
1.3467573696145116
1.3467573696145116
1.3467573696145116
1.3467573696145116
1.7879365079365037
1.7879365079365073
1.7879365079365073
