OnSet desviation
0
-0.6965986394557824
-0.557278911564626
-0.4643990929705213
-0.4411791383219956
-0.37151927437641774
-0.3250793650793655
-0.25541950113378675
-0.13931972789115665
-0.11609977324263099
0.1160997732426301
0.046439909297053106
0.046439909297053106
0.13931972789115754
0.20897959183673542
0.25541950113378675
0.16253968253968232
0.3482993197278912
0.4643990929705222
0.4643990929705222
0.4643990929705222
0.4643990929705222
0.4643990929705222
0.4643990929705222
0.4643990929705222
0.48761904761904695
0.5108390022675735
0.5108390022675735
0.5108390022675753
0.5108390022675735
0.5108390022675735
0.5108390022675735
0.5340589569161001
0.5340589569161001
0.5572789115646266
0.5572789115646266
0.5572789115646266
0.5804988662131514
0.5804988662131514
0.5804988662131514
0.5804988662131549
0.5804988662131549
0.5804988662131514
0.5804988662131514
0.5804988662131514
0.5804988662131549
0.5804988662131514
0.5804988662131514
0.5572789115646266
0.5572789115646266
0.5572789115646266
0.5572789115646266
0.5572789115646266
0.5572789115646266
0.5572789115646266
0.5572789115646266
0.5572789115646266
0.5572789115646266
0.5572789115646266
0.5572789115646266
0.5572789115646266
0.5572789115646266
0.5572789115646266
0.5572789115646266
0.5572789115646266
0.5572789115646266
0.5572789115646266
0.5572789115646266
0.5572789115646266
0.5804988662131549
0.5804988662131514
0.5804988662131514
0.5804988662131514
0.5804988662131514
0.5804988662131514
0.5804988662131549
0.5804988662131514
0.5804988662131514
0.6037188208616797
0.6037188208616797
0.5572789115646266
0.6269387755102045
0.6269387755102045
0.6501587301587293
0.6501587301587293
0.6501587301587293
0.6501587301587328
0.6501587301587293
0.6501587301587293
0.6501587301587293
0.37151927437641774
0.37151927437641774
0.37151927437641774
0.37151927437641774
0.37151927437641774
0.37151927437641774
0.37151927437641774
0.37151927437641774
0.37151927437641774
0.37151927437641774
0.37151927437641774
0.37151927437641774
0.37151927437641774
0.37151927437641774
0.3715192743764213
0.3715192743764213
0.3715192743764213
0.3715192743764213
0.37151927437641774
0.37151927437641774
0.37151927437641774
0.37151927437641774
0.37151927437641774
0.37151927437641774
0.37151927437641774
0.37151927437641774
0.18575963718820887
0.18575963718820887
0.18575963718820887
0.18575963718820887
0.18575963718820887
0.18575963718820887
0.18575963718820887
0.18575963718820887
0.18575963718820887
0.18575963718820887
0.18575963718820887
0.18575963718820887
0.18575963718820887
0.11609977324263099
0.18575963718821242
0.18575963718821242
0.18575963718821242
0.18575963718821242
0.18575963718820887
0.18575963718820887
0.18575963718820887
0.18575963718820887
0.18575963718820532
0.18575963718820532
0.18575963718820532
0.18575963718820532
-0.23219954648526198
-0.23219954648526198
-0.23219954648526198
