OnSet desviation
0
0.743038548752835
0.6733786848072563
-0.20897959183673498
-0.6269387755102045
-0.6037188208616779
-0.6965986394557824
-0.5340589569161001
-0.5340589569161001
-0.4411791383219956
-0.4643990929705222
-0.3018594104308381
-0.3250793650793664
-0.25541950113378675
-0.18575963718820887
-0.13931972789115576
-0.11609977324262921
0.09287981859410266
0.023219954648524777
0.023219954648526553
-0.11609977324262921
-0.3947392290249443
-0.3947392290249425
-0.4411791383219956
-0.4411791383219956
-0.4411791383219974
-0.44117913832199385
-0.44117913832199385
-0.44117913832199385
-0.4411791383219956
-0.4411791383219956
-0.4411791383219956
-0.3482993197278894
-0.3482993197278894
-0.3947392290249425
-0.3947392290249425
-0.3947392290249425
-0.39473922902493896
-0.39473922902493896
-0.3947392290249425
-0.3947392290249425
-0.3947392290249425
-0.3947392290249425
-0.3947392290249425
-0.3947392290249425
-0.3947392290249425
-0.3947392290249425
-0.39473922902493896
-0.3947392290249425
-0.3947392290249425
-0.3947392290249425
-0.39473922902493896
-0.39473922902493896
-0.3947392290249425
-0.3947392290249425
-0.3947392290249425
-0.4643990929705204
-0.4643990929705204
-0.4643990929705204
-0.4643990929705204
-0.4643990929705204
-0.46439909297051685
-0.4643990929705204
-0.4643990929705204
-0.4643990929705204
-0.39473922902493896
-0.39473922902493896
-0.44117913832199207
-0.4411791383219956
-0.4411791383219956
-0.44117913832199207
-0.44117913832199207
-0.4411791383219956
-0.4411791383219956
-0.4411791383219956
-0.44117913832199207
-0.4179591836734673
-0.4179591836734673
-0.3482993197278894
-0.3482993197278894
-0.3482993197278894
-0.3947392290249425
-0.3947392290249425
-0.3947392290249425
-0.3947392290249425
-0.3947392290249425
-0.39473922902493896
-0.3947392290249425
-0.3947392290249425
-0.3947392290249425
-0.2554195011337832
-0.6965986394557824
-0.6965986394557824
-0.6965986394557824
-0.6965986394557824
-0.6965986394557824
-0.6965986394557824
-0.6965986394557824
-0.6965986394557824
-0.6965986394557788
-0.6965986394557788
-0.6965986394557788
-0.6965986394557788
-0.6965986394557824
-0.7198185941043072
-0.7198185941043072
-0.7198185941043072
-0.7198185941043072
-0.7198185941043072
-0.7198185941043072
-0.7198185941043072
-0.7198185941043072
-0.7198185941043072
-0.7198185941043072
-0.7198185941043072
-0.7198185941043072
-0.7198185941043036
-0.7198185941043072
-0.7198185941043072
-0.7198185941043072
-0.7198185941043072
-0.7198185941043072
-0.7198185941043072
-0.7198185941043072
-0.7198185941043072
-0.7198185941043072
-0.7198185941043072
-0.7198185941043072
-0.7198185941043072
-0.8823582766439912
-0.673378684807254
-0.673378684807254
-0.673378684807254
-0.673378684807254
-0.5804988662131549
-0.5804988662131549
-0.5804988662131549
-0.5804988662131549
-0.7430385487528355
-0.7430385487528355
-0.7430385487528355
-0.7430385487528355
-0.7430385487528284
-0.7430385487528355
-0.7430385487528355
