OnSet desviation
0
1.9571878752834473
1.662040149659864
1.0650330136054418
0.5609056961451242
0.86947679138322
0.6672088843537409
1.0686597981859407
0.9360517551020404
1.174962986394557
1.2281145804988665
1.4438058571428574
1.4272975873015863
1.6662088185941055
1.7193604126984123
1.9582716439909298
2.0114232380952384
2.305028513605441
2.319994333333332
2.311740198412698
2.164166335600907
1.9237126541950111
1.9154585192743774
1.9072043843537418
1.9221702040816329
1.9228162959183663
1.9234623877551034
1.9234623877551034
1.9241084795918368
1.924754571428572
1.924754571428572
1.9254006632653056
2.1814662562358293
2.1814662562358293
2.1821123480725646
2.1595384852607733
2.1601845770975068
2.160830668934244
2.160830668934244
2.1614767607709773
2.1621228526077108
2.1621228526077108
2.1627689444444442
2.163415036281183
2.163415036281183
2.1640611281179147
2.1647072199546464
2.1653533117913852
2.1659994036281205
2.1659994036281205
2.166645495464852
2.167291587301591
2.167291587301591
2.1679376791383262
2.168583770975058
2.168583770975058
2.1692298628117896
2.1698759546485284
2.1705220464852637
2.1711681383219954
2.1711681383219954
2.1718142301587307
2.1724603219954695
2.1724603219954695
2.173106413832201
2.2434123696145143
2.2434123696145143
2.2440584614512495
2.244704553287985
2.2453506451247165
2.2459967369614517
2.2459967369614517
2.246642828798187
2.2472889206349222
2.2472889206349222
2.2479350124716575
2.3182409682539706
2.3182409682539706
2.4349868333333333
2.4356329251700686
2.3898391077097507
2.25116547165533
2.25116547165533
2.2518115634920655
2.2292377006802724
2.2292377006802724
2.229883792517011
2.230529884353743
2.230529884353743
2.231175976190478
2.440801659863947
2.442093843537414
2.442093843537414
2.442093843537414
2.442093843537414
2.4433860272108845
2.4433860272108845
2.4433860272108845
2.4433860272108845
2.4446782108843585
2.4446782108843585
2.4446782108843585
2.4446782108843585
2.4459703945578255
2.447262578231296
2.447262578231296
2.447262578231296
2.447262578231296
2.448554761904763
2.448554761904763
2.448554761904763
2.448554761904763
2.4498469455782335
2.4498469455782335
2.4498469455782335
2.4498469455782335
2.451139129251704
2.452431312925171
2.452431312925171
2.452431312925171
2.452431312925171
2.4537234965986414
2.4537234965986414
2.4537234965986414
2.4537234965986414
2.4550156802721084
2.4550156802721084
2.4550156802721084
2.4550156802721084
2.5956275918367346
2.8291193219954636
2.8291193219954636
2.8291193219954636
2.8291193219954636
2.9232913242630403
2.9232913242630403
2.9232913242630403
2.9232913242630403
2.9245835079365072
2.9245835079365072
2.9245835079365072
2.9245835079365072
2.9026557369614565
2.9052401043083904
2.9052401043083904
