OnSet desviation
0
-0.9752380952380951
-0.6965986394557824
-0.626938775510204
-0.6269387755102036
-0.6037188208616779
-0.719818594104308
-0.5340589569160992
-0.41795918367346907
-0.2786394557823133
-0.3482993197278912
-0.16253968253968232
-0.20897959183673542
-0.06965986394557788
0.023219954648526553
0.34829931972789296
0.3482993197278912
0.4643990929705204
0.4411791383219956
0.4411791383219956
0.2786394557823133
0.0
0.0
-0.04643990929705133
-0.046439909297053106
-0.04643990929705133
-0.046439909297053106
-0.046439909297053106
-0.046439909297053106
0.23219954648525842
0.23219954648525842
0.4179591836734673
0.2554195011337832
0.2554195011337832
0.20897959183673365
0.20897959183673365
0.20897959183673365
0.20897959183673365
0.20897959183673365
0.2089795918367301
0.25541950113378675
0.25541950113378675
0.25541950113378675
0.2554195011337832
0.2554195011337832
0.2554195011337832
0.25541950113378675
0.25541950113378675
0.2554195011337832
0.2554195011337832
0.25541950113378675
0.25541950113378675
0.25541950113378675
0.2554195011337832
0.2554195011337832
0.2554195011337832
0.18575963718820887
0.3018594104308363
0.3018594104308363
0.3018594104308363
0.3018594104308363
0.30185941043083986
0.3018594104308363
0.3018594104308363
0.3018594104308363
0.4411791383219956
0.4411791383219956
0.3947392290249425
0.39473922902493896
0.3947392290249425
0.3947392290249425
0.3947392290249425
0.39473922902493896
0.3947392290249425
0.3947392290249425
0.3947392290249425
0.3947392290249425
0.3947392290249425
0.4179591836734673
0.41795918367347085
0.4643990929705204
0.5572789115646231
0.5572789115646231
0.5572789115646231
0.5572789115646231
0.5572789115646231
0.5572789115646266
0.5572789115646231
0.5572789115646231
0.5572789115646231
0.9984580498866222
0.8359183673469381
0.8359183673469381
0.8359183673469381
0.8359183673469381
0.8359183673469346
0.8359183673469346
0.8359183673469346
0.8359183673469346
0.9984580498866187
0.9984580498866187
0.9984580498866187
0.9984580498866187
0.9984580498866187
1.1145578231292497
1.1145578231292497
1.1145578231292497
1.1145578231292497
1.4860770975056674
1.4860770975056674
1.4860770975056674
1.4860770975056674
1.4860770975056674
1.4860770975056674
1.4860770975056674
1.4860770975056674
1.486077097505671
1.4860770975056674
1.4860770975056674
1.4860770975056674
1.4860770975056674
1.4860770975056639
1.4860770975056639
1.4860770975056639
1.4860770975056639
1.486077097505671
1.486077097505671
1.486077097505671
1.486077097505671
1.9969160997732374
2.18267573696145
2.18267573696145
2.18267573696145
2.18267573696145
2.18267573696145
2.18267573696145
2.18267573696145
2.18267573696145
2.0201360544217692
2.0201360544217692
2.0201360544217692
2.0201360544217692
3.2740136054421782
4.295691609977318
4.295691609977318
