OnSet desviation
0
0.42467086848072555
0.19918300680272116
0.4845341473922904
0.3983660136054419
0.6837171541950111
0.5743290657596365
0.813240297052154
0.6806322539682537
0.8266636666666658
0.9030352154195018
0.9561868095238086
0.9628984943310659
1.1321498616780055
1.1156415918367344
1.3081129138321987
1.3380445532879808
1.4226702369614515
1.5072959206349203
1.4990417857142848
1.4907876507936493
1.5289734251700686
1.520719290249433
1.5589050646258507
1.5738708843537417
1.574516976190477
1.5751630680272104
1.5751630680272104
1.5758091598639439
1.576455251700681
1.576455251700681
1.5771013435374144
1.7402871179138337
1.7402871179138337
1.787373119047622
1.7647992562358308
1.7654453480725643
1.7660914399092977
1.7660914399092977
1.7667375317460348
1.7673836235827682
1.7673836235827682
1.7680297154195017
1.7686758072562405
1.7686758072562405
1.7693218990929722
1.769967990929704
1.7706140827664392
1.771260174603178
1.771260174603178
1.7719062664399097
1.772552358276645
1.772552358276645
1.7731984501133837
1.7738445419501154
1.7738445419501154
1.844150497732425
1.8447965895691638
1.845442681405899
1.8460887732426308
1.8460887732426308
1.8467348650793625
1.8473809569161048
1.8473809569161048
1.8480270487528365
1.8486731405895682
1.8486731405895682
1.8957591417233566
1.8964052335600954
1.897051325396827
1.8976974172335588
1.8976974172335588
1.8983435090702976
1.8989896009070328
1.8989896009070328
1.8996356927437645
1.946721693877553
1.946721693877553
1.9938076950113377
1.994453786848073
1.948659969387755
1.8564262426303877
1.8564262426303877
1.857072334467123
1.8344984716553299
1.8344984716553299
1.8351445634920651
1.8357906553288004
1.8357906553288004
1.8364367471655356
1.9067427029478452
2.3492140249433113
2.3492140249433113
2.3492140249433113
2.3492140249433113
2.350506208616782
2.350506208616782
2.350506208616782
2.350506208616782
2.3517983922902523
2.3517983922902523
2.3517983922902523
2.3517983922902523
2.353090575963723
2.377602714285718
2.377602714285718
2.377602714285718
2.377602714285718
2.378894897959185
2.378894897959185
2.378894897959185
2.378894897959185
2.3801870816326556
2.3801870816326556
2.3801870816326556
2.3801870816326556
2.3814792653061225
2.382771448979593
2.382771448979593
2.382771448979593
2.382771448979593
2.3840636326530635
2.3840636326530635
2.3840636326530635
2.3840636326530635
2.3853558163265305
2.3853558163265305
2.3853558163265305
2.3853558163265305
2.688507410430841
2.7130195487528326
2.7130195487528326
2.7130195487528326
2.7130195487528326
2.71431173242631
2.71431173242631
2.71431173242631
2.71431173242631
2.8781435986394577
2.8781435986394577
2.8781435986394577
2.8781435986394577
2.8562158276644
2.858800195011341
2.858800195011341
