OnSet desviation
0
-2.5077551020408166
-2.159455782312925
-1.2074376417233559
-0.7894784580498859
-0.7894784580498868
-0.8126984126984125
-0.7894784580498859
-0.6733786848072558
-0.6269387755102045
-0.6733786848072558
-0.650158730158731
-0.6733786848072558
-0.6037188208616779
-0.5804988662131514
-0.3018594104308381
-0.3250793650793664
-0.41795918367346907
-0.37151927437641596
-0.37151927437641774
-0.3947392290249443
-0.3947392290249425
-0.3947392290249443
-0.3947392290249425
-0.3947392290249443
-0.39473922902494074
-0.39473922902494607
-0.39473922902494607
-0.39473922902494607
-0.11609977324263099
-0.11609977324263099
0.06965986394557788
-0.18575963718821242
-0.18575963718821242
-0.18575963718820887
-0.18575963718820887
-0.18575963718820887
-0.18575963718821242
-0.18575963718821242
-0.18575963718821242
-0.13931972789115576
-0.13931972789115576
-0.13931972789115576
-0.13931972789115932
-0.13931972789115932
-0.13931972789115932
-0.13931972789115576
-0.13931972789115932
-0.13931972789115932
-0.13931972789115932
-0.13931972789115576
-0.13931972789115932
-0.13931972789115932
-0.13931972789115932
-0.13931972789115932
-0.13931972789115932
-0.13931972789115576
-0.02321995464852833
-0.02321995464852833
-0.02321995464852833
-0.02321995464852833
-0.02321995464852833
-0.02321995464852833
-0.02321995464852833
-0.02321995464852833
0.04643990929704955
0.04643990929704955
0.04643990929704955
0.04643990929704955
0.046439909297053106
0.04643990929704955
0.04643990929704955
0.04643990929704955
0.046439909297053106
0.046439909297053106
0.04643990929704955
0.023219954648524777
0.023219954648524777
-0.02321995464852833
-0.023219954648524777
0.023219954648524777
0.16253968253968054
0.16253968253968054
0.16253968253968054
0.16253968253968054
0.16253968253968054
0.16253968253968054
0.16253968253968054
0.16253968253968054
0.16253968253968054
0.4643990929705204
0.7430385487528355
0.7430385487528355
0.7430385487528355
0.7430385487528355
0.7430385487528319
0.7430385487528319
0.7430385487528319
0.7430385487528319
0.9055782312925125
0.9055782312925125
0.9055782312925125
0.9055782312925125
0.905578231292516
1.0448979591836718
1.0448979591836718
1.0448979591836718
1.0448979591836718
1.4164172335600895
1.4164172335600895
1.4164172335600895
1.4164172335600895
1.4164172335600895
1.4164172335600895
1.4164172335600895
1.4164172335600895
1.4164172335600895
1.4164172335600895
1.4164172335600895
1.4164172335600895
1.4164172335600895
1.416417233560086
1.416417233560086
1.416417233560086
1.416417233560086
1.416417233560093
1.416417233560093
1.416417233560093
1.416417233560093
2.0897959183673436
2.066575963718819
2.066575963718819
2.066575963718819
2.066575963718819
1.9736961451247197
1.9736961451247197
1.9736961451247197
1.9736961451247197
1.9736961451247197
1.9736961451247197
1.9736961451247197
1.9736961451247197
3.2275736961451216
4.249251700680269
4.249251700680269
