OnSet desviation
0
-1.7647165532879816
-1.4860770975056687
-1.1377777777777776
-1.114557823129251
-0.7662585034013611
-0.48761904761904784
-0.41795918367346996
-0.023219954648526553
0.18575963718820887
0.5572789115646266
0.8126984126984116
0.8591383219954647
1.1145578231292514
1.4628571428571426
1.9272562358276648
2.0665759637188206
2.345215419501134
2.345215419501134
2.275555555555556
2.159455782312925
2.159455782312927
2.229115646258501
2.345215419501134
2.3452154195011357
2.345215419501134
2.345215419501132
2.345215419501132
2.345215419501132
2.345215419501134
2.345215419501134
2.345215419501134
2.252335600907031
2.252335600907031
1.7182766439909294
1.7182766439909294
1.7182766439909294
1.7182766439909294
1.7182766439909294
1.7182766439909294
1.5789569160997736
1.5789569160997736
1.5789569160997736
1.5789569160997736
1.5789569160997736
1.5789569160997736
1.5789569160997736
1.57895691609977
1.4860770975056674
1.4860770975056674
1.486077097505671
1.4860770975056674
1.4860770975056674
1.4860770975056674
0.6965986394557788
0.6965986394557788
0.0
0.0
0.0
0.0
0.0
0.0
0.0
0.0
0.0
-0.046439909297053106
-0.046439909297053106
-0.25541950113378675
-0.2554195011337903
-0.25541950113378675
-0.25541950113378675
-0.25541950113378675
-0.25541950113378675
-0.25541950113378675
-0.25541950113378675
-0.25541950113378675
-0.6269387755102045
-0.6269387755102045
-1.2074376417233594
-1.2074376417233559
-1.2074376417233559
-1.2074376417233594
-1.2074376417233594
-1.2074376417233559
-1.2074376417233559
-1.2074376417233559
-1.2074376417233559
-1.2074376417233559
-1.2074376417233559
-1.2074376417233594
-1.2074376417233559
-0.6269387755102045
-0.6269387755102045
-0.6269387755102045
-0.6269387755102045
-0.6269387755102045
-0.6269387755102045
-0.6269387755102045
-0.6269387755102045
-0.6269387755102045
-0.6269387755102045
-0.6269387755102045
-0.6269387755102045
-0.6269387755102045
-0.6269387755102045
-0.6269387755102045
-0.6269387755102045
-0.6269387755102045
-1.137777777777778
-1.137777777777778
-1.137777777777778
-1.137777777777778
-1.137777777777778
-1.137777777777778
-1.137777777777778
-1.137777777777778
-1.6718367346938763
-1.6718367346938763
-1.6718367346938763
-1.6718367346938763
-1.6718367346938763
-1.6718367346938763
-1.6718367346938763
-1.6718367346938763
-1.6718367346938763
-1.6718367346938763
-1.6718367346938763
-1.6718367346938763
-1.6718367346938763
-2.252335600907031
-2.252335600907024
-2.252335600907024
-2.252335600907024
-2.252335600907024
-2.252335600907031
-2.252335600907031
-2.252335600907031
-2.252335600907031
-3.0418140589569163
-3.0418140589569163
-3.0418140589569163
-3.0418140589569163
-2.18267573696145
1.9504761904761878
1.9504761904761878
