OnSet desviation
0
0.40145091383219966
0.15274309750566917
0.39165432879818596
0.23582633106575956
0.4515176077097509
0.31890956462585063
0.34884120408163266
0.3787728435374147
0.3622645736961445
0.5315159410430841
0.6078874897959174
0.4984994013605437
0.4355512222222231
0.4887028163265317
0.5418544104308385
0.5485660952380957
0.5635319149659868
0.5784977346938778
0.5470236451247157
0.3297899183673465
0.1125561916099791
0.10430205668934356
0.09604792176870802
0.08779378684807249
0.08843987868480774
0.08908597052154121
0.08908597052154121
0.08973206235827647
0.09037815419501172
0.09037815419501172
0.09102424603174519
0.09167033786848044
0.09167033786848044
0.0923164297052157
0.0697425668934244
0.07038865873015787
0.0710347505668949
0.0710347505668949
0.07168084240362838
0.07232693424036185
0.07232693424036185
0.0729730260770971
0.07361911791383235
0.07361911791383235
-0.041834563492066934
-0.15728824489796267
-0.20308206235828052
-0.29531578911564793
-0.29531578911564793
-0.2946696972789127
-0.2940236054421774
-0.2940236054421774
-0.2933775136054422
-0.2927314217687105
-0.2927314217687105
-0.2920853299319752
-0.29143923809523997
-0.3140131009070295
-0.4294667823129288
-0.4294667823129288
-0.5449204637188245
-0.5442743718820857
-0.5442743718820857
-0.543628280045354
-0.5429821882086188
-0.5429821882086188
-0.5423360963718835
-0.5416900045351483
-0.5874838219954661
-0.7958173219954681
-0.7958173219954681
-0.7951712301587328
-0.7945251383219976
-0.7945251383219976
-0.7938790464852623
-0.793232954648527
-0.793232954648527
-0.5836072709750582
-0.5829611791383229
-0.6984148605442222
-0.6977687687074834
-0.6977687687074834
-0.6971226768707481
-0.7196965396825412
-0.7196965396825412
-0.719050447845806
-0.7184043560090707
-0.7184043560090707
-0.7177582641723355
-0.43847271655329223
0.4451777437641695
0.4451777437641695
0.4451777437641695
0.4451777437641695
0.9573089297052135
0.9573089297052135
0.9573089297052135
0.9573089297052135
0.958601113378684
0.958601113378684
0.958601113378684
0.958601113378684
0.9598932970521545
0.9611854807256215
0.9611854807256215
0.9611854807256215
0.9611854807256215
0.962477664399092
0.962477664399092
0.962477664399092
0.962477664399092
0.9637698480725625
0.9637698480725625
0.9637698480725625
0.9637698480725625
1.174041623582763
1.1753338072562336
1.1753338072562336
1.1753338072562336
1.1753338072562336
1.176625990929704
1.176625990929704
1.176625990929704
1.176625990929704
1.177918174603171
1.177918174603171
1.177918174603171
1.177918174603171
1.9686888163265266
1.969980999999997
1.969980999999997
1.969980999999997
1.969980999999997
1.9712731836734676
1.9712731836734676
1.9712731836734676
1.9712731836734676
1.9725653673469417
1.9725653673469417
1.9725653673469417
1.9725653673469417
3.6921341950113344
4.27521742857143
4.27521742857143
