OnSet desviation
0
-0.9055782312925169
-1.1377777777777776
-1.3235374149659864
-1.439637188208617
-1.5789569160997727
-1.8343764172335595
-1.8808163265306126
-2.159455782312925
-2.321995464852608
-2.461315192743765
-2.623854875283447
-2.7399546485260764
-2.995374149659863
-3.2740136054421765
-3.599092970521543
-3.7384126984126986
-3.9938321995464854
-3.9938321995464854
-3.947392290249434
-4.040272108843537
-4.272471655328799
-4.318911564625848
-4.481451247165532
-4.504671201814061
-4.504671201814059
-4.504671201814059
-4.504671201814059
-4.504671201814057
-4.504671201814059
-4.504671201814059
-4.504671201814059
-4.713650793650794
-4.713650793650794
-4.899410430839003
-4.899410430839003
-4.899410430839003
-4.899410430839
-4.899410430839
-4.899410430839003
-4.899410430839003
-4.899410430839003
-4.899410430839001
-4.899410430839005
-4.899410430839005
-5.015510204081636
-5.131609977324263
-5.1780498866213165
-5.1780498866213165
-5.1780498866213165
-5.1780498866213165
-5.1780498866213165
-5.1780498866213165
-5.1780498866213165
-5.1780498866213165
-5.1780498866213165
-5.1780498866213165
-5.1780498866213165
-5.201269841269841
-5.317369614512476
-5.317369614512476
-5.433469387755103
-5.433469387755103
-5.433469387755103
-5.433469387755107
-5.433469387755103
-5.433469387755103
-5.433469387755103
-5.433469387755103
-5.479909297052156
-5.68888888888889
-5.68888888888889
-5.68888888888889
-5.6888888888888935
-5.6888888888888935
-5.68888888888889
-5.68888888888889
-5.68888888888889
-5.479909297052153
-5.479909297052156
-5.596009070294787
-5.596009070294784
-5.596009070294784
-5.596009070294787
-5.596009070294787
-5.596009070294787
-5.596009070294787
-5.596009070294784
-5.596009070294784
-5.596009070294784
-5.317369614512476
-5.433469387755103
-5.433469387755103
-5.433469387755103
-5.433469387755103
-4.92263038548753
-4.92263038548753
-4.92263038548753
-4.92263038548753
-4.92263038548753
-4.92263038548753
-4.92263038548753
-4.92263038548753
-4.92263038548753
-4.92263038548753
-4.92263038548753
-4.92263038548753
-4.92263038548753
-4.92263038548753
-4.92263038548753
-4.92263038548753
-4.92263038548753
-4.922630385487526
-4.922630385487526
-4.922630385487526
-4.922630385487526
-5.549569160997734
-5.549569160997738
-5.549569160997738
-5.549569160997738
-5.549569160997738
-5.549569160997734
-5.549569160997734
-5.549569160997734
-5.549569160997734
-5.549569160997734
-5.549569160997734
-5.549569160997734
-5.549569160997734
-4.992290249433108
-4.992290249433111
-4.992290249433111
-4.992290249433111
-4.992290249433111
-4.992290249433111
-4.992290249433111
-4.992290249433111
-4.992290249433111
-4.992290249433104
-4.992290249433104
-4.992290249433104
-4.992290249433104
-4.10993197278912
-7.662585034013603
-7.662585034013603
