OnSet desviation
0
-1.7879365079365077
-1.7414965986394555
-1.5789569160997732
-1.6718367346938772
-1.4628571428571426
-1.439637188208616
-1.4164172335600913
-1.3003174603174603
-1.253877551020408
-1.021678004535147
-0.9287981859410444
-0.9984580498866205
-0.9984580498866205
-0.9287981859410426
-0.7894784580498868
-0.7894784580498868
-0.7662585034013603
-0.7662585034013603
-0.7894784580498868
-0.9984580498866205
-1.2306575963718807
-1.2074376417233559
-1.2538775510204072
-1.2770975056689338
-1.2770975056689338
-1.2770975056689355
-1.2770975056689355
-1.2770975056689338
-1.2770975056689338
-1.2770975056689338
-1.2770975056689338
-1.5789569160997718
-1.5789569160997718
-2.2987755102040826
-2.2987755102040826
-2.2987755102040826
-2.298775510204079
-2.298775510204079
-2.2987755102040826
-2.4380952380952383
-2.4380952380952383
-2.4380952380952365
-2.43809523809524
-2.43809523809524
-2.554195011337871
-2.6702947845804985
-2.716734693877555
-2.809614512471658
-2.809614512471658
-2.8096145124716543
-2.809614512471658
-2.809614512471658
-2.809614512471658
-3.5990929705215464
-3.5990929705215464
-4.295691609977325
-4.295691609977325
-4.31891156462585
-4.435011337868485
-4.435011337868485
-4.551111111111112
-4.551111111111112
-4.551111111111112
-4.5511111111111155
-4.597551020408165
-4.597551020408165
-4.806530612244899
-4.806530612244902
-4.852970521541952
-5.0619501133786855
-5.0619501133786855
-5.0619501133786855
-5.061950113378689
-5.061950113378689
-5.0619501133786855
-5.433469387755103
-5.433469387755103
-5.804988662131521
-5.804988662131521
-5.921088435374152
-5.921088435374152
-5.921088435374152
-5.921088435374152
-5.921088435374152
-5.921088435374152
-5.921088435374152
-5.921088435374148
-5.921088435374148
-5.921088435374152
-5.64244897959184
-5.1780498866213165
-5.1780498866213165
-5.1780498866213165
-5.1780498866213165
-4.667210884353743
-4.667210884353743
-4.667210884353743
-4.667210884353743
-4.667210884353743
-4.667210884353743
-4.667210884353743
-4.667210884353743
-4.667210884353743
-4.667210884353743
-4.667210884353743
-4.667210884353743
-4.667210884353743
-5.1780498866213165
-5.1780498866213165
-5.1780498866213165
-5.1780498866213165
-5.178049886621313
-5.178049886621313
-5.178049886621313
-5.178049886621313
-6.339047619047619
-6.339047619047623
-6.339047619047623
-6.339047619047623
-6.339047619047623
-6.339047619047619
-6.339047619047619
-6.339047619047619
-6.339047619047619
-6.339047619047619
-6.339047619047619
-6.339047619047619
-6.339047619047619
-6.362267573696148
-6.362267573696144
-6.362267573696144
-6.362267573696144
-6.362267573696144
-6.362267573696151
-6.362267573696151
-6.362267573696151
-6.362267573696151
-7.151746031746029
-7.151746031746029
-7.151746031746029
-7.151746031746029
-5.4102494331065785
-4.8297505668934235
-4.8297505668934235
