OnSet desviation
0
0.42467086848072577
0.4081625986394559
0.8328334671201816
0.7931052426303857
1.1481162471655324
1.2709277052154189
1.347299253968254
1.6558703492063485
1.8019017619047615
2.1104728571428577
2.3493840884353734
2.356095773242629
2.548567095238095
2.880358145124717
3.25858910430839
3.404620517006803
3.675005837868481
3.689971657596372
3.6120576587301585
3.487703750566892
3.5026695702947865
3.5408553446712006
3.695140892290249
3.710106712018142
3.7107528038548754
3.711398895691609
3.711398895691609
3.7120449875283423
3.7126910793650794
3.7126910793650794
3.713337171201813
3.9229628548752835
3.9229628548752835
4.109368583900228
4.086794721088436
4.08744081292517
4.088086904761903
4.088086904761903
4.08873299659864
4.089379088435374
4.089379088435374
4.090025180272107
4.090671272108846
4.090671272108846
4.091317363945578
4.0919634557823095
4.092609547619045
4.000375820861677
4.000375820861677
4.001021912698413
4.001668004535148
4.001668004535148
4.002314096371883
4.002960188208615
4.002960188208615
4.00360628004535
4.004252371882085
4.0048984637188205
4.005544555555556
4.005544555555556
4.0061906473922875
4.006836739229026
4.006836739229026
4.0074828310657615
4.008128922902493
4.008128922902493
4.0087750147392285
4.009421106575964
4.010067198412699
4.010713290249431
4.010713290249431
4.011359382086166
4.012005473922905
4.012005473922905
4.012651565759636
4.013297657596372
4.013297657596372
4.013943749433103
4.014589841269842
4.015235933106574
4.015882024943309
4.015882024943309
4.016528116780048
3.993954253968255
3.993954253968255
3.99460034580499
3.995246437641722
3.995246437641722
3.995892529478457
3.9965386213151923
4.9962888548752815
4.9962888548752815
4.9962888548752815
4.9962888548752815
4.997581038548752
4.997581038548752
4.997581038548752
4.997581038548752
4.9988732222222225
4.9988732222222225
4.9988732222222225
4.9988732222222225
5.000165405895693
5.00145758956916
5.00145758956916
5.00145758956916
5.00145758956916
5.0027497732426305
5.0027497732426305
5.0027497732426305
5.0027497732426305
5.004041956916097
5.004041956916097
5.004041956916097
5.004041956916097
5.841252507936506
5.84254469160998
5.84254469160998
5.84254469160998
5.84254469160998
5.843836875283447
5.843836875283447
5.843836875283447
5.843836875283447
5.845129058956914
5.845129058956914
5.845129058956914
5.845129058956914
6.078620789115643
6.079912972789117
6.079912972789117
6.079912972789117
6.079912972789117
6.0812051564625875
6.0812051564625875
6.0812051564625875
6.0812051564625875
6.0824973401360545
6.0824973401360545
6.0824973401360545
6.0824973401360545
6.919707891156463
11.055444185941042
11.055444185941042
