OnSet desviation
0
0.35501100453514745
0.2688428707482995
0.4380942380952382
0.3751460589569162
0.49795751700680224
0.5046692018140586
0.5578207959183672
0.6341923446712014
0.6641239841269835
0.7404955328798186
0.7704271723356015
0.777138857142857
0.8070704965986408
0.8137821814058963
0.9830335487528359
0.9200853696145135
0.8886112800453514
0.8571371904761911
0.7327832823129246
0.42266973696145094
0.08933623696145254
-0.01179771655328743
-0.20581148866213006
-0.19084566893423904
-0.19019957709750557
-0.18955348526077032
-0.18955348526077032
-0.18890739342403506
-0.37402093877551046
-0.37402093877551046
-0.5591344841269841
-0.7210280748299329
-0.7210280748299329
-0.7668218922902472
-0.7893957551020403
-0.788749663265305
-0.7881035714285698
-0.7881035714285698
-0.8571173435374142
-0.9261311156462586
-0.9261311156462586
-1.0183648424036278
-1.0177187505668925
-1.0177187505668925
-1.0170726587301573
-1.0164265668934256
-1.0622203843537434
-1.2705538843537418
-1.2705538843537418
-1.4556674297052155
-1.524681201814058
-1.524681201814058
-1.6865747925170034
-1.8716883378684805
-1.8716883378684805
-1.8710422460317488
-1.87039615419501
-1.8697500623582748
-1.869103970521543
-1.869103970521543
-1.8684578786848078
-1.867811786848069
-1.867811786848069
-1.8671656950113373
-1.8665196031746056
-1.8665196031746056
-1.8658735113378668
-1.8652274195011316
-2.0039010555555556
-2.1193547369614514
-2.1193547369614514
-2.118708645124716
-2.118062553287981
-2.118062553287981
-2.1174164614512456
-2.1167703696145104
-2.1167703696145104
-2.1161242777777787
-2.1154781859410434
-2.300591731292517
-2.4624853219954623
-2.4624853219954623
-2.647598867346936
-2.716612639455782
-2.716612639455782
-2.7624064569160964
-2.9010800929705205
-2.9010800929705205
-2.9004340011337852
-2.8997879092970535
-2.898495725623583
-2.898495725623583
-2.898495725623583
-2.898495725623583
-2.8972035419501125
-2.8972035419501125
-2.8972035419501125
-2.8972035419501125
-2.895911358276642
-2.895911358276642
-2.895911358276642
-2.895911358276642
-2.9874989931972777
-2.9862068095238072
-2.9862068095238072
-2.9862068095238072
-2.9862068095238072
-3.008134580498865
-3.008134580498865
-3.008134580498865
-3.008134580498865
-3.2854818526077096
-3.2854818526077096
-3.2854818526077096
-3.2854818526077096
-3.284189668934239
-3.282897485260772
-3.282897485260772
-3.282897485260772
-3.282897485260772
-3.2816053015873017
-3.2816053015873017
-3.2816053015873017
-3.2816053015873017
-3.5589525736961463
-3.5589525736961463
-3.5589525736961463
-3.5589525736961463
-3.5576603900226758
-3.556368206349209
-3.556368206349209
-3.556368206349209
-3.556368206349209
-3.5550760226757347
-3.5550760226757347
-3.5550760226757347
-3.5550760226757347
-3.5537838390022642
-3.5537838390022642
-3.5537838390022642
-3.5537838390022642
-3.5524916553287973
-3.54990728798186
-3.54990728798186
