OnSet desviation
0
-0.6501587301587299
-0.4643990929705213
-0.4179591836734695
-0.37151927437641685
-0.16253968253968232
-0.1160997732426301
0.0
0.09287981859410444
0.32507936507936463
0.41795918367346907
0.6501587301587293
0.650158730158731
0.905578231292516
1.0448979591836736
1.3699773242630382
1.4860770975056692
1.4396371882086179
1.3699773242630382
1.2538775510204072
0.9287981859410426
0.6501587301587293
0.5804988662131514
0.37151927437641774
0.3947392290249443
0.3947392290249425
0.4411791383219956
0.4411791383219956
0.5572789115646248
0.48761904761904695
0.48761904761904695
0.37151927437641774
0.23219954648526198
0.23219954648526198
0.20897959183673542
0.20897959183673542
0.20897959183673365
0.18575963718820532
0.18575963718820532
0.13931972789115576
0.06965986394557433
0.06965986394557433
0.023219954648524777
0.0
0.0
-0.046439909297053106
-0.046439909297053106
-0.11609977324263099
-0.11609977324263099
-0.11609977324263099
-0.32507936507936463
-0.4411791383219992
-0.4411791383219992
-0.3947392290249425
-0.39473922902494607
-0.39473922902494607
-0.32507936507936463
-0.32507936507936463
-0.34829931972789296
-0.3018594104308434
-0.3018594104308434
-0.25541950113378675
-0.25541950113378675
-0.25541950113378675
-0.2554195011337903
-0.2554195011337903
-0.2554195011337903
-0.25541950113378675
-0.2554195011337903
-0.23219954648526198
-0.1625396825396841
-0.1625396825396841
-0.1625396825396841
-0.1625396825396841
-0.1625396825396841
-0.1625396825396841
-0.1625396825396841
-0.1625396825396841
-0.1625396825396841
-0.13931972789115576
-0.13931972789115932
-0.13931972789115576
-0.13931972789115576
-0.13931972789115932
-0.02321995464852833
-0.02321995464852833
0.09287981859410266
0.27863945578231153
0.27863945578231153
0.32507936507936463
0.18575963718820532
0.11609977324262744
0.11609977324262744
0.11609977324262744
0.11609977324262744
0.023219954648524777
0.023219954648524777
0.023219954648524777
0.023219954648524777
0.023219954648524777
0.023219954648524777
0.023219954648524777
0.023219954648524777
0.023219954648524777
0.0
0.0
0.0
0.0
-3.552713678800501e-15
-3.552713678800501e-15
-3.552713678800501e-15
-3.552713678800501e-15
-0.30185941043083986
-0.30185941043083986
-0.30185941043083986
-0.30185941043083986
-0.30185941043083986
-0.18575963718821242
-0.18575963718821242
-0.18575963718821242
-0.18575963718821242
0.023219954648524777
0.023219954648524777
0.023219954648524777
0.023219954648524777
0.13931972789115576
0.13931972789115576
0.13931972789115576
0.13931972789115576
0.13931972789115576
0.20897959183673365
0.20897959183673365
0.20897959183673365
0.20897959183673365
0.2089795918367301
0.2089795918367301
0.2089795918367301
0.2089795918367301
0.20897959183673365
0.20897959183673365
0.20897959183673365
0.20897959183673365
0.3947392290249425
0.3947392290249425
0.3947392290249425
