OnSet desviation
0
0.2389112312925169
0.10630318820861673
0.27555455555555586
0.16616646712018168
0.26575797052154204
0.2724696553287984
0.2791813401360548
0.3091129795918368
0.2926047097505666
0.415416167800454
0.37568794331065813
0.3823996281179127
0.34267140362811865
0.27972322448979625
0.37931472789115617
0.38602641269841165
0.40099223242630266
0.4159580521541937
0.38448396258503337
0.37622982766439783
0.32153578344671274
0.3132816485260772
0.2818075589569151
0.22711351473922825
0.2277596065759635
0.18196578911564565
0.18196578911564565
0.06651210770974991
0.06715819954648339
0.06715819954648339
-0.0018555725623592423
-0.0012094807256257667
-0.0012094807256257667
-0.0005633888888887384
-0.02313725170068004
-0.022491159863946564
-0.06828497732426264
-0.06828497732426264
-0.11407879478458227
-0.11343270294784524
-0.11343270294784524
-0.18244647505668965
-0.1818003832199544
-0.1818003832199544
-0.1811542913832227
-0.18050819954648745
-0.1798621077097522
-0.3881956077097506
-0.3881956077097506
-0.3875495158730189
-0.3869034240362801
-0.3869034240362801
-0.5487970147392289
-0.5945908321995468
-0.5945908321995468
-0.663604604308393
-0.6629585124716577
-0.6623124206349189
-0.7545461473922899
-0.7545461473922899
-0.8003399648526113
-0.7996938730158725
-0.7996938730158725
-0.7990477811791372
-0.7984016893424055
-0.7984016893424055
-0.7977555975056703
-0.7971095056689315
-0.9125631870748308
-1.0744567777777796
-1.0744567777777796
-1.0738106859410443
-1.073164594104309
-1.073164594104309
-1.0725185022675738
-1.0718724104308386
-1.0718724104308386
-1.0712263185941069
-1.0938001814058964
-1.27891372675737
-1.4408073174603189
-1.4408073174603189
-1.6027009081632642
-1.7413745442176882
-1.7413745442176882
-1.8568282256235804
-2.0419417709750576
-2.0419417709750576
-2.0877355884353754
-2.08708949659864
-2.132237222222223
-2.132237222222223
-2.132237222222223
-2.132237222222223
-2.130945038548756
-2.130945038548756
-2.130945038548756
-2.130945038548756
-2.1296528548752818
-2.1296528548752818
-2.1296528548752818
-2.1296528548752818
-2.128360671201815
-2.1270684875283443
-2.1270684875283443
-2.1270684875283443
-2.1270684875283443
-2.125776303854874
-2.125776303854874
-2.125776303854874
-2.125776303854874
-2.124484120181407
-2.124484120181407
-2.124484120181407
-2.124484120181407
-2.1231919365079364
-2.28443943537415
-2.28443943537415
-2.28443943537415
-2.28443943537415
-2.4921268435374166
-2.4921268435374166
-2.4921268435374166
-2.4921268435374166
-2.606934433106577
-2.606934433106577
-2.606934433106577
-2.606934433106577
-2.60564224943311
-2.6740099297052176
-2.6740099297052176
-2.6740099297052176
-2.6740099297052176
-2.6727177460317435
-2.6727177460317435
-2.6727177460317435
-2.6727177460317435
-2.6714255623582766
-2.6714255623582766
-2.6714255623582766
-2.6714255623582766
-2.6933533333333344
-2.690768965986397
-2.690768965986397
