OnSet desviation
0
-0.6965986394557822
-0.6501587301587299
-0.6501587301587302
-0.6037188208616779
-0.5804988662131523
-0.5804988662131523
-0.5340589569161001
-0.48761904761904784
-0.4411791383219956
-0.48761904761904784
-0.41795918367346907
-0.41795918367346907
-0.3482993197278912
-0.2786394557823133
-0.20897959183673365
-0.27863945578231153
-0.32507936507936463
-0.37151927437641596
-0.4643990929705222
-0.7662585034013603
-1.0448979591836736
-1.137777777777778
-1.3003174603174585
-1.2306575963718807
-1.2306575963718824
-1.1842176870748293
-1.1842176870748293
-1.0681179138321983
-1.2538775510204072
-1.2538775510204072
-1.3699773242630382
-1.5325170068027205
-1.5325170068027205
-1.5789569160997718
-1.5789569160997736
-1.5789569160997718
-1.5325170068027205
-1.5325170068027205
-1.5557369614512453
-1.6253968253968267
-1.6253968253968267
-1.6486167800453515
-1.6486167800453515
-1.6486167800453515
-1.648616780045348
-1.6486167800453515
-1.6950566893424046
-1.6950566893424046
-1.6950566893424046
-1.88081632653061
-1.9504761904761914
-1.9504761904761914
-1.9504761904761878
-2.089795918367347
-2.089795918367347
-2.0201360544217692
-2.0201360544217657
-2.0201360544217692
-1.9272562358276666
-1.9272562358276666
-1.88081632653061
-1.88081632653061
-1.88081632653061
-1.8808163265306135
-1.8808163265306135
-1.8808163265306135
-1.88081632653061
-1.8808163265306135
-1.9040362811791383
-1.8575963718820852
-1.8575963718820852
-1.8575963718820852
-1.8575963718820852
-1.8575963718820852
-1.8575963718820852
-1.8575963718820852
-1.8575963718820852
-1.8575963718820852
-1.8343764172335604
-1.8343764172335604
-1.8343764172335568
-1.8343764172335568
-1.8575963718820852
-1.7879365079365073
-1.7879365079365073
-1.7182766439909294
-1.6718367346938763
-1.6718367346938763
-1.6253968253968232
-1.6253968253968267
-1.5789569160997736
-1.5789569160997736
-1.5789569160997736
-1.5789569160997736
-1.57895691609977
-1.57895691609977
-1.57895691609977
-1.57895691609977
-1.5789569160997736
-1.5789569160997736
-1.5789569160997736
-1.5789569160997736
-1.6718367346938763
-1.6718367346938763
-1.6718367346938763
-1.6718367346938763
-1.6718367346938763
-1.6950566893424046
-1.6950566893424046
-1.6950566893424046
-1.6950566893424046
-1.9736961451247161
-1.9736961451247161
-1.9736961451247161
-1.9736961451247161
-1.9736961451247161
-1.8111564625850356
-1.8111564625850356
-1.8111564625850356
-1.8111564625850356
-1.6021768707482984
-1.6021768707482984
-1.6021768707482984
-1.6021768707482984
-1.7647165532879825
-1.7647165532879825
-1.7647165532879825
-1.7647165532879825
-1.764716553287979
-1.6950566893424046
-1.6950566893424046
-1.6950566893424046
-1.6950566893424046
-1.6950566893424046
-1.6950566893424046
-1.6950566893424046
-1.6950566893424046
-1.695056689342401
-1.695056689342401
-1.695056689342401
-1.695056689342401
-1.6718367346938763
-1.6718367346938763
-1.6718367346938763
