OnSet desviation
0
-0.7894784580498866
-0.6501587301587302
-0.6037188208616779
-0.6037188208616775
-0.41795918367346907
-0.37151927437641685
-0.30185941043083897
-0.25541950113378675
-0.06965986394557877
0.06965986394557788
0.2321995464852602
0.23219954648526198
0.41795918367346907
0.48761904761904873
0.7430385487528337
0.9287981859410426
0.9287981859410444
0.905578231292516
0.8823582766439912
0.8591383219954647
0.8591383219954647
0.8823582766439912
0.8359183673469381
0.7894784580498868
0.7894784580498868
0.7894784580498868
0.7894784580498868
0.789478458049885
0.905578231292516
0.905578231292516
0.9055782312925178
0.9287981859410444
0.9287981859410444
0.9520181405895691
0.9520181405895709
0.9520181405895674
0.8823582766439877
0.8823582766439877
0.8591383219954629
0.8591383219954629
0.8591383219954629
0.8359183673469381
0.8126984126984134
0.8126984126984134
0.7662585034013567
0.7662585034013603
0.7430385487528355
0.7430385487528355
0.7430385487528355
0.7198185941043072
0.673378684807254
0.673378684807254
0.7198185941043072
0.8591383219954629
0.8591383219954629
0.8591383219954665
0.8591383219954629
0.8359183673469381
0.789478458049885
0.789478458049885
0.789478458049885
0.789478458049885
0.789478458049885
0.789478458049885
0.789478458049885
0.789478458049885
0.789478458049885
0.789478458049885
0.8359183673469381
0.8591383219954629
0.8591383219954629
0.8591383219954629
0.8591383219954629
0.8591383219954629
0.8591383219954629
0.8591383219954629
0.8591383219954629
0.8591383219954629
0.8591383219954665
0.8591383219954629
0.8591383219954629
0.8591383219954629
0.8823582766439877
0.9287981859410408
0.9287981859410408
0.9752380952380939
1.1145578231292497
1.1145578231292497
1.1145578231292497
0.9752380952380939
0.8591383219954629
0.8591383219954629
0.8591383219954629
0.8591383219954629
0.7662585034013567
0.7662585034013567
0.7662585034013567
0.7662585034013567
0.7662585034013603
0.7662585034013603
0.7662585034013603
0.7662585034013603
0.8591383219954629
0.8359183673469381
0.8359183673469381
0.8359183673469381
0.8359183673469381
0.8591383219954629
0.8591383219954629
0.8591383219954629
0.8591383219954629
0.8359183673469381
0.8359183673469381
0.8359183673469381
0.8359183673469381
0.8359183673469381
0.789478458049885
0.789478458049885
0.789478458049885
0.789478458049885
0.789478458049885
0.789478458049885
0.789478458049885
0.789478458049885
1.0681179138322001
1.0681179138322001
1.0681179138322001
1.0681179138322001
1.0681179138321966
1.0681179138322001
1.0681179138322001
1.0681179138322001
1.0681179138322001
1.0681179138321966
1.0681179138321966
1.0681179138321966
1.0681179138321966
1.0681179138321966
1.0681179138321966
1.0681179138321966
1.0681179138321966
1.2306575963718807
1.2306575963718807
1.2306575963718807
