OnSet desviation
0
0.35501100453514745
0.15274309750566917
0.4845341473922904
0.46802587755102065
0.5908373356009076
0.5743290657596374
0.6507006145124725
0.657412299319728
0.7105638934240357
0.7404955328798195
0.8168670816326529
0.8235787664399083
0.8302904512471674
1.138861546485261
1.1455732312925182
1.1522849160997737
1.1440307811791381
1.1589966009070292
1.1275225113378688
0.7941890113378687
0.4608555113378703
0.33650160317460376
0.14248783106575935
0.041353877551021156
0.04199996938775463
-0.05023375736961455
-0.05023375736961455
-0.14246748412698373
-0.16504134693877504
-0.16504134693877504
-0.16439525510204156
-0.1637491632653063
-0.1637491632653063
-0.3024227993197268
-0.41787648072562256
-0.5333301621315183
-0.6255638888888893
-0.6255638888888893
-0.6945776609977319
-0.6939315691609984
-0.6939315691609984
-0.6932854773242614
-0.6926393854875261
-0.6926393854875261
-0.8080930668934254
-0.8538868843537433
-0.9925605204081638
-1.2008940204081622
-1.2008940204081622
-1.4092275204081641
-1.4550213378684802
-1.4550213378684802
-1.454375246031745
-1.4537291541950133
-1.4537291541950133
-1.4530830623582816
-1.4988768798185959
-1.5446706972789102
-1.6833443333333342
-1.6833443333333342
-1.7987980147392335
-1.8910317414965974
-1.8910317414965974
-1.8903856496598657
-1.889739557823134
-1.889739557823134
-1.8890934659863952
-1.88844737414966
-1.8878012823129282
-1.887155190476193
-1.887155190476193
-1.8865090986394577
-1.8858630068027225
-1.8858630068027225
-1.9316568242630403
-2.1399903242630387
-2.1399903242630387
-2.255444005668938
-2.37089768707483
-2.5560112324263073
-2.7179048231292526
-2.7179048231292526
-2.7636986405895705
-2.8094924580498883
-2.8094924580498883
-2.9713860487528336
-2.970739956916102
-2.970739956916102
-2.9700938650793667
-2.9694477732426314
-2.9681555895691645
-2.9681555895691645
-2.9681555895691645
-2.9681555895691645
-2.966863405895694
-2.966863405895694
-2.966863405895694
-2.966863405895694
-2.9655712222222235
-2.9655712222222235
-2.9655712222222235
-2.9655712222222235
-2.964279038548753
-2.9629868548752825
-2.9629868548752825
-2.9629868548752825
-2.9629868548752825
-2.9616946712018155
-2.9616946712018155
-2.9616946712018155
-2.9616946712018155
-3.262261897959185
-3.262261897959185
-3.262261897959185
-3.262261897959185
-3.2609697142857144
-3.35255734920635
-3.35255734920635
-3.35255734920635
-3.35255734920635
-3.467364938775514
-3.467364938775514
-3.467364938775514
-3.467364938775514
-3.4660727551020436
-3.4660727551020436
-3.4660727551020436
-3.4660727551020436
-3.464780571428573
-3.463488387755106
-3.463488387755106
-3.463488387755106
-3.463488387755106
-3.462196204081632
-3.462196204081632
-3.462196204081632
-3.462196204081632
-3.460904020408165
-3.460904020408165
-3.460904020408165
-3.460904020408165
-3.4828317913832194
-3.480247424036282
-3.480247424036282
