OnSet desviation
0
-0.4876190476190474
-0.4643990929705213
-0.6965986394557824
-0.719818594104308
-0.6037188208616779
-0.6733786848072567
-0.48761904761904784
-0.37151927437641685
-0.37151927437641685
-0.3482993197278912
-0.06965986394557788
-0.04643990929705133
-0.046439909297053106
0.11609977324263099
0.11609977324262921
0.5340589569161001
0.5340589569161001
0.5340589569161001
0.5572789115646248
0.8126984126984116
0.8359183673469381
0.9055782312925178
0.8823582766439912
0.9287981859410444
0.9287981859410444
0.9287981859410444
0.9287981859410444
0.8823582766439912
0.8359183673469381
0.8359183673469381
0.8359183673469381
0.8359183673469381
0.8359183673469381
0.8823582766439877
0.9055782312925142
0.905578231292516
0.8823582766439895
0.8823582766439895
0.9287981859410408
0.905578231292516
0.905578231292516
0.8126984126984098
0.789478458049885
0.789478458049885
0.789478458049885
0.789478458049885
0.8359183673469381
0.8359183673469381
0.8359183673469381
0.905578231292516
0.9520181405895656
0.9520181405895656
0.9520181405895656
0.9520181405895691
0.9520181405895691
0.9520181405895691
0.905578231292516
0.8591383219954629
0.8823582766439877
0.8823582766439877
0.8823582766439912
0.905578231292516
0.905578231292516
0.905578231292516
0.905578231292516
0.905578231292516
0.905578231292516
0.905578231292516
0.905578231292516
0.9055782312925125
0.9055782312925125
0.905578231292516
0.905578231292516
0.905578231292516
0.9520181405895656
1.0448979591836718
1.0448979591836718
0.9984580498866222
0.9752380952380939
1.021678004535147
1.1842176870748276
1.1842176870748276
1.2306575963718807
1.091337868480725
1.091337868480725
1.1377777777777744
1.1377777777777744
1.1377777777777744
1.137777777777778
1.1377777777777744
1.137777777777778
1.137777777777778
1.137777777777778
1.137777777777778
1.1377777777777744
1.1377777777777744
1.1377777777777744
1.1377777777777744
1.137777777777778
1.137777777777778
1.137777777777778
1.137777777777778
0.9752380952380939
0.9752380952380904
0.9752380952380904
0.9752380952380904
0.9752380952380904
0.9752380952380939
0.9752380952380939
0.9752380952380939
0.9752380952380939
1.1145578231292497
1.1145578231292497
1.1145578231292497
1.1145578231292497
0.8823582766439877
0.789478458049885
0.789478458049885
0.789478458049885
0.789478458049885
0.7662585034013603
0.7662585034013603
0.7662585034013603
0.7662585034013603
0.7662585034013603
0.7662585034013603
0.7662585034013603
0.7662585034013603
0.7662585034013567
0.7662585034013603
0.7662585034013603
0.7662585034013603
0.7662585034013603
0.7662585034013567
0.7662585034013567
0.7662585034013567
0.7662585034013567
0.7662585034013603
0.7662585034013603
0.7662585034013603
0.7662585034013603
1.0913378684807213
1.091337868480725
1.091337868480725
