OnSet desviation
0
0.7265302789115647
0.5474823265306126
0.6470738299319727
0.6073456054421773
0.8462568367346943
0.7600887029478454
1.0222198888888894
1.1450313469387758
1.1981829410430835
1.251334535147393
1.6063455396825397
1.6362771791383217
1.642988863945579
2.1140996417233566
2.120811326530612
2.5454821950113384
2.537228060090703
2.552193879818594
2.5439397448979584
2.466025746031745
2.155912200680273
2.1012181564625863
1.8839844297052153
1.8292903854875302
1.8299364773242637
1.7377027505668945
1.7377027505668945
1.5990291145124722
1.5300153424036278
1.5300153424036278
1.5306614342403613
1.5313075260770965
1.5313075260770965
1.4390737993197256
1.3468400725623564
1.2313863911564624
1.115932709750565
1.115932709750565
1.0933588469387736
1.0707849841269823
1.0707849841269823
0.9785512573696131
0.9559773945578236
0.9559773945578236
0.8405237131519243
0.7947298956916065
0.702496168934239
0.49416266893424066
0.49416266893424066
0.3554890328798166
0.35613512471655184
0.35613512471655184
0.3567812165532871
0.35742730839002235
0.35742730839002235
0.35807340022675405
0.26583967346938664
0.17360594671201923
0.058152265306119943
0.058152265306119943
-0.05730141609977579
-0.12631518820861487
-0.12631518820861487
-0.12566909637188317
-0.12502300453515147
-0.12502300453515147
-0.12437691269841267
-0.12373082086167742
-0.12308472902494572
-0.12243863718821402
-0.12243863718821402
-0.12179254535147521
-0.12114645351473996
-0.12114645351473996
-0.12050036167800826
-0.23595404308390044
-0.23595404308390044
-0.3978476337868493
-0.5365212698412698
-0.6751949058956939
-0.6745488140589586
-0.6745488140589586
-0.6739027222222234
-0.859016267573697
-0.859016267573697
-0.9744699489795927
-0.973823857142861
-0.973823857142861
-0.9731777653061222
-0.9725316734693905
-0.97123948979592
-0.97123948979592
-0.97123948979592
-0.97123948979592
-0.9699473061224531
-0.9699473061224531
-0.9699473061224531
-0.9699473061224531
-0.968655122448979
-0.968655122448979
-0.968655122448979
-0.968655122448979
-1.1299026213151926
-1.1286104376417256
-1.1286104376417256
-1.1286104376417256
-1.1286104376417256
-1.1273182539682551
-1.1273182539682551
-1.1273182539682551
-1.1273182539682551
-1.2885657528344687
-1.2885657528344687
-1.2885657528344687
-1.2885657528344687
-1.5194731156462602
-1.7039405691609986
-1.7039405691609986
-1.7039405691609986
-1.7039405691609986
-1.8419681133786874
-1.8419681133786874
-1.8419681133786874
-1.8419681133786874
-1.8406759297052169
-1.8406759297052169
-1.8406759297052169
-1.8406759297052169
-1.83938374603175
-1.8380915623582794
-1.8380915623582794
-1.8380915623582794
-1.8380915623582794
-1.836799378684809
-1.836799378684809
-1.836799378684809
-1.836799378684809
-1.8355071950113384
-1.8355071950113384
-1.8355071950113384
-1.8355071950113384
-1.5323556009070316
-1.5297712335600906
-1.5297712335600906
