OnSet desviation
0
-0.7894784580498864
-0.7894784580498864
-1.3235374149659864
-1.4164172335600904
-1.5092970521541949
-1.6486167800453515
-1.7647165532879816
-1.8808163265306126
-1.9272562358276648
-2.0201360544217675
-1.9040362811791383
-2.043356009070294
-2.043356009070296
-2.229115646258503
-2.229115646258503
-2.1362358276643985
-2.1362358276643985
-2.18267573696145
-2.18267573696145
-2.345215419501134
-2.6702947845805003
-2.94893424036281
-3.3436734693877543
-3.413333333333332
-3.413333333333332
-3.366893424036279
-3.366893424036279
-3.436553287981857
-3.5062131519274384
-3.5062131519274384
-3.5062131519274384
-3.5062131519274367
-3.5062131519274367
-3.5990929705215464
-3.6687528344671243
-3.7616326530612234
-3.7848526077097517
-3.7848526077097517
-3.80807256235828
-3.831292517006805
-3.831292517006805
-3.831292517006805
-3.8545124716553296
-3.8545124716553296
-3.924172335600911
-3.9241723356009075
-3.9009523809523827
-4.0402721088435385
-4.0402721088435385
-4.179591836734694
-4.179591836734694
-4.179591836734694
-4.179591836734698
-4.179591836734694
-4.179591836734694
-4.179591836734694
-4.2724716553288005
-4.31891156462585
-4.365351473922903
-4.365351473922903
-4.388571428571428
-4.435011337868481
-4.435011337868481
-4.435011337868481
-4.435011337868485
-4.435011337868485
-4.435011337868481
-4.435011337868481
-4.365351473922903
-4.365351473922907
-4.365351473922907
-4.365351473922903
-4.365351473922903
-4.365351473922903
-4.365351473922907
-4.481451247165534
-4.481451247165534
-4.643990929705215
-4.783310657596374
-4.92263038548753
-4.92263038548753
-4.92263038548753
-4.92263038548753
-5.08517006802721
-5.08517006802721
-5.201269841269845
-5.201269841269845
-5.201269841269845
-5.201269841269841
-5.201269841269845
-5.201269841269841
-5.201269841269841
-5.201269841269841
-5.201269841269841
-5.201269841269845
-5.201269841269845
-5.201269841269845
-5.201269841269845
-5.665668934240365
-5.665668934240365
-5.665668934240365
-5.665668934240365
-5.828208616780046
-6.524807256235832
-6.524807256235832
-6.524807256235832
-6.524807256235832
-7.128526077097508
-7.128526077097508
-7.128526077097508
-7.128526077097508
-7.291065759637188
-7.291065759637188
-7.291065759637188
-7.291065759637188
-7.848344671201815
-8.219863945578233
-8.219863945578233
-8.219863945578233
-8.219863945578233
-8.359183673469389
-8.359183673469389
-8.359183673469389
-8.359183673469389
-8.359183673469385
-8.359183673469385
-8.359183673469385
-8.359183673469385
-9.450521541950113
-9.775600907029478
-9.775600907029478
-9.775600907029478
-9.775600907029478
-9.775600907029478
-9.775600907029478
-9.775600907029478
-9.775600907029478
-10.47219954648526
-10.47219954648526
-10.47219954648526
-10.47219954648526
-10.379319727891158
-10.402539682539683
-10.402539682539683
