OnSet desviation
0
-1.1609977324263037
-1.1842176870748298
-1.4860770975056687
-1.555736961451247
-1.7647165532879816
-1.8343764172335595
-2.1362358276643985
-2.3684353741496604
-2.4148752834467127
-2.530975056689341
-2.693514739229025
-2.8560544217687074
-2.8560544217687074
-3.2043537414965986
-3.204353741496597
-3.529433106575963
-3.529433106575963
-3.5758730158730145
-3.5990929705215393
-4.01705215419501
-4.365351473922903
-4.7136507936507925
-5.08517006802721
-5.201269841269841
-5.201269841269841
-5.154829931972788
-5.154829931972788
-5.178049886621313
-5.201269841269841
-5.201269841269841
-5.201269841269841
-5.2012698412698395
-5.2012698412698395
-5.340589569160999
-5.433469387755103
-5.526349206349204
-5.526349206349206
-5.526349206349206
-5.596009070294786
-5.596009070294786
-5.596009070294786
-5.503129251700679
-5.503129251700679
-5.503129251700679
-5.572789115646261
-5.572789115646257
-5.596009070294786
-5.735328798185941
-5.735328798185941
-5.944308390022675
-5.990748299319726
-5.990748299319726
-5.99074829931973
-5.99074829931973
-5.99074829931973
-5.99074829931973
-6.037188208616783
-6.037188208616779
-6.106848072562357
-6.106848072562357
-6.130068027210886
-6.1997278911564635
-6.1997278911564635
-6.1997278911564635
-6.199727891156467
-6.199727891156467
-6.1997278911564635
-6.1997278911564635
-6.130068027210886
-6.130068027210886
-6.130068027210886
-6.130068027210886
-6.130068027210886
-6.130068027210886
-6.176507936507939
-6.385487528344672
-6.385487528344672
-6.501587301587303
-6.617687074829934
-6.803446712018143
-6.965986394557824
-6.965986394557824
-7.012426303854877
-7.035646258503402
-7.035646258503402
-7.198185941043086
-7.198185941043086
-7.198185941043086
-7.198185941043086
-7.198185941043086
-7.198185941043086
-7.198185941043086
-7.198185941043086
-7.198185941043086
-7.198185941043086
-7.198185941043086
-7.198185941043086
-7.198185941043086
-7.66258503401361
-7.66258503401361
-7.66258503401361
-7.66258503401361
-7.662585034013606
-8.359183673469389
-8.359183673469389
-8.359183673469389
-8.359183673469389
-8.962902494331068
-8.962902494331068
-8.962902494331068
-8.962902494331068
-9.264761904761905
-9.264761904761905
-9.264761904761905
-9.264761904761905
-9.58984126984127
-9.868480725623584
-9.868480725623584
-9.868480725623584
-9.868480725623584
-9.984580498866215
-9.984580498866215
-9.984580498866215
-9.984580498866215
-9.984580498866212
-9.984580498866212
-9.984580498866212
-9.984580498866212
-11.075918367346937
-11.400997732426305
-11.400997732426305
-11.400997732426305
-11.400997732426305
-11.400997732426301
-11.400997732426301
-11.400997732426301
-11.400997732426301
-12.097596371882087
-12.097596371882087
-12.097596371882087
-12.097596371882087
-12.329795918367346
-12.353015873015874
-12.353015873015874
