OnSet desviation
0
0.5407706417233561
0.4081625986394557
0.9489332403628117
0.9556449251700676
1.4035357482993192
1.4334673877551012
1.7188185283446709
1.7719701224489794
2.0573212630385482
2.319452448979593
2.5119237709750575
2.6115152743764174
2.757546687074832
2.880358145124717
3.1192693764172343
3.172420970521543
3.2802666088435384
3.4809920657596365
3.4727379308390027
3.4412638412698424
3.5491094795918396
3.540855344671204
3.5326012097505686
3.547567029478458
3.432113348072564
3.2237798480725637
3.2237798480725637
3.1315461213151945
3.132192213151928
3.132192213151928
3.1328383049886614
3.133484396825395
3.133484396825395
3.1341304886621337
3.1115566258503424
3.112202717687076
3.1128488095238094
3.1128488095238094
3.1134949013605464
3.11414099319728
3.11414099319728
3.1147870850340134
3.1154331768707486
3.1154331768707486
3.116079268707484
3.1167253605442156
3.047711588435373
2.9554778616780055
2.9554778616780055
2.9561239535147372
2.956770045351476
2.956770045351476
2.9574161371882113
2.958062229024943
2.958062229024943
2.9587083208616782
2.9593544126984135
2.9135605952380956
2.774886959183675
2.774886959183675
2.775533051020407
2.7761791428571456
2.7761791428571456
2.7768252346938773
2.7774713265306126
2.7774713265306126
2.778117418367348
2.778763510204083
2.5936499648526095
2.594296056689341
2.594296056689341
2.5949421485260764
2.595588240362815
2.595588240362815
2.596234332199547
2.596880424036282
2.596880424036282
2.597526515873014
2.5981726077097527
2.4594989716553286
2.274385426303855
2.274385426303855
2.089271880952385
1.9041583356009077
1.9041583356009077
1.7422647448979625
1.7429108367346942
1.7429108367346942
1.7435569285714294
1.7442030204081647
1.7454952040816316
1.7454952040816316
1.7454952040816316
1.7454952040816316
1.7467873877551021
1.7467873877551021
1.7467873877551021
1.7467873877551021
1.7480795714285726
1.7480795714285726
1.7480795714285726
1.7480795714285726
1.7493717551020431
1.75066393877551
1.75066393877551
1.75066393877551
1.75066393877551
1.7519561224489806
1.7519561224489806
1.7519561224489806
1.7519561224489806
1.63714853287982
1.63714853287982
1.63714853287982
1.63714853287982
1.4759010340136065
1.4771932176870735
1.4771932176870735
1.4771932176870735
1.4771932176870735
1.478485401360544
1.478485401360544
1.478485401360544
1.478485401360544
1.4101177210884366
1.4101177210884366
1.4101177210884366
1.4101177210884366
1.3649699954648504
1.366262179138321
1.366262179138321
1.366262179138321
1.366262179138321
1.367554362811795
1.367554362811795
1.367554362811795
1.367554362811795
1.368846546485262
1.368846546485262
1.368846546485262
1.368846546485262
1.3469187755102077
1.349503142857138
1.349503142857138
