OnSet desviation
0
-0.7430385487528348
-0.5572789115646262
-0.4411791383219952
-0.4643990929705213
-0.41795918367346907
-0.25541950113378675
-0.04643990929705133
0.04643990929705133
0.13931972789115754
0.046439909297053106
0.4411791383219956
0.3250793650793664
0.5340589569161001
0.5108390022675753
0.766258503401362
0.8823582766439895
1.0448979591836736
0.9055782312925178
0.8126984126984134
0.5108390022675735
0.11609977324263099
0.06965986394557788
-0.046439909297053106
-0.11609977324262744
-0.20897959183673365
-0.20897959183673365
-0.20897959183673365
-0.32507936507936463
-0.5108390022675735
-0.5108390022675735
-0.6965986394557824
-0.8823582766439877
-0.8823582766439877
-0.8823582766439912
-0.8823582766439912
-0.8823582766439912
-0.8823582766439877
-0.8823582766439877
-0.8823582766439912
-0.8823582766439912
-0.8823582766439912
-0.8823582766439912
-0.8823582766439877
-0.8823582766439877
-0.8823582766439912
-0.8823582766439912
-0.8591383219954629
-0.9752380952380939
-0.9752380952380939
-0.9984580498866187
-0.9984580498866222
-0.9984580498866222
-0.9984580498866222
-0.9984580498866187
-0.9984580498866187
-0.9984580498866222
-1.1145578231292532
-1.2074376417233523
-1.2074376417233559
-1.2074376417233559
-1.36997732426304
-1.4396371882086143
-1.4396371882086143
-1.4396371882086143
-1.4396371882086179
-1.4396371882086179
-1.4396371882086179
-1.4396371882086143
-1.3467573696145116
-1.5325170068027205
-1.5325170068027205
-1.5325170068027205
-1.5325170068027205
-1.5325170068027205
-1.5325170068027205
-1.5325170068027205
-1.5325170068027205
-1.5325170068027205
-1.5789569160997736
-1.6021768707482984
-1.6253968253968232
-1.6253968253968232
-1.486077097505671
-1.3235374149659869
-1.3235374149659869
-1.1609977324263028
-1.1609977324263028
-1.1609977324263028
-1.1609977324263028
-1.1609977324263063
-1.2538775510204054
-1.2538775510204054
-1.2538775510204054
-1.2538775510204054
-1.253877551020409
-1.253877551020409
-1.253877551020409
-1.253877551020409
-1.2538775510204054
-1.2538775510204054
-1.2538775510204054
-1.2538775510204054
-1.253877551020409
-1.2538775510204054
-1.2538775510204054
-1.2538775510204054
-1.2538775510204054
-1.253877551020409
-1.253877551020409
-1.253877551020409
-1.253877551020409
-1.137777777777778
-1.137777777777778
-1.137777777777778
-1.137777777777778
-0.9752380952380939
-0.9752380952380939
-0.9752380952380939
-0.9752380952380939
-0.9752380952380939
-0.9752380952380939
-0.9752380952380939
-0.9752380952380939
-0.9752380952380939
-0.9055782312925196
-0.9055782312925196
-0.9055782312925196
-0.9055782312925196
-0.8591383219954629
-0.8591383219954629
-0.8591383219954629
-0.8591383219954629
-0.8591383219954629
-0.8591383219954665
-0.8591383219954665
-0.8591383219954665
-0.8591383219954665
-0.8591383219954629
-0.8591383219954629
-0.8591383219954629
-0.8591383219954629
-0.8591383219954629
0.09287981859410621
0.09287981859410621
