OnSet desviation
0
-0.6965986394557822
-0.4643990929705213
-0.6037188208616779
-0.3250793650793655
-0.18575963718820887
-0.09287981859410444
-0.06965986394557877
0.16253968253968232
0.2786394557823133
0.673378684807254
0.5572789115646248
0.9287981859410408
0.9287981859410426
1.3467573696145116
1.4860770975056692
1.486077097505671
1.4628571428571426
1.4164172335600895
1.4628571428571426
1.4628571428571426
1.4396371882086143
1.4164172335600895
1.486077097505671
1.3931972789115612
1.3931972789115612
1.3931972789115612
1.3931972789115612
1.3931972789115612
1.4628571428571426
1.4628571428571426
1.6486167800453515
1.8343764172335568
1.8343764172335568
1.8343764172335604
1.8343764172335604
1.8343764172335604
1.8343764172335568
1.8343764172335568
1.8343764172335604
1.8343764172335604
1.8343764172335604
1.8343764172335604
1.8343764172335568
1.8343764172335568
1.8343764172335604
1.7647165532879825
1.6718367346938763
1.6718367346938763
1.6718367346938763
1.4860770975056674
1.4860770975056674
1.4860770975056674
1.486077097505671
1.4860770975056674
1.4860770975056674
1.4860770975056674
1.602176870748302
1.7414965986394542
1.7879365079365073
1.7879365079365073
1.9272562358276666
1.996916099773241
1.996916099773241
1.996916099773241
1.996916099773241
1.996916099773241
1.9969160997732445
1.927256235827663
1.811156462585032
1.9504761904761914
1.9504761904761914
1.9504761904761914
1.9504761904761878
1.9504761904761878
1.9504761904761878
1.9504761904761914
1.9504761904761914
1.9504761904761914
1.9736961451247161
1.927256235827663
1.9504761904761878
1.9504761904761878
1.8808163265306135
1.8808163265306135
1.8808163265306135
1.88081632653061
1.88081632653061
1.88081632653061
1.8808163265306135
1.8808163265306135
1.6253968253968232
1.6253968253968232
1.6253968253968232
1.6253968253968232
1.6253968253968267
1.6253968253968267
1.6253968253968267
1.6253968253968267
1.6253968253968232
1.6253968253968232
1.6253968253968232
1.6253968253968232
1.6253968253968267
1.6253968253968232
1.6253968253968232
1.6253968253968232
1.6253968253968232
1.6253968253968267
1.6253968253968267
1.6253968253968267
1.6253968253968267
1.6253968253968267
1.6253968253968267
1.6253968253968267
1.6253968253968267
1.6253968253968232
1.6253968253968267
1.6253968253968267
1.6253968253968267
1.6253968253968267
1.6253968253968232
1.6253968253968232
1.6253968253968232
1.6253968253968232
1.6253968253968232
1.6253968253968232
1.6253968253968232
1.6253968253968232
1.6253968253968303
1.6253968253968267
1.6253968253968267
1.6253968253968267
1.6253968253968267
1.6253968253968267
1.6253968253968267
1.6253968253968267
1.6253968253968267
1.6253968253968303
1.6253968253968303
1.6253968253968303
1.6253968253968303
1.6253968253968267
0.673378684807254
0.673378684807254
