OnSet desviation
0
0.7729701882086167
1.058321328798186
1.5758720158730162
1.8380032018140589
2.4716536621315193
2.757004802721088
3.274555489795919
3.652786448979591
4.147117181405895
4.711107777777777
5.182218555555554
5.537229560090701
5.892240564625851
6.40979125170068
7.043441712018142
7.21269307936508
7.459858445578231
7.47482426530612
7.420130221088435
7.086796721088435
6.776683175736961
6.698769176870748
6.644075132653063
6.496501269841268
6.288167769841268
6.0798342698412675
6.0798342698412675
5.871500769841267
5.756047088435373
5.756047088435373
5.756693180272107
5.75733927210884
5.75733927210884
5.757985363945579
5.735411501133788
5.736057592970521
5.736703684807255
5.736703684807255
5.737349776643992
5.737995868480725
5.737995868480725
5.738641960317459
5.739288052154194
5.739288052154194
5.739934143990929
5.670920371882083
5.532246735827663
5.323913235827664
5.323913235827664
5.115579735827662
5.1162258276643975
5.1162258276643975
5.116871919501136
5.117518011337868
5.117518011337868
5.1181641031746
5.1188101950113385
5.119456286848074
5.027222560090703
5.027222560090703
5.00464869727891
5.0052947891156485
5.0052947891156485
5.00594088095238
5.006586972789112
5.006586972789112
5.007233064625851
4.938219292517008
4.729885792517006
4.684091975056688
4.684091975056688
4.6847380668934235
4.685384158730159
4.685384158730159
4.6860302505668905
4.686676342403629
4.686676342403629
4.687322434240361
4.6647485714285715
4.4564150714285695
4.271301526077096
4.271301526077096
4.155847844671204
4.133273981859411
4.133273981859411
4.133920073696146
4.134566165532878
4.134566165532878
4.135212257369616
4.135858349206348
3.7888512131519256
3.7888512131519256
3.7888512131519256
3.7888512131519256
3.790143396825396
3.790143396825396
3.790143396825396
3.790143396825396
3.7914355804988666
3.7914355804988666
3.7914355804988666
3.7914355804988666
3.792727764172337
3.794019947845804
3.794019947845804
3.794019947845804
3.794019947845804
3.7953121315192746
3.7953121315192746
3.7953121315192746
3.7953121315192746
3.796604315192745
3.796604315192745
3.796604315192745
3.796604315192745
3.797896498866212
3.7991886825396826
3.7991886825396826
3.7991886825396826
3.7991886825396826
3.8004808662131495
3.8004808662131495
3.8004808662131495
3.8004808662131495
3.8017730498866165
3.8017730498866165
3.8017730498866165
3.8017730498866165
3.803065233560094
3.804357417233561
3.804357417233561
3.804357417233561
3.804357417233561
3.8056496009070315
3.8056496009070315
3.8056496009070315
3.8056496009070315
3.8069417845805056
3.8069417845805056
3.8069417845805056
3.8069417845805056
3.7850140136054478
3.7875983809523817
3.7875983809523817
