OnSet desviation
0
-0.6037188208616782
-0.18575963718820843
-0.2089795918367341
0.04643990929705222
0.2321995464852611
0.48761904761904784
0.7198185941043089
1.0448979591836727
1.253877551020409
1.5557369614512453
1.8343764172335586
2.0897959183673454
2.2987755102040808
2.693514739229025
3.0882539682539694
3.2043537414965986
3.3436734693877543
3.1579138321995455
3.111473922902494
2.8096145124716543
2.3916553287981834
2.3219954648526056
2.275555555555556
2.113015873015872
2.0201360544217657
2.0201360544217657
2.0201360544217657
1.9040362811791347
1.7879365079365073
1.7879365079365073
1.7879365079365073
1.7879365079365073
1.7879365079365073
1.7879365079365073
1.7879365079365073
1.7879365079365073
1.7879365079365073
1.7879365079365073
1.7879365079365073
1.7879365079365073
1.7879365079365073
1.7879365079365073
1.7879365079365073
1.7879365079365073
1.7879365079365073
1.7182766439909294
1.6486167800453515
1.5325170068027205
1.5325170068027205
1.3235374149659869
1.3235374149659833
1.3235374149659833
1.3235374149659869
1.3235374149659869
1.3235374149659869
1.3235374149659833
1.3235374149659869
1.36997732426304
1.4164172335600895
1.4164172335600895
1.3931972789115648
1.3931972789115648
1.3931972789115648
1.3931972789115648
1.3931972789115612
1.3931972789115612
1.3931972789115648
1.3235374149659869
1.3003174603174585
1.253877551020409
1.253877551020409
1.253877551020409
1.2538775510204054
1.2538775510204054
1.2538775510204054
1.253877551020409
1.253877551020409
1.253877551020409
1.2306575963718807
1.1609977324263028
1.1609977324263028
1.1609977324263028
1.2306575963718807
1.3931972789115648
1.3931972789115648
1.5557369614512453
1.5557369614512453
1.5557369614512453
1.5557369614512488
1.5557369614512453
1.2074376417233559
1.2074376417233559
1.2074376417233559
1.2074376417233559
1.2074376417233559
1.2074376417233559
1.2074376417233559
1.2074376417233559
1.2074376417233559
1.2074376417233559
1.2074376417233559
1.2074376417233559
1.2074376417233559
1.2074376417233559
1.2074376417233559
1.2074376417233559
1.2074376417233559
1.2074376417233559
1.2074376417233559
1.2074376417233559
1.2074376417233559
1.3235374149659869
1.3235374149659869
1.3235374149659869
1.3235374149659869
1.4860770975056674
1.486077097505671
1.486077097505671
1.486077097505671
1.486077097505671
1.4860770975056674
1.4860770975056674
1.4860770975056674
1.4860770975056674
1.5557369614512417
1.5557369614512417
1.5557369614512417
1.5557369614512417
1.6021768707483055
1.602176870748302
1.602176870748302
1.602176870748302
1.602176870748302
1.6021768707482984
1.6021768707482984
1.6021768707482984
1.6021768707482984
1.6021768707483055
1.6021768707483055
1.6021768707483055
1.6021768707483055
1.602176870748302
1.602176870748302
1.602176870748302
