OnSet desviation
0
-0.8823582766439909
-1.0448979591836736
-1.1842176870748298
-1.253877551020408
-1.6021768707482988
-1.6950566893424033
-1.7879365079365082
-2.0665759637188206
-2.3684353741496604
-2.4148752834467118
-2.623854875283447
-2.9024943310657596
-3.065034013605443
-3.2043537414965986
-3.366893424036281
-3.6223129251700694
-3.645532879818594
-3.7384126984126986
-3.7384126984126986
-3.9241723356009075
-4.133151927437641
-4.179591836734694
-4.202811791383221
-4.202811791383221
-4.295691609977325
-4.272471655328799
-4.272471655328799
-4.249251700680272
-4.249251700680274
-4.249251700680274
-4.249251700680272
-4.249251700680272
-4.249251700680272
-4.249251700680272
-4.2956916099773235
-4.31891156462585
-4.38857142857143
-4.38857142857143
-4.388571428571428
-4.388571428571428
-4.388571428571428
-4.38857142857143
-4.38857142857143
-4.38857142857143
-4.435011337868481
-4.435011337868481
-4.435011337868481
-4.435011337868481
-4.435011337868481
-4.481451247165532
-4.481451247165534
-4.481451247165534
-4.481451247165532
-4.481451247165532
-4.481451247165532
-4.481451247165534
-4.481451247165534
-4.527891156462585
-4.527891156462585
-4.527891156462585
-4.551111111111112
-4.574331065759637
-4.574331065759637
-4.574331065759637
-4.574331065759637
-4.574331065759637
-4.574331065759637
-4.690430839002268
-4.667210884353743
-4.667210884353743
-4.667210884353743
-4.667210884353743
-4.667210884353739
-4.667210884353739
-4.667210884353739
-4.574331065759637
-4.574331065759637
-4.574331065759637
-4.574331065759637
-4.574331065759637
-4.551111111111112
-4.551111111111112
-4.551111111111112
-4.551111111111112
-4.551111111111112
-4.551111111111108
-4.551111111111112
-4.551111111111112
-4.551111111111112
-4.551111111111108
-4.411791383219956
-4.411791383219956
-4.411791383219956
-4.411791383219956
-4.411791383219953
-4.411791383219953
-4.411791383219953
-4.411791383219953
-4.31891156462585
-4.31891156462585
-4.31891156462585
-4.31891156462585
-4.318911564625854
-4.179591836734694
-4.179591836734694
-4.179591836734694
-4.179591836734694
-4.063492063492067
-4.063492063492067
-4.063492063492067
-4.063492063492067
-4.063492063492063
-4.063492063492063
-4.063492063492063
-4.063492063492063
-4.063492063492063
-3.9706122448979606
-3.9706122448979606
-3.9706122448979606
-3.9706122448979606
-3.599092970521543
-3.599092970521543
-3.599092970521543
-3.599092970521543
-3.5526530612244898
-3.5526530612244898
-3.5526530612244898
-3.5526530612244898
-3.25079365079365
-3.0418140589569163
-3.0418140589569163
-3.0418140589569163
-3.0418140589569163
-2.8096145124716543
-2.8096145124716543
-2.8096145124716543
-2.8096145124716543
-2.321995464852609
-2.321995464852609
-2.321995464852609
-2.321995464852609
-1.9504761904761914
2.2523356009070277
2.2523356009070277
