OnSet desviation
0
-0.46439909297052173
-0.18575963718820843
0.18575963718820798
0.3715192743764173
0.8126984126984125
0.9055782312925169
1.3931972789115648
1.6021768707483002
1.9272562358276648
2.159455782312927
2.577414965986394
2.6006349206349224
3.0882539682539676
3.2740136054421782
3.5062131519274384
3.715192743764174
3.7848526077097517
3.7848526077097535
3.7848526077097517
3.6919727891156455
3.482993197278912
3.4365532879818588
3.413333333333334
3.413333333333332
3.3204535147392313
3.3204535147392313
3.3204535147392313
3.3204535147392313
3.3204535147392296
3.3204535147392296
3.3204535147392296
3.320453514739228
3.320453514739228
3.3204535147392313
3.3204535147392313
3.413333333333334
3.343673469387756
3.343673469387756
3.343673469387756
3.343673469387756
3.343673469387756
3.25079365079365
3.25079365079365
3.25079365079365
3.227573696145125
3.2740136054421782
3.297233560090703
3.297233560090703
3.297233560090703
3.2275736961451287
3.227573696145125
3.227573696145125
3.227573696145125
3.227573696145125
3.227573696145125
3.227573696145125
3.227573696145125
3.2043537414966003
3.181133786848072
3.181133786848072
3.1579138321995472
3.1346938775510225
3.1346938775510225
3.134693877551019
3.1346938775510225
3.1346938775510225
3.1346938775510225
3.065034013605441
3.018594104308388
3.0185941043083915
3.0185941043083915
3.0185941043083915
3.0882539682539694
3.0882539682539694
3.297233560090703
3.390113378684809
3.390113378684809
3.390113378684809
3.3901133786848057
3.390113378684809
3.413333333333334
3.413333333333334
3.413333333333334
3.413333333333334
3.413333333333334
3.413333333333334
3.413333333333334
3.413333333333334
3.413333333333334
3.413333333333334
3.5526530612244898
3.5526530612244898
3.5526530612244898
3.5526530612244898
3.5526530612244933
3.5526530612244933
3.5526530612244933
3.5526530612244933
3.5526530612244898
3.5526530612244898
3.5526530612244898
3.5526530612244898
3.5526530612244898
3.7384126984126986
3.7384126984126986
3.7384126984126986
3.7384126984126986
3.8777324263038544
3.8777324263038544
3.8777324263038544
3.8777324263038544
3.8777324263038544
3.8777324263038544
3.8777324263038544
3.8777324263038544
3.9473922902494323
4.0402721088435385
4.0402721088435385
4.0402721088435385
4.0402721088435385
4.226031746031747
4.226031746031747
4.226031746031747
4.226031746031747
4.272471655328797
4.272471655328797
4.272471655328797
4.272471655328797
4.5975510204081615
4.551111111111105
4.551111111111105
4.551111111111105
4.551111111111105
4.551111111111112
4.551111111111112
4.551111111111112
4.551111111111112
5.178049886621309
5.178049886621309
5.178049886621309
5.178049886621309
5.317369614512465
7.639365079365074
7.639365079365074
