OnSet desviation
0
0.7265302789115645
0.8493417369614515
1.4365522879818586
1.5361437913832199
2.1465742970521537
2.15328598185941
2.6476167142857143
2.932967854875284
3.4040786326530617
3.6197699092970534
4.021220823129251
4.027932507936509
4.684802922902495
4.76117447165533
5.2090652947845815
5.401536616780048
5.486162300453515
5.5011281201814075
5.492873985260772
5.39174003174603
5.104846441043085
5.096592306122449
5.065118216553289
5.080084036281178
4.94141040022676
4.733076900226759
4.733076900226759
4.710503037414968
4.711149129251702
4.711149129251702
4.711795221088435
4.7124413129251685
4.7124413129251685
4.713087404761907
4.690513541950116
4.644719724489796
4.5292660430839025
4.5292660430839025
4.529912134920636
4.530558226757369
4.530558226757369
4.4383245
4.4389705918367355
4.4389705918367355
4.416396729024942
4.417042820861678
4.324809094104307
4.116475594104308
4.116475594104308
3.977801958049888
3.978448049886623
3.978448049886623
3.9790941417233583
3.97974023356009
3.97974023356009
3.9803863253968252
3.9810324172335605
3.958458554421771
3.8430048730158717
3.8430048730158717
3.727551191609976
3.658537419501137
3.658537419501137
3.6591835113378686
3.659829603174604
3.659829603174604
3.660475695011339
3.5914619229024964
3.5224481507936503
3.5230942426303855
3.5230942426303855
3.5237403344671208
3.524386426303856
3.524386426303856
3.5250325181405877
3.5256786099773265
3.5256786099773265
3.526324701814058
3.5269707936507935
3.5276168854875287
3.528262977324264
3.528262977324264
3.5289090691609992
3.506335206349206
3.506335206349206
3.5069812981859414
3.5076273900226767
3.5076273900226767
3.508273481859412
3.5089195736961436
3.510211757369614
3.510211757369614
3.510211757369614
3.510211757369614
3.5115039410430846
3.5115039410430846
3.5115039410430846
3.5115039410430846
3.512796124716555
3.512796124716555
3.512796124716555
3.512796124716555
3.5140883083900256
3.5618204013605457
3.5618204013605457
3.5618204013605457
3.5618204013605457
3.702432312925172
3.702432312925172
3.702432312925172
3.702432312925172
3.703724496598639
3.703724496598639
3.703724496598639
3.703724496598639
3.7746765442176873
3.775968727891158
3.775968727891158
3.775968727891158
3.775968727891158
3.870140730158731
3.870140730158731
3.870140730158731
3.870140730158731
3.871432913832198
3.871432913832198
3.871432913832198
3.871432913832198
4.1978044625850295
4.199096646258496
4.199096646258496
4.199096646258496
4.199096646258496
4.200388829931974
4.200388829931974
4.200388829931974
4.200388829931974
4.875059698412695
4.875059698412695
4.875059698412695
4.875059698412695
4.992451655328793
7.3170314875283395
7.3170314875283395
