OnSet desviation
0
-0.46439909297052173
-0.023219954648525665
0.48761904761904695
0.7430385487528346
1.5325170068027205
1.7182766439909294
2.2987755102040817
2.7863945578231295
3.413333333333334
3.6919727891156473
4.31891156462585
4.620770975056691
5.270929705215419
5.596009070294786
5.990748299319728
6.455147392290252
6.548027210884355
6.640907029478461
6.640907029478459
6.733786848072562
6.733786848072562
6.733786848072562
6.733786848072564
6.733786848072562
6.733786848072565
6.710566893424039
6.710566893424039
6.687346938775512
6.687346938775512
6.687346938775512
6.6873469387755105
6.687346938775509
6.687346938775509
6.687346938775512
6.733786848072564
6.849886621315193
6.8498866213151945
6.8498866213151945
6.849886621315193
6.849886621315193
6.849886621315193
6.757006802721088
6.757006802721088
6.757006802721088
6.780226757369615
6.826666666666668
6.849886621315193
6.849886621315193
6.849886621315193
6.82666666666667
6.826666666666668
6.826666666666668
6.826666666666666
6.826666666666666
6.826666666666666
6.826666666666668
6.826666666666668
6.8498866213151945
6.826666666666666
6.826666666666666
6.826666666666668
6.826666666666668
6.826666666666668
6.826666666666664
6.826666666666668
6.826666666666668
6.826666666666668
6.8731065759637175
6.80344671201814
6.803446712018143
6.803446712018143
6.803446712018143
6.8731065759637175
6.8731065759637175
7.082086167800451
7.082086167800455
7.082086167800455
7.082086167800455
7.082086167800451
7.082086167800455
7.082086167800455
7.082086167800455
7.082086167800455
7.082086167800455
7.082086167800455
7.082086167800451
7.082086167800455
7.082086167800455
7.082086167800455
7.082086167800451
7.082086167800455
7.082086167800455
7.082086167800455
7.082086167800455
7.082086167800455
7.082086167800455
7.082086167800455
7.082086167800455
6.9892063492063485
6.9892063492063485
6.9892063492063485
6.9892063492063485
6.989206349206352
7.035646258503402
7.035646258503402
7.035646258503402
7.035646258503402
7.05886621315193
7.05886621315193
7.05886621315193
7.05886621315193
7.058866213151926
7.058866213151926
7.058866213151926
7.058866213151926
7.128526077097504
7.128526077097508
7.128526077097508
7.128526077097508
7.128526077097508
6.942766439909299
6.942766439909299
6.942766439909299
6.942766439909299
6.942766439909295
6.942766439909295
6.942766439909295
6.942766439909295
6.96598639455782
6.71056689342403
6.71056689342403
6.71056689342403
6.71056689342403
6.478367346938775
6.478367346938775
6.478367346938775
6.478367346938775
6.617687074829927
6.617687074829927
6.617687074829927
6.617687074829927
6.385487528344665
4.504671201814055
4.504671201814055
