OnSet desviation
0
-0.8359183673469387
-0.8823582766439908
-0.8823582766439908
-0.8823582766439908
-0.8591383219954647
-0.9055782312925169
-0.9287981859410426
-0.9055782312925169
-0.8591383219954647
-0.9287981859410426
-0.8359183673469381
-0.8359183673469399
-0.8823582766439912
-0.8359183673469381
-0.9984580498866205
-0.9984580498866205
-1.0448979591836736
-1.137777777777778
-1.137777777777778
-1.1145578231292514
-1.2074376417233559
-1.2074376417233559
-1.2770975056689338
-1.253877551020409
-1.1609977324263046
-1.2074376417233559
-1.2074376417233559
-1.3699773242630382
-1.3931972789115648
-1.3931972789115648
-1.3931972789115648
-1.393197278911563
-1.393197278911563
-1.3699773242630382
-1.1842176870748293
-1.1145578231292514
-1.2770975056689338
-1.2770975056689338
-1.4164172335600913
-1.4860770975056692
-1.4860770975056692
-1.4860770975056692
-1.4860770975056692
-1.4860770975056692
-1.4860770975056674
-1.4860770975056692
-1.509297052154194
-1.555736961451247
-1.555736961451247
-1.7647165532879825
-1.7647165532879825
-1.7647165532879825
-1.7647165532879807
-1.7647165532879807
-1.7647165532879807
-1.7647165532879825
-1.787936507936509
-1.7647165532879807
-1.7647165532879843
-1.7647165532879843
-1.787936507936509
-1.8808163265306117
-1.8808163265306117
-1.9272562358276613
-1.9272562358276648
-1.9272562358276648
-1.9272562358276666
-1.927256235827663
-1.950476190476195
-1.9272562358276666
-1.9272562358276666
-1.718276643990933
-1.6950566893424046
-1.6950566893424046
-1.7647165532879825
-1.9736961451247161
-1.9736961451247161
-2.0897959183673507
-2.0897959183673507
-2.089795918367347
-2.089795918367347
-2.089795918367347
-1.9040362811791418
-1.9040362811791383
-1.9040362811791383
-1.9504761904761914
-1.9969160997732445
-1.9969160997732445
-1.9969160997732445
-1.8808163265306135
-1.8575963718820887
-1.8575963718820887
-1.8575963718820887
-1.8575963718820887
-1.8575963718820887
-1.8575963718820887
-1.8575963718820887
-1.8575963718820887
-2.0665759637188224
-2.0665759637188224
-2.0665759637188224
-2.0665759637188224
-2.4845351473922896
-2.484535147392293
-2.484535147392293
-2.484535147392293
-2.484535147392293
-2.391655328798187
-2.391655328798187
-2.391655328798187
-2.391655328798187
-2.3452154195011374
-2.3452154195011374
-2.3452154195011374
-2.3452154195011374
-2.345215419501134
-2.368435374149662
-2.368435374149662
-2.368435374149662
-2.368435374149662
-2.554195011337871
-2.554195011337871
-2.554195011337871
-2.554195011337871
-2.5541950113378675
-2.5541950113378675
-2.5541950113378675
-2.5541950113378675
-2.693514739229027
-2.7863945578231295
-2.7863945578231295
-2.7863945578231295
-2.7863945578231295
-2.786394557823133
-2.786394557823133
-2.786394557823133
-2.786394557823133
-2.693514739229027
-2.693514739229027
-2.693514739229027
-2.693514739229027
-2.7863945578231295
-2.229115646258503
-2.229115646258503
