OnSet desviation
0
-0.6501587301587302
-0.5804988662131518
-0.27863945578231286
-0.04643990929705222
-0.02321995464852744
0.3250793650793655
0.30185941043083986
0.6501587301587302
0.8823582766439912
0.9520181405895691
1.0913378684807258
1.1609977324263028
1.1842176870748293
1.439637188208616
1.6486167800453515
1.9969160997732427
2.0201360544217692
2.0201360544217692
1.9969160997732427
2.0201360544217692
1.9969160997732427
1.9969160997732445
1.8808163265306117
1.90403628117914
2.043356009070296
2.020136054421771
2.020136054421771
1.8575963718820852
1.8111564625850356
1.8111564625850356
1.8111564625850338
1.8111564625850338
1.8111564625850338
1.8343764172335622
2.020136054421771
2.0201360544217675
1.8808163265306117
1.8808163265306117
1.7647165532879825
1.671836734693878
1.671836734693878
1.671836734693878
1.6718367346938763
1.6718367346938763
1.6718367346938798
1.6718367346938798
1.6486167800453533
1.6021768707483002
1.6021768707483002
1.3931972789115648
1.3003174603174585
1.3003174603174585
1.300317460317462
1.300317460317462
1.300317460317462
1.3003174603174585
1.3467573696145116
1.3467573696145116
1.3467573696145116
1.3467573696145116
1.3699773242630364
1.300317460317462
1.300317460317462
1.2306575963718842
1.137777777777778
1.137777777777778
1.137777777777778
1.137777777777778
1.137777777777778
1.2770975056689338
1.2770975056689338
1.4860770975056674
1.5092970521541957
1.5092970521541957
1.4164172335600895
1.2074376417233559
1.2074376417233559
1.0448979591836718
1.0448979591836718
1.0448979591836753
1.2074376417233594
1.2074376417233594
1.3931972789115648
1.486077097505671
1.486077097505671
1.6253968253968267
1.6486167800453515
1.6486167800453515
1.6718367346938798
1.8343764172335604
1.8575963718820887
1.8575963718820887
1.8575963718820887
1.8575963718820887
1.8575963718820852
1.8575963718820852
1.8575963718820852
1.8575963718820852
1.811156462585032
1.811156462585032
1.811156462585032
1.811156462585032
1.5789569160997736
1.6253968253968267
1.6253968253968267
1.6253968253968267
1.6253968253968267
1.5557369614512488
1.5557369614512488
1.5557369614512488
1.5557369614512488
1.4164172335600895
1.4164172335600895
1.4164172335600895
1.4164172335600895
1.416417233560093
1.300317460317462
1.300317460317462
1.300317460317462
1.300317460317462
0.9984580498866222
0.9984580498866222
0.9984580498866222
0.9984580498866222
0.9984580498866222
0.9984580498866222
0.9984580498866222
0.9984580498866222
0.9520181405895691
0.9055782312925196
0.9055782312925196
0.9055782312925196
0.9055782312925196
0.905578231292516
0.905578231292516
0.905578231292516
0.905578231292516
3.529433106575965
3.529433106575965
3.529433106575965
3.529433106575965
2.6702947845804985
2.6702947845804985
2.6702947845804985
