OnSet desviation
0
0.09959150340136058
0.10630318820861695
0.04335500907029477
-0.1589128979591834
0.03355842403628184
-0.122269573696145
-0.06911797959183641
-0.27138588662131546
-0.28789415646258565
-0.3276223809523806
-0.43701046938775523
-0.5928384671201812
-0.5861267823129239
-0.8116146439909286
-0.8049029591836732
-0.8678511383219956
-0.829665363945578
-0.814699544217687
-0.8229536791383225
-1.016967451247167
-1.071661495464852
-1.0799156303854875
-1.0881697653061213
-1.0964239002267568
-1.304757400226757
-1.4434310362811793
-1.4434310362811793
-1.442784944444444
-1.4421388526077106
-1.4421388526077106
-1.4414927607709753
-1.4408466689342418
-1.4408466689342418
-1.4634205317460314
-1.6717540317460315
-1.8336476224489786
-1.8330015306122451
-1.8330015306122451
-1.8323554387755099
-1.8317093469387746
-1.8317093469387746
-1.8310632551020412
-1.8304171632653041
-1.8304171632653041
-1.8297710714285724
-1.8523449342403655
-1.9677986156462595
-2.1296922063492048
-2.1296922063492048
-2.1290461145124713
-2.128400022675736
-2.128400022675736
-2.1277539308390008
-2.127107839002269
-2.127107839002269
-2.126461747165534
-2.1954755192743782
-2.3341491553287987
-2.4496028367346945
-2.4496028367346945
-2.5882764727891185
-2.634070290249433
-2.634070290249433
-2.633424198412701
-2.632778106575966
-2.632778106575966
-2.6321320147392306
-2.6314859229024954
-2.63083983106576
-2.769513467120184
-2.769513467120184
-2.9778469671201826
-3.000420829931972
-3.000420829931972
-2.9997747380952404
-2.999128646258505
-2.999128646258505
-2.99848255442177
-2.9978364625850347
-2.997190370748303
-2.9965442789115677
-2.9965442789115677
-3.181657824263038
-3.297111505668937
-3.297111505668937
-3.4357851417233576
-3.4583590045351507
-3.4583590045351507
-3.48093286734694
-3.642826458049889
-3.664754229024947
-3.664754229024947
-3.664754229024947
-3.664754229024947
-3.6634620453514763
-3.6634620453514763
-3.6634620453514763
-3.6634620453514763
-3.7086097709750554
-3.7086097709750554
-3.7086097709750554
-3.7086097709750554
-3.7073175873015884
-3.891785040816327
-3.891785040816327
-3.891785040816327
-3.891785040816327
-3.9833726757369625
-3.9833726757369625
-3.9833726757369625
-3.9833726757369625
-4.028520401360545
-4.028520401360545
-4.028520401360545
-4.028520401360545
-4.027228217687078
-4.2116956712018165
-4.2116956712018165
-4.2116956712018165
-4.2116956712018165
-4.210403487528346
-4.210403487528346
-4.210403487528346
-4.210403487528346
-4.209111303854879
-4.209111303854879
-4.209111303854879
-4.209111303854879
-4.207819120181409
-4.229746891156466
-4.229746891156466
-4.229746891156466
-4.229746891156466
-4.228454707482992
-4.228454707482992
-4.228454707482992
-4.228454707482992
-4.227162523809525
-4.227162523809525
-4.227162523809525
-4.227162523809525
-3.3899519727891168
-3.3873676054421793
-3.3873676054421793
