OnSet desviation
0
-0.6733786848072563
-0.5572789115646257
-0.25541950113378675
-0.02321995464852611
-0.02321995464852744
0.37151927437641774
0.37151927437641774
0.6965986394557824
0.8823582766439912
1.021678004535147
1.0681179138321992
1.137777777777778
1.2074376417233559
1.4164172335600895
1.7879365079365073
2.1362358276643985
2.205895691609978
2.2987755102040826
2.275555555555556
2.275555555555556
2.345215419501134
2.3452154195011357
2.2987755102040808
2.2987755102040843
2.3452154195011357
2.368435374149662
2.368435374149662
2.3684353741496587
2.3452154195011357
2.3452154195011357
2.345215419501134
2.345215419501132
2.345215419501132
2.3452154195011357
2.3452154195011357
2.275555555555554
2.2987755102040808
2.2987755102040808
2.321995464852609
2.2987755102040826
2.2987755102040826
2.2987755102040826
2.2987755102040808
2.2987755102040808
2.2987755102040826
2.2987755102040843
2.2987755102040826
2.2987755102040826
2.2987755102040826
2.2987755102040826
2.2058956916099763
2.2058956916099763
2.205895691609978
2.205895691609978
2.205895691609978
2.2058956916099763
2.275555555555556
2.2523356009070277
2.252335600907031
2.252335600907031
2.2987755102040808
2.321995464852609
2.321995464852609
2.2987755102040808
2.205895691609978
2.205895691609978
2.205895691609978
2.2058956916099746
2.2291156462585064
2.345215419501134
2.345215419501134
2.345215419501134
2.345215419501134
2.345215419501134
2.3219954648526056
2.3219954648526056
2.3219954648526056
2.275555555555556
2.275555555555556
2.275555555555556
2.43809523809524
2.43809523809524
2.43809523809524
2.5309750566893428
2.5309750566893428
2.7167346938775516
2.7863945578231295
2.7863945578231295
2.809614512471658
2.8560544217687074
2.856054421768711
2.856054421768711
2.856054421768711
2.856054421768711
2.8560544217687074
2.8560544217687074
2.8560544217687074
2.8560544217687074
3.018594104308388
3.018594104308388
3.018594104308388
3.018594104308388
3.204353741496597
3.2507936507936535
3.2507936507936535
3.2507936507936535
3.2507936507936535
3.0882539682539694
3.0882539682539694
3.0882539682539694
3.0882539682539694
2.9024943310657605
2.9024943310657605
2.9024943310657605
2.9024943310657605
2.9024943310657605
2.809614512471658
2.809614512471658
2.809614512471658
2.809614512471658
2.693514739229027
2.693514739229027
2.693514739229027
2.693514739229027
2.6935147392290233
2.6935147392290233
2.6935147392290233
2.6935147392290233
2.7863945578231295
2.8328344671201826
2.8328344671201826
2.8328344671201826
2.8328344671201826
2.8328344671201826
2.8328344671201826
2.8328344671201826
2.8328344671201826
5.363809523809525
5.363809523809525
5.363809523809525
5.363809523809525
4.5975510204081615
4.040272108843535
4.040272108843535
