OnSet desviation
0
0.3317910498866212
0.12952314285714306
0.2523346009070293
0.23582633106575956
0.24253801587301593
0.24924970068027186
0.1630815668934238
0.23945311564625804
0.15328498185940997
0.15999666666666634
0.14348839682539705
0.15020008163265253
0.13369181179138323
0.09396358730158738
0.1935550907029473
0.38602641269841165
0.5170920056689337
0.5320578253968247
0.5238036904761891
0.3994497823129244
0.11255619160997732
0.081082102040817
-0.0664917607709743
-0.09796585034013638
-0.09731975850340113
-0.1895534852607721
-0.1895534852607721
-0.18890739342403684
-0.1882613015873016
-0.1882613015873016
-0.1876152097505681
-0.18696911791383286
-0.18696911791383286
-0.1863230260770976
-0.2785567528344668
-0.4172303888888891
-0.41658429705215383
-0.41658429705215383
-0.4159382052154186
-0.3920721587301603
-0.3920721587301603
-0.3217662029478454
-0.27468020181405706
-0.27468020181405706
-0.27403410997732536
-0.27338801814059366
-0.2959618809523832
-0.41141556235827537
-0.41141556235827537
-0.41076947052154367
-0.4101233786848084
-0.4101233786848084
-0.4094772868480696
-0.4088311950113379
-0.4088311950113379
-0.5010649217687089
-0.5468587392290267
-0.6158725113378658
-0.6384463741496624
-0.6384463741496624
-0.6378002823129272
-0.6371541904761884
-0.6371541904761884
-0.6365080986394567
-0.6358620068027214
-0.6358620068027214
-0.6352159149659862
-0.6345698231292509
-0.7268035498866219
-0.7261574580498902
-0.7261574580498902
-0.7255113662131514
-0.7248652743764161
-0.7248652743764161
-0.7242191825396844
-0.7235730907029456
-0.7235730907029456
-0.7229269988662139
-0.7222809070294787
-0.8377345884353744
-0.9764082244897949
-0.9764082244897949
-0.9757621326530597
-0.9983359954648527
-0.9983359954648527
-0.9976899036281175
-0.9970438117913858
-0.9970438117913858
-0.996397719954647
-0.8099919909297064
-0.5068403968253996
-0.5068403968253996
-0.5068403968253996
-0.5068403968253996
-0.5055482131519291
-0.5055482131519291
-0.5055482131519291
-0.5055482131519291
-0.3649363015872993
-0.3649363015872993
-0.3649363015872993
-0.3649363015872993
-0.36364411791383233
-0.36235193424036183
-0.36235193424036183
-0.36235193424036183
-0.36235193424036183
-0.3610597505668949
-0.3610597505668949
-0.3610597505668949
-0.3610597505668949
-0.3597675668934244
-0.3597675668934244
-0.3597675668934244
-0.3597675668934244
-0.2655955646258512
-0.2643033809523807
-0.2643033809523807
-0.2643033809523807
-0.2643033809523807
-0.26301119727891376
-0.26301119727891376
-0.26301119727891376
-0.26301119727891376
-0.26171901360544325
-0.26171901360544325
-0.26171901360544325
-0.26171901360544325
0.01821262585033878
0.019504809523805733
0.019504809523805733
0.019504809523805733
0.019504809523805733
0.02079699319727979
0.02079699319727979
0.02079699319727979
0.02079699319727979
0.9044474535147415
0.9044474535147415
0.9044474535147415
0.9044474535147415
0.8825196825396837
1.4888228707483009
1.4888228707483009
