OnSet desviation
0
-0.09287981859410421
0.0
-0.25541950113378675
-0.30185941043083897
-0.3715192743764173
-0.18575963718820887
-0.3482993197278912
-0.3947392290249434
-0.5108390022675735
-0.5340589569160992
-0.6037188208616779
-0.6965986394557833
-0.8359183673469399
-0.7430385487528337
-0.7430385487528355
-0.7662585034013603
-0.766258503401362
-0.7894784580498868
-0.7430385487528337
-0.7894784580498868
-1.0681179138322001
-1.1842176870748293
-1.2770975056689355
-1.3003174603174603
-1.3003174603174603
-1.2306575963718824
-1.2306575963718824
-1.091337868480725
-1.0216780045351488
-1.0216780045351488
-1.021678004535147
-1.021678004535147
-1.021678004535147
-1.021678004535147
-1.021678004535147
-1.021678004535147
-0.9520181405895691
-0.9520181405895691
-0.9520181405895691
-0.9520181405895691
-0.9520181405895691
-0.9520181405895691
-0.9520181405895691
-0.9520181405895691
-0.9520181405895691
-0.9520181405895691
-0.8591383219954647
-0.8359183673469381
-0.8359183673469381
-0.7662585034013603
-0.7662585034013585
-0.7662585034013585
-0.766258503401362
-0.7662585034013603
-0.7662585034013603
-0.7662585034013603
-0.8126984126984134
-0.8823582766439912
-0.8591383219954665
-0.8591383219954665
-0.7662585034013603
-0.7662585034013603
-0.7662585034013603
-0.7662585034013603
-0.7662585034013603
-0.7662585034013603
-0.7662585034013603
-0.7662585034013603
-0.8359183673469381
-0.8359183673469417
-0.8359183673469417
-0.8359183673469381
-0.8359183673469381
-0.8359183673469381
-0.8359183673469381
-0.8359183673469381
-0.8359183673469381
-0.8359183673469381
-0.8359183673469381
-0.905578231292516
-0.8359183673469417
-0.8359183673469417
-0.7198185941043072
-0.7198185941043072
-0.7198185941043072
-0.4411791383219956
-0.3715192743764142
-0.3715192743764142
-0.046439909297053106
-0.046439909297053106
-0.046439909297053106
-0.046439909297053106
-0.046439909297053106
-0.046439909297053106
-0.046439909297053106
-0.046439909297053106
-0.046439909297053106
-0.046439909297053106
-0.02321995464852833
-0.02321995464852833
-0.02321995464852833
-0.02321995464852833
0.06965986394557788
0.06965986394558144
0.06965986394558144
0.06965986394558144
0.06965986394558144
0.06965986394557788
0.06965986394557788
0.06965986394557788
0.06965986394557788
0.13931972789115576
0.13931972789115576
0.13931972789115576
0.13931972789115576
0.13931972789115576
0.09287981859410266
0.09287981859410266
0.09287981859410266
0.09287981859410266
0.06965986394557788
0.06965986394557788
0.06965986394557788
0.06965986394557788
0.06965986394557788
0.06965986394557788
0.06965986394557788
0.06965986394557788
0.0
0.046439909297053106
0.046439909297053106
0.046439909297053106
0.046439909297053106
0.046439909297053106
0.046439909297053106
0.046439909297053106
0.046439909297053106
0.09287981859410266
0.09287981859410266
0.09287981859410266
0.09287981859410266
0.09287981859410266
1.137777777777778
1.137777777777778
