OnSet desviation
0
-0.7430385487528345
-0.6965986394557819
-0.5804988662131518
-0.48761904761904784
-0.510839002267574
-0.2321995464852611
-0.30185941043083986
-0.11609977324263099
-0.13931972789115665
-0.13931972789115665
-0.023219954648525665
0.04643990929705133
0.09287981859410266
0.16253968253968232
0.27863945578231153
0.5108390022675735
0.6501587301587293
0.6733786848072558
0.7430385487528337
0.7198185941043089
0.44117913832199385
0.30185941043083986
0.16253968253968232
0.11609977324262921
0.11609977324263099
0.20897959183673365
0.20897959183673365
0.3482993197278912
0.41795918367346907
0.41795918367346907
0.41795918367346907
0.41795918367346907
0.41795918367346907
0.41795918367346907
0.3482993197278912
0.25541950113378675
0.3482993197278912
0.3482993197278912
0.3482993197278912
0.37151927437641596
0.37151927437641596
0.4411791383219956
0.48761904761904873
0.48761904761904873
0.48761904761904695
0.4876190476190452
0.5804988662131514
0.6733786848072576
0.6733786848072576
0.7662585034013603
0.7662585034013603
0.7662585034013603
0.7662585034013603
0.7662585034013603
0.7662585034013603
0.6733786848072576
0.6269387755102009
0.6037188208616797
0.673378684807254
0.673378684807254
0.7662585034013603
0.7662585034013603
0.7662585034013603
0.7662585034013603
0.7662585034013603
0.7662585034013603
0.7662585034013603
0.7662585034013603
0.7662585034013603
0.8823582766439877
0.8823582766439877
0.8823582766439912
0.8823582766439912
0.8823582766439912
0.8823582766439912
0.8823582766439912
0.8823582766439912
0.8823582766439912
0.8823582766439912
0.8359183673469417
0.8359183673469381
0.8359183673469381
0.9520181405895691
0.9520181405895691
0.9520181405895691
1.091337868480725
1.091337868480725
1.091337868480725
1.091337868480725
1.2770975056689338
1.57895691609977
1.57895691609977
1.57895691609977
1.57895691609977
1.5789569160997736
1.5789569160997736
1.5789569160997736
1.5789569160997736
1.7182766439909294
1.7182766439909294
1.7182766439909294
1.7182766439909294
1.811156462585032
1.8111564625850356
1.8111564625850356
1.8111564625850356
1.8111564625850356
1.811156462585032
1.811156462585032
1.811156462585032
1.811156462585032
1.88081632653061
1.88081632653061
1.88081632653061
1.88081632653061
1.9736961451247161
2.043356009070294
2.043356009070294
2.043356009070294
2.043356009070294
2.043356009070294
2.043356009070294
2.043356009070294
2.043356009070294
2.043356009070294
2.043356009070294
2.043356009070294
2.043356009070294
2.321995464852609
2.4845351473922896
2.4845351473922896
2.4845351473922896
2.4845351473922896
2.4845351473922896
2.4845351473922896
2.4845351473922896
2.4845351473922896
3.366893424036281
3.366893424036281
3.366893424036281
3.366893424036281
3.366893424036281
3.9706122448979606
3.9706122448979606
