OnSet desviation
0
0.9819497800453515
0.826121782312925
0.5774139659863944
0.42158596825396843
0.3818577437641726
0.2956896099773241
0.11664165759637246
-0.039186340136054376
-0.21823429251700688
-0.23474256235827617
-0.43701046938775523
-0.5928384671201821
-0.7951063741496593
-0.8116146439909286
-0.8281229138321997
-0.8910710929705221
-0.8993252278911577
-0.930799317460318
-0.9622734070294783
-1.1098472698412714
-1.3967408605442166
-1.4049949954648522
-1.5061289489795922
-1.514383083900226
-1.5137369920634924
-1.6291906734693882
-1.6291906734693882
-1.628544581632653
-1.6278984897959194
-1.6278984897959194
-1.6272523979591842
-1.626606306122449
-1.626606306122449
-1.6259602142857137
-1.648534077097505
-1.6943278945578228
-1.7169017573696141
-1.7169017573696141
-1.716255665532879
-1.7156095736961454
-1.7156095736961454
-1.7149634818594102
-1.714317390022675
-1.714317390022675
-1.7136712981859414
-1.713025206349208
-1.7355990691609993
-1.920712614512471
-1.920712614512471
-1.9432864773242642
-1.9426403854875272
-1.9426403854875272
-1.941994293650792
-1.9413482018140584
-1.9413482018140584
-1.9407021099773267
-1.986495927437641
-2.1019496088435368
-2.170963380952383
-2.170963380952383
-2.1703172891156477
-2.169671197278909
-2.169671197278909
-2.169025105442177
-2.168379013605442
-2.168379013605442
-2.1677329217687067
-2.1670868299319714
-2.3289804206349203
-2.4444341020408196
-2.4444341020408196
-2.4437880102040808
-2.4431419183673455
-2.4431419183673455
-2.442495826530614
-2.441849734693875
-2.441849734693875
-2.4412036428571433
-2.440557551020408
-2.579231187074832
-2.6482449591836748
-2.6482449591836748
-2.647598867346936
-2.670172730158729
-2.670172730158729
-2.530206910430838
-2.459900954648525
-2.459900954648525
-2.134175497732425
-2.1335294058956933
-2.132237222222223
-2.132237222222223
-2.132237222222223
-2.132237222222223
-2.130945038548756
-2.130945038548756
-2.130945038548756
-2.130945038548756
-2.106432900226757
-2.106432900226757
-2.106432900226757
-2.106432900226757
-2.1051407165532865
-2.103848532879816
-2.103848532879816
-2.103848532879816
-2.103848532879816
-2.102556349206349
-2.102556349206349
-2.102556349206349
-2.102556349206349
-2.1012641655328785
-2.1012641655328785
-2.1012641655328785
-2.1012641655328785
-2.0999719818594116
-2.214779571428572
-2.214779571428572
-2.214779571428572
-2.214779571428572
-2.23670734240363
-2.23670734240363
-2.23670734240363
-2.23670734240363
-2.2354151587301594
-2.2354151587301594
-2.2354151587301594
-2.2354151587301594
-2.3037828390022703
-2.418590428571431
-2.418590428571431
-2.418590428571431
-2.418590428571431
-2.4172982448979567
-2.4172982448979567
-2.4172982448979567
-2.4172982448979567
-2.3695661519274367
-2.3695661519274367
-2.3695661519274367
-2.3695661519274367
-2.3914939229024945
-1.3440115963718817
-1.3440115963718817
