OnSet desviation
0
0.1460314126984128
-0.10267640362811759
0.1362348276643992
-0.08925303401360551
-0.0825413492063487
-0.28480925623582776
-0.3477574353741497
-0.38748565986394556
-0.40399392970521575
-0.536601972789116
-0.506670333333334
-0.6857182857142874
-0.6557866462585036
-0.8348345986394552
-0.874562823129251
-0.9839509115646266
-0.9922050464852621
-0.9772392267573711
-0.9854933616780048
-1.1795071337868492
-1.5128406337868476
-1.5210947687074832
-1.529348903628117
-1.5143830839002277
-1.6066168106575969
-1.814950310657597
-1.814950310657597
-1.9304039920634928
-1.9297579002267575
-1.9297579002267575
-1.929111808390024
-1.9284657165532888
-1.9284657165532888
-1.9278196247165535
-1.9736134421768696
-2.112287078231292
-2.1116409863945584
-2.1116409863945584
-2.110994894557823
-2.110348802721088
-2.110348802721088
-2.132922665532881
-2.1787164829931953
-2.1787164829931953
-2.1780703911564636
-2.17742429931973
-2.2696580260770993
-2.4315516167800446
-2.4315516167800446
-2.430905524943313
-2.430259433106576
-2.430259433106576
-2.429613341269839
-2.428967249433107
-2.428967249433107
-2.521200976190478
-2.5437748390022676
-2.6127886111111103
-2.6353624739229033
-2.6353624739229033
-2.6347163820861716
-2.6340702902494293
-2.6340702902494293
-2.6334241984126976
-2.632778106575966
-2.632778106575966
-2.6321320147392306
-2.631485922902492
-2.746939604308391
-2.7462935124716594
-2.7462935124716594
-2.7456474206349206
-2.7450013287981854
-2.7450013287981854
-2.7443552369614537
-2.743709145124715
-2.743709145124715
-2.743063053287983
-2.742416961451248
-2.7417708696145127
-2.7411247777777774
-2.7411247777777774
-2.740478685941042
-2.7630525487528352
-2.7630525487528352
-2.7624064569161
-2.7617603650793647
-2.7617603650793647
-2.7611142732426295
-2.412168861678005
-2.410876678004538
-2.410876678004538
-2.410876678004538
-2.410876678004538
-2.4095844943310674
-2.4095844943310674
-2.4095844943310674
-2.4095844943310674
-2.4082923106575933
-2.4082923106575933
-2.4082923106575933
-2.4082923106575933
-2.4070001269841264
-2.56824762585034
-2.56824762585034
-2.56824762585034
-2.56824762585034
-2.5669554421768694
-2.5669554421768694
-2.5669554421768694
-2.5669554421768694
-2.7514228956916114
-2.7514228956916114
-2.7514228956916114
-2.7514228956916114
-2.796570621315194
-2.7952784376417235
-2.7952784376417235
-2.7952784376417235
-2.7952784376417235
-2.9797458911564654
-2.9797458911564654
-2.9797458911564654
-2.9797458911564654
-2.978453707482995
-2.978453707482995
-2.978453707482995
-2.978453707482995
-2.9771615238095244
-2.9758693401360574
-2.9758693401360574
-2.9758693401360574
-2.9758693401360574
-2.9745771564625834
-2.9745771564625834
-2.9745771564625834
-2.9745771564625834
-2.9732849727891164
-2.9732849727891164
-2.9732849727891164
-2.9732849727891164
-2.9952127437641707
-2.9926283764172332
-2.9926283764172332
