OnSet desviation
0
-0.8823582766439909
-0.6965986394557819
-0.626938775510204
-0.510839002267574
-0.5804988662131514
-0.510839002267574
-0.5572789115646266
-0.37151927437641685
-0.3947392290249434
-0.30185941043083986
-0.11609977324263099
-0.11609977324263188
-0.023219954648526553
-0.09287981859410444
-0.04643990929705133
0.023219954648524777
0.023219954648524777
-0.023219954648526553
-0.023219954648526553
-0.16253968253968232
-0.20897959183673542
-0.20897959183673542
-0.20897959183673365
-0.20897959183673542
-0.23219954648526198
-0.23219954648526198
-0.23219954648526198
-0.25541950113378675
-0.25541950113378675
-0.25541950113378675
-0.25541950113378675
-0.25541950113378675
-0.25541950113378675
-0.25541950113378853
-0.2786394557823133
-0.41795918367346907
-0.37151927437641774
-0.37151927437641774
-0.37151927437641774
-0.37151927437641596
-0.37151927437641596
-0.3947392290249443
-0.4411791383219956
-0.4411791383219956
-0.4411791383219956
-0.4411791383219956
-0.5340589569161001
-0.5108390022675735
-0.5108390022675735
-0.41795918367347085
-0.41795918367346907
-0.41795918367346907
-0.41795918367346907
-0.41795918367347085
-0.41795918367347085
-0.5108390022675735
-0.5340589569160983
-0.6037188208616797
-0.6269387755102045
-0.6269387755102045
-0.6269387755102045
-0.6037188208616762
-0.6037188208616762
-0.5572789115646266
-0.5340589569161018
-0.5340589569161018
-0.5340589569161018
-0.5108390022675735
-0.6037188208616797
-0.6037188208616797
-0.6037188208616797
-0.6037188208616762
-0.6037188208616797
-0.6037188208616797
-0.6037188208616797
-0.6037188208616762
-0.6037188208616762
-0.6037188208616797
-0.5804988662131549
-0.4179591836734673
-0.23219954648526198
-0.23219954648526198
-0.046439909297053106
0.11609977324263099
0.11609977324263099
0.3018594104308363
0.4411791383219956
0.4411791383219956
0.4411791383219956
0.7894784580498886
0.3482993197278894
0.3482993197278894
0.3482993197278894
0.3482993197278894
0.3482993197278894
0.3482993197278894
0.3482993197278894
0.3482993197278894
0.34829931972789296
0.34829931972789296
0.34829931972789296
0.34829931972789296
0.3482993197278894
0.18575963718820887
0.18575963718820887
0.18575963718820887
0.18575963718820887
0.18575963718820887
0.18575963718820887
0.18575963718820887
0.18575963718820887
0.0
0.0
0.0
0.0
-0.046439909297053106
-0.046439909297053106
-0.046439909297053106
-0.046439909297053106
-0.046439909297053106
-0.23219954648526198
-0.23219954648526198
-0.23219954648526198
-0.23219954648526198
-0.06965986394557788
-0.06965986394557788
-0.06965986394557788
-0.06965986394557788
-0.023219954648524777
-0.02321995464852833
-0.02321995464852833
-0.02321995464852833
-0.02321995464852833
-0.023219954648524777
-0.023219954648524777
-0.023219954648524777
-0.023219954648524777
-0.02321995464852833
-0.02321995464852833
-0.02321995464852833
-0.02321995464852833
-0.023219954648524777
-0.023219954648524777
-0.023219954648524777
