OnSet desviation
0
-0.7662585034013606
-0.6733786848072558
-0.6965986394557824
-0.6037188208616779
-0.6733786848072563
-0.4643990929705222
-0.4643990929705222
-0.37151927437641685
-0.3947392290249434
-0.2786394557823133
-0.20897959183673454
-0.20897959183673454
-0.06965986394557788
-0.09287981859410444
0.023219954648526553
0.13931972789115576
0.32507936507936463
0.2786394557823133
0.27863945578231153
0.11609977324263099
0.06965986394557788
0.046439909297053106
-0.06965986394557788
-0.06965986394557788
0.0
0.20897959183673365
0.20897959183673365
0.30185941043083986
0.30185941043083986
0.30185941043083986
0.30185941043083986
0.30185941043083986
0.30185941043083986
0.16253968253968232
-0.023219954648526553
-0.13931972789115576
-0.09287981859410444
-0.09287981859410444
-0.09287981859410444
-0.09287981859410266
-0.09287981859410266
-0.18575963718820887
-0.20897959183673542
-0.20897959183673542
-0.20897959183673365
-0.20897959183673542
-0.20897959183673365
-0.18575963718820887
-0.18575963718820887
-0.20897959183673542
-0.20897959183673542
-0.20897959183673542
-0.27863945578231153
-0.2786394557823133
-0.2786394557823133
-0.2786394557823133
-0.27863945578231153
-0.2786394557823151
-0.2786394557823151
-0.2786394557823151
-0.30185941043083986
-0.4411791383219956
-0.4411791383219956
-0.39473922902494607
-0.3715192743764213
-0.3715192743764213
-0.37151927437641774
-0.34829931972789296
-0.3250793650793682
-0.32507936507936463
-0.32507936507936463
-0.32507936507936463
-0.3250793650793682
-0.3250793650793682
-0.3250793650793682
-0.32507936507936463
-0.32507936507936463
-0.3250793650793682
-0.3018594104308434
-0.18575963718820887
-3.552713678800501e-15
-3.552713678800501e-15
0.18575963718820532
0.3482993197278894
0.3482993197278894
0.5340589569160983
0.673378684807254
0.673378684807254
0.673378684807254
1.2770975056689338
0.8359183673469381
0.8359183673469381
0.8359183673469381
0.8359183673469381
0.8359183673469346
0.8359183673469346
0.8359183673469346
0.8359183673469346
0.8359183673469381
0.8359183673469381
0.8359183673469381
0.8359183673469381
0.8359183673469346
0.8359183673469381
0.8359183673469381
0.8359183673469381
0.8359183673469381
0.8359183673469381
0.8359183673469381
0.8359183673469381
0.8359183673469381
0.6733786848072576
0.6733786848072576
0.6733786848072576
0.6733786848072576
0.673378684807254
0.673378684807254
0.673378684807254
0.673378684807254
0.673378684807254
0.4876190476190452
0.4876190476190452
0.4876190476190452
0.4876190476190452
0.6501587301587293
0.6501587301587293
0.6501587301587293
0.6501587301587293
0.6965986394557824
0.6965986394557788
0.6965986394557788
0.6965986394557788
0.6965986394557788
0.6965986394557824
0.6965986394557824
0.6965986394557824
0.6965986394557824
0.6965986394557788
0.6965986394557788
0.6965986394557788
0.6965986394557788
1.5325170068027205
1.5325170068027205
1.5325170068027205
