OnSet desviation
0
-0.9752380952380951
-0.8823582766439908
-0.7894784580498864
-0.7662585034013607
-0.7662585034013598
-0.9055782312925165
-0.9520181405895691
-0.8591383219954647
-0.8591383219954647
-0.8823582766439912
-0.7662585034013611
-0.766258503401362
-0.8126984126984134
-0.8591383219954647
-0.9287981859410426
-0.9752380952380957
-1.1609977324263046
-1.1609977324263046
-1.1609977324263028
-1.137777777777778
-1.137777777777778
-1.1145578231292532
-0.9984580498866205
-0.9984580498866222
-1.0913378684807267
-1.3003174603174603
-1.3003174603174603
-1.4164172335600913
-1.4164172335600913
-1.4164172335600913
-1.4164172335600913
-1.4164172335600913
-1.4164172335600913
-1.2770975056689355
-1.1145578231292514
-1.137777777777778
-1.137777777777778
-1.137777777777778
-1.137777777777778
-1.137777777777778
-1.137777777777778
-1.0681179138322001
-1.091337868480725
-1.091337868480725
-1.0913378684807267
-1.091337868480725
-1.184217687074831
-1.1842176870748293
-1.1842176870748293
-1.0681179138322001
-1.0681179138321983
-1.0681179138321983
-0.9984580498866222
-0.9984580498866222
-0.9984580498866222
-1.091337868480725
-1.1145578231292532
-1.184217687074831
-1.2074376417233559
-1.2074376417233559
-1.184217687074831
-1.021678004535147
-1.021678004535147
-1.021678004535147
-1.021678004535147
-1.021678004535147
-1.0216780045351506
-1.021678004535147
-1.137777777777778
-1.1377777777777816
-1.1377777777777816
-1.137777777777778
-1.137777777777778
-1.137777777777778
-1.137777777777778
-1.137777777777778
-1.137777777777778
-1.137777777777778
-1.137777777777778
-1.091337868480725
-1.091337868480725
-1.091337868480725
-1.091337868480725
-1.091337868480725
-1.091337868480725
-1.0913378684807284
-1.091337868480725
-1.091337868480725
-1.091337868480725
-1.3467573696145116
-1.3467573696145152
-1.3467573696145152
-1.3467573696145152
-1.3467573696145152
-1.3467573696145116
-1.3467573696145116
-1.3467573696145116
-1.3467573696145116
-1.3467573696145116
-1.3467573696145116
-1.3467573696145116
-1.3467573696145116
-1.3467573696145116
-1.5092970521541957
-1.5092970521541957
-1.5092970521541957
-1.5092970521541957
-1.5092970521541957
-1.5092970521541957
-1.5092970521541957
-1.5092970521541957
-1.532517006802724
-1.532517006802724
-1.532517006802724
-1.532517006802724
-1.5789569160997736
-1.5789569160997736
-1.5789569160997736
-1.5789569160997736
-1.5789569160997736
-1.5789569160997736
-1.5789569160997736
-1.5789569160997736
-1.5789569160997736
-1.5789569160997736
-1.5789569160997736
-1.5789569160997736
-1.5789569160997736
-1.5789569160997736
-1.5789569160997736
-1.5789569160997736
-1.5789569160997736
-1.5789569160997736
-1.5789569160997736
-1.5789569160997736
-1.5789569160997736
-1.5789569160997736
-1.5789569160997736
-1.5789569160997736
-1.5789569160997736
-1.5789569160997736
-2.4148752834467118
-2.4148752834467118
-2.4148752834467118
