OnSet desviation
0
0.2621311859410431
-0.07945644897959148
0.06657496371882088
-0.1821328526077095
-0.17542116780045358
-0.23836934693877598
-0.2548776167800453
-0.38748565986394556
-0.40399392970521575
-0.5133820181405895
-0.5995501519274375
-0.77859810430839
-0.7022265555555549
-0.8348345986394552
-0.8049029591836732
-0.8678511383219956
-0.6903456360544222
-0.6753798163265312
-0.6836339512471667
-0.9008676780045359
-1.2342011780045343
-1.2656752675736946
-1.3900291757369612
-1.3750633560090701
-1.374417264172335
-1.3737711723356014
-1.3737711723356014
-1.3731250804988662
-1.372478988662131
-1.372478988662131
-1.3718328968253974
-1.3711868049886622
-1.3711868049886622
-1.5098604410430827
-1.7181939410430829
-1.8336476224489786
-1.8330015306122451
-1.8330015306122451
-1.8323554387755099
-1.8317093469387746
-1.8317093469387746
-1.9239430736961456
-1.9465169365079351
-1.9465169365079351
-1.9458708446712016
-1.94522475283447
-1.944578660997733
-2.10647225170068
-2.10647225170068
-2.2219259331065775
-2.2212798412698422
-2.2212798412698422
-2.2902936133786813
-2.2896475215419496
-2.2896475215419496
-2.289001429705218
-2.288355337868481
-2.2877092460317456
-2.287063154195014
-2.287063154195014
-2.309637017006807
-2.4715306077097488
-2.4715306077097488
-2.470884515873017
-2.4702384240362854
-2.4702384240362854
-2.4695923321995465
-2.4689462403628113
-2.4683001485260796
-2.4676540566893443
-2.4676540566893443
-2.467007964852609
-2.466361873015874
-2.466361873015874
-2.465715781179142
-2.4650696893424033
-2.4650696893424033
-2.4644235975056716
-2.4637775056689364
-2.5095713231292542
-2.508925231292519
-2.508925231292519
-2.5082791394557837
-2.530853002267577
-2.530853002267577
-2.530206910430838
-2.5295608185941063
-2.5295608185941063
-2.528914726757371
-1.9245498140589596
-1.9232576303854891
-1.9232576303854891
-1.9232576303854891
-1.9232576303854891
-1.9219654467120222
-1.9219654467120222
-1.9219654467120222
-1.9219654467120222
-1.9206732630385481
-1.9206732630385481
-1.9206732630385481
-1.9206732630385481
-1.9193810793650812
-1.9180888956916107
-1.9180888956916107
-1.9180888956916107
-1.9180888956916107
-1.9167967120181402
-1.9167967120181402
-1.9167967120181402
-1.9167967120181402
-2.0780442108843538
-2.0780442108843538
-2.0780442108843538
-2.0780442108843538
-2.076752027210887
-2.0754598435374163
-2.0754598435374163
-2.0754598435374163
-2.0754598435374163
-2.2599272970521582
-2.2599272970521582
-2.2599272970521582
-2.2599272970521582
-2.2586351133786877
-2.2586351133786877
-2.2586351133786877
-2.2586351133786877
-2.257342929705217
-2.2560507460317503
-2.2560507460317503
-2.2560507460317503
-2.2560507460317503
-2.254758562358276
-2.254758562358276
-2.254758562358276
-2.254758562358276
-2.2534663786848093
-2.2534663786848093
-2.2534663786848093
-2.2534663786848093
-1.4394757823129254
-1.436891414965988
-1.436891414965988
