OnSet desviation
0
0.1692513673469389
-0.26521608616780035
-0.09596471882086144
-0.43755235374149626
-0.361180804988662
-0.6331085759637185
-0.6496168458049878
-0.8751047074829934
-0.868393022675737
-1.0938808843537409
-1.2497088820861677
-1.4287568344671202
-1.4917050136054417
-1.6010931020408155
-1.6872612358276644
-1.866309188208616
-1.8745633231292516
-1.8131575941043092
-1.821411729024943
-1.8761057732426316
-2.162999363945577
-2.1712534988662124
-2.179507633786848
-2.164541814058957
-2.2335555861677996
-2.4418890861677998
-2.4418890861677998
-2.5341228129251707
-2.5334767210884355
-2.5334767210884355
-2.532830629251702
-2.5321845374149667
-2.5321845374149667
-2.5315384455782297
-2.554112308390021
-2.5534662165532875
-2.5992600340136054
-2.5992600340136054
-2.59861394217687
-2.5979678503401367
-2.5979678503401367
-2.5973217585034014
-2.5966756666666644
-2.5966756666666644
-2.5960295748299327
-2.595383482993199
-2.594737391156464
-2.779850936507936
-2.779850936507936
-2.8720846632653068
-2.8714385714285715
-2.8714385714285715
-2.8707924795918345
-2.870146387755101
-2.870146387755101
-2.8695002959183693
-2.868854204081634
-2.8682081122448952
-2.8675620204081635
-2.8675620204081635
-2.8669159285714336
-2.8894897913832196
-2.8894897913832196
-2.9352836088435375
-2.9578574716553305
-2.9578574716553305
-2.9572113798185953
-2.979785242630385
-3.002359105442178
-3.001713013605446
-3.001713013605446
-3.001066921768711
-3.000420829931972
-3.000420829931972
-2.9997747380952404
-2.999128646258505
-2.999128646258505
-2.99848255442177
-3.0210564172335594
-3.182950007936512
-3.368063553287982
-3.368063553287982
-3.5531770986394555
-3.7382906439909327
-3.7382906439909327
-3.9234041893424028
-4.062077825396827
-4.062077825396827
-4.061431733560092
-4.06078564172336
-3.6183143197278937
-3.6183143197278937
-3.6183143197278937
-3.6183143197278937
-3.6170221360544232
-3.6170221360544232
-3.6170221360544232
-3.6170221360544232
-3.6157299523809527
-3.6157299523809527
-3.6157299523809527
-3.6157299523809527
-3.6144377687074822
-3.6131455850340153
-3.6131455850340153
-3.6131455850340153
-3.6131455850340153
-3.611853401360545
-3.611853401360545
-3.611853401360545
-3.611853401360545
-3.610561217687078
-3.610561217687078
-3.610561217687078
-3.610561217687078
-3.6092690340136073
-3.607976850340137
-3.607976850340137
-3.607976850340137
-3.607976850340137
-3.60668466666667
-3.60668466666667
-3.60668466666667
-3.60668466666667
-3.7679321655328835
-3.7679321655328835
-3.7679321655328835
-3.7679321655328835
-3.813079891156466
-3.8117877074829956
-3.8117877074829956
-3.8117877074829956
-3.8117877074829956
-3.810495523809525
-3.810495523809525
-3.810495523809525
-3.810495523809525
-3.8092033401360545
-3.8092033401360545
-3.8092033401360545
-3.8092033401360545
-3.8311311111111124
-3.828546743764175
-3.828546743764175
