OnSet desviation
0
0.12281145804988658
-0.10267640362811803
-0.026304854875283556
-0.20535280725623561
0.033558424036280954
-0.19192943764172377
-0.20843770748299306
-0.3178257959183677
-0.33433406575963787
-0.42050219954648504
-0.5066703333333331
-0.6160584217687077
-0.5861267823129239
-0.602635052154195
-0.5262635034013599
-0.7285314104308398
-0.6903456360544222
-0.4664002244897958
-0.4746543594104313
-0.8079878594104315
-1.14132135941043
-1.2656752675736946
-1.3900291757369612
-1.3982833106575967
-1.3976372188208614
-1.3969911269841262
-1.3969911269841262
-1.3963450351473927
-1.3956989433106575
-1.3956989433106575
-1.395052851473924
-1.3944067596371887
-1.3944067596371887
-1.3937606678004535
-1.4163345306122448
-1.4156884387755095
-1.4150423469387743
-1.4150423469387743
-1.4143962551020408
-1.4137501632653056
-1.4137501632653056
-1.413104071428572
-1.412457979591835
-1.412457979591835
-1.4118118877551034
-1.411165795918368
-1.4105197040816329
-1.4098736122448976
-1.4098736122448976
-1.409227520408166
-1.408581428571427
-1.408581428571427
-1.4079353367346918
-1.4072892448979601
-1.4072892448979601
-1.406643153061225
-1.4059970612244896
-1.4053509693877544
-1.4047048775510227
-1.4047048775510227
-1.4040587857142874
-1.4034126938775486
-1.4034126938775486
-1.402766602040817
-1.4021205102040817
-1.4021205102040817
-1.4014744183673464
-1.4008283265306112
-1.400182234693876
-1.3995361428571442
-1.3995361428571442
-1.398890051020409
-1.3982439591836737
-1.3982439591836737
-1.3975978673469385
-1.3969517755102032
-1.3969517755102032
-1.3963056836734715
-1.3956595918367327
-1.395013500000001
-1.3943674081632658
-1.3943674081632658
-1.3937213163265305
-1.4162951791383236
-1.4162951791383236
-1.4156490873015848
-1.415002995464853
-1.415002995464853
-1.4143569036281178
-0.9493117188208622
-0.9480195351473952
-0.9480195351473952
-0.9480195351473952
-0.9480195351473952
-0.9467273514739247
-0.9467273514739247
-0.9467273514739247
-0.9467273514739247
-0.9454351678004507
-0.9454351678004507
-0.9454351678004507
-0.9454351678004507
-0.9441429841269837
-0.9428508004535132
-0.9428508004535132
-0.9428508004535132
-0.9428508004535132
-0.9415586167800463
-0.9415586167800463
-0.9415586167800463
-0.9415586167800463
-0.9402664331065758
-0.9402664331065758
-0.9402664331065758
-0.9402664331065758
-0.9389742494331053
-0.9376820657596383
-0.9376820657596383
-0.9376820657596383
-0.9376820657596383
-0.9363898820861678
-0.9363898820861678
-0.9363898820861678
-0.9363898820861678
-0.9350976984127009
-0.9350976984127009
-0.9350976984127009
-0.9350976984127009
-0.9338055147392303
-0.9325133310657598
-0.9325133310657598
-0.9325133310657598
-0.9325133310657598
-0.9312211473922893
-0.9312211473922893
-0.9312211473922893
-0.9312211473922893
-0.9299289637188188
-0.9299289637188188
-0.9299289637188188
-0.9299289637188188
-0.9518567346938767
-0.9492723673469392
-0.9492723673469392
