OnSet desviation
0
-1.0216780045351475
-0.9984580498866209
-1.021678004535147
-0.9984580498866213
-0.8591383219954647
-0.8126984126984129
-0.835918367346939
-0.6037188208616788
-0.6733786848072558
-0.6269387755102045
-0.5572789115646266
-0.5108390022675744
-0.5108390022675735
-0.3947392290249425
-0.3947392290249425
-0.13931972789115576
-0.13931972789115576
-0.1857596371882071
-0.18575963718820887
-0.25541950113378675
-0.2786394557823133
-0.3018594104308381
-0.41795918367346907
-0.5572789115646248
-0.5572789115646248
-0.5572789115646248
-0.5572789115646248
-0.5572789115646248
-0.5804988662131514
-0.5804988662131514
-0.6965986394557806
-0.6965986394557824
-0.6965986394557824
-0.9984580498866205
-0.9984580498866205
-0.9984580498866205
-0.9984580498866205
-0.9984580498866205
-0.9984580498866222
-0.9984580498866205
-0.9984580498866205
-0.9984580498866205
-0.9984580498866205
-0.9984580498866205
-0.9984580498866205
-0.9984580498866205
-0.9984580498866205
-1.1145578231292514
-1.1145578231292514
-1.1145578231292514
-1.1145578231292497
-1.1145578231292497
-1.1145578231292514
-1.1145578231292514
-1.1145578231292514
-1.5325170068027223
-1.5325170068027187
-1.5325170068027205
-1.5557369614512488
-1.5557369614512488
-1.5557369614512488
-1.5557369614512488
-1.5557369614512488
-1.5557369614512488
-1.5557369614512488
-1.5557369614512488
-1.5789569160997772
-1.5789569160997736
-1.5789569160997736
-1.5789569160997772
-1.5789569160997772
-1.5789569160997736
-1.5789569160997736
-1.5789569160997736
-1.5789569160997736
-1.5789569160997772
-1.5789569160997772
-1.5789569160997736
-1.5789569160997736
-1.5789569160997772
-1.5789569160997736
-1.5789569160997736
-1.5789569160997736
-1.5789569160997736
-1.5789569160997736
-1.5789569160997736
-1.5789569160997772
-1.5789569160997772
-1.5789569160997736
-1.5325170068027205
-1.6253968253968267
-1.6253968253968267
-1.6253968253968267
-1.6253968253968267
-1.6253968253968267
-1.6253968253968267
-1.6253968253968267
-1.6253968253968267
-1.9504761904761914
-1.9504761904761914
-1.9504761904761914
-1.9504761904761914
-1.9504761904761914
-1.9504761904761914
-1.9504761904761914
-1.9504761904761914
-1.9504761904761914
-2.0201360544217692
-2.0201360544217692
-2.0201360544217692
-2.0201360544217692
-2.229115646258503
-2.229115646258503
-2.229115646258503
-2.229115646258503
-2.4148752834467153
-2.4148752834467118
-2.4148752834467118
-2.4148752834467118
-2.4148752834467118
-2.4148752834467153
-2.4148752834467153
-2.4148752834467153
-2.4148752834467153
-2.4148752834467118
-2.4148752834467118
-2.4148752834467118
-2.4148752834467118
-2.7167346938775516
-2.7167346938775516
-2.7167346938775516
-2.7167346938775516
-2.7167346938775516
-2.7167346938775516
-2.7167346938775516
-2.7167346938775516
-2.7167346938775516
-2.7167346938775516
-2.7167346938775516
-2.7167346938775516
-2.7167346938775516
-2.995374149659863
-2.995374149659863
-2.995374149659863
