OnSet desviation
0
-0.905578231292517
-1.021678004535147
-1.1377777777777776
-1.160997732426304
-1.2538775510204077
-1.346757369614512
-1.3467573696145125
-1.2306575963718824
-1.3699773242630382
-1.369977324263039
-1.3467573696145134
-1.4396371882086179
-1.6253968253968258
-1.5789569160997718
-1.6486167800453515
-1.5557369614512453
-1.6021768707482984
-1.7182766439909294
-1.7182766439909294
-1.671836734693878
-1.671836734693878
-1.6486167800453515
-1.6486167800453515
-1.7647165532879807
-1.7647165532879807
-1.7647165532879825
-1.7647165532879825
-1.7647165532879807
-1.7879365079365073
-1.7879365079365073
-1.9040362811791365
-1.9040362811791383
-1.9040362811791383
-1.9040362811791365
-1.9040362811791365
-1.9040362811791383
-1.9040362811791383
-1.9040362811791383
-1.9040362811791383
-1.9040362811791383
-1.9040362811791383
-1.9040362811791365
-1.9040362811791383
-1.9040362811791383
-1.9040362811791365
-1.90403628117914
-1.9040362811791383
-2.0201360544217675
-2.0201360544217675
-2.0201360544217675
-2.0201360544217692
-2.0201360544217692
-2.0201360544217675
-2.0201360544217675
-2.0201360544217675
-2.020136054421771
-2.0201360544217675
-2.0201360544217692
-2.043356009070294
-2.043356009070294
-2.0433560090702976
-2.0433560090702976
-2.0433560090702976
-2.043356009070294
-2.0433560090702976
-2.0433560090702976
-2.0433560090702976
-2.043356009070294
-2.0433560090702976
-2.0433560090702976
-2.0433560090702976
-2.043356009070294
-2.043356009070294
-2.043356009070294
-2.0433560090702976
-2.0433560090702976
-2.0433560090702976
-2.043356009070294
-2.0433560090702976
-2.0433560090702976
-2.043356009070294
-2.043356009070294
-2.043356009070294
-2.043356009070294
-2.043356009070294
-2.0433560090702976
-2.0433560090702976
-2.0433560090702976
-2.043356009070294
-2.461315192743765
-2.461315192743765
-2.461315192743765
-2.461315192743765
-2.461315192743765
-2.461315192743765
-2.461315192743765
-2.461315192743765
-2.461315192743765
-2.461315192743765
-2.461315192743765
-2.461315192743765
-2.461315192743765
-2.461315192743765
-2.461315192743765
-2.461315192743765
-2.461315192743765
-2.461315192743765
-2.461315192743765
-2.461315192743765
-2.461315192743765
-2.461315192743765
-2.6702947845804985
-2.6702947845804985
-2.6702947845804985
-2.6702947845804985
-2.670294784580502
-2.6702947845804985
-2.6702947845804985
-2.6702947845804985
-2.6702947845804985
-2.670294784580502
-2.670294784580502
-2.670294784580502
-2.670294784580502
-2.6702947845804985
-2.6702947845804985
-2.6702947845804985
-2.6702947845804985
-2.6702947845804985
-2.670294784580502
-2.670294784580502
-2.670294784580502
-2.670294784580502
-2.6702947845804985
-2.6702947845804985
-2.6702947845804985
-2.6702947845804985
-2.670294784580502
-2.670294784580502
-2.670294784580502
-2.670294784580502
-2.6702947845804985
-2.6702947845804985
-2.6702947845804985
