OnSet desviation
0
0.16925136734693869
-0.1723362675736959
-0.21206449206349198
-0.4143323990929706
-0.2683009863945576
-0.5866686666666667
-0.6031769365079365
-0.596465251700681
-0.7522932494331069
-0.838461383219955
-0.9014095623582774
-1.1036774693877565
-1.2595054671201806
-1.2295738276643977
-1.2228621428571422
-1.332250231292516
-1.3405043662131515
-1.232658727891156
-1.2409128628117916
-1.5278064535147404
-1.8611399535147388
-1.962273907029477
-2.0866278151927435
-2.2109817233560083
-2.210335631519273
-2.2096895396825396
-2.2096895396825396
-2.2090434478458043
-2.2316173106575956
-2.2316173106575956
-2.3470709920634913
-2.346424900226758
-2.346424900226758
-2.345778808390021
-2.368352671201812
-2.3677065793650787
-2.3670604875283434
-2.3670604875283434
-2.36641439569161
-2.3657683038548747
-2.3657683038548747
-2.3651222120181394
-2.364476120181404
-2.364476120181404
-2.3638300283446707
-2.363183936507939
-2.362537844671202
-2.477991526077096
-2.477991526077096
-2.4773454342403642
-2.476699342403627
-2.476699342403627
-2.47605325056689
-2.4754071587301585
-2.4754071587301585
-2.474761066893427
-2.474114975056688
-2.4734688832199545
-2.4960427460317476
-2.4960427460317476
-2.495396654195016
-2.494750562358277
-2.494750562358277
-2.494104470521542
-2.49345837868481
-2.49345837868481
-2.492812286848075
-2.492166195011336
-2.4915201031746044
-2.4908740113378727
-2.4908740113378727
-2.490227919501134
-2.4895818276643986
-2.4895818276643986
-2.488935735827667
-2.4882896439909317
-2.4882896439909317
-2.4876435521541964
-2.486997460317461
-2.4863513684807295
-2.4857052766439907
-2.4857052766439907
-2.4850591848072554
-2.5076330476190485
-2.5076330476190485
-2.5069869557823132
-2.5063408639455815
-2.5063408639455815
-2.5056947721088427
-2.458608770975058
-2.457316587301591
-2.457316587301591
-2.457316587301591
-2.457316587301591
-2.4560244036281205
-2.4560244036281205
-2.4560244036281205
-2.4560244036281205
-2.4547322199546464
-2.4547322199546464
-2.4547322199546464
-2.4547322199546464
-2.4534400362811795
-2.452147852607709
-2.452147852607709
-2.452147852607709
-2.452147852607709
-2.450855668934242
-2.450855668934242
-2.450855668934242
-2.450855668934242
-2.658543077097505
-2.658543077097505
-2.658543077097505
-2.658543077097505
-2.657250893424038
-2.6559587097505677
-2.6559587097505677
-2.6559587097505677
-2.6559587097505677
-2.6546665260771007
-2.6546665260771007
-2.6546665260771007
-2.6546665260771007
-2.6533743424036302
-2.6533743424036302
-2.6533743424036302
-2.6533743424036302
-2.6520821587301597
-2.650789975056693
-2.650789975056693
-2.650789975056693
-2.650789975056693
-2.6494977913832187
-2.6494977913832187
-2.6494977913832187
-2.6494977913832187
-2.6482056077097518
-2.6482056077097518
-2.6482056077097518
-2.6482056077097518
-2.670133378684806
-2.6675490113378686
-2.6675490113378686
