OnSet desviation
0
-1.0681179138321997
-0.928798185941043
-0.8359183673469386
-0.7894784580498864
-0.5572789115646262
-0.41795918367346996
-0.4411791383219956
-0.3250793650793655
-0.25541950113378675
-0.20897959183673454
-0.16253968253968232
-0.023219954648525665
0.1625396825396832
0.2321995464852602
0.30185941043083986
0.4643990929705204
0.5108390022675735
0.5804988662131532
0.5804988662131514
0.4643990929705222
0.4411791383219956
0.3947392290249443
0.2786394557823133
0.25541950113378675
0.25541950113378675
0.25541950113378853
0.25541950113378853
0.25541950113378675
0.25541950113378675
0.25541950113378675
0.25541950113378675
0.25541950113378675
0.25541950113378675
-0.046439909297053106
-0.046439909297053106
-0.04643990929705133
-0.04643990929705133
-0.04643990929705133
-0.046439909297053106
-0.04643990929705133
-0.04643990929705133
-0.046439909297053106
-0.04643990929705133
-0.04643990929705133
-0.046439909297053106
-0.04643990929704955
-0.04643990929705133
-0.046439909297053106
-0.046439909297053106
-0.046439909297053106
-0.04643990929704955
-0.04643990929704955
-0.046439909297053106
-0.046439909297053106
-0.046439909297053106
-0.4643990929705204
-0.4643990929705204
-0.4643990929705204
-0.46439909297052395
-0.46439909297052395
-0.4643990929705204
-0.4643990929705204
-0.4643990929705204
-0.46439909297052395
-0.4643990929705204
-0.4643990929705204
-0.48761904761904873
-0.48761904761904873
-0.4876190476190452
-0.48761904761904873
-0.48761904761904873
-0.48761904761904873
-0.48761904761904873
-0.48761904761904873
-0.4876190476190452
-0.48761904761904873
-0.48761904761904873
-0.48761904761904873
-0.4876190476190452
-0.48761904761904873
-0.48761904761904873
-0.48761904761904873
-0.48761904761904873
-0.48761904761904873
-0.48761904761904873
-0.4876190476190452
-0.48761904761904873
-0.48761904761904873
-0.48761904761904873
-0.023219954648524777
-0.11609977324263099
-0.11609977324263099
-0.11609977324263099
-0.11609977324263099
-0.11609977324263099
-0.11609977324263099
-0.11609977324263099
-0.11609977324263099
-0.4411791383219956
-0.4411791383219956
-0.4411791383219956
-0.4411791383219956
-0.4411791383219956
-0.4411791383219956
-0.4411791383219956
-0.4411791383219956
-0.4411791383219956
-0.5108390022675735
-0.5108390022675735
-0.5108390022675735
-0.5108390022675735
-0.5108390022675735
-0.5108390022675735
-0.5108390022675735
-0.5108390022675735
-0.6965986394557824
-0.6965986394557824
-0.6965986394557824
-0.6965986394557824
-0.6965986394557824
-0.6965986394557824
-0.6965986394557824
-0.6965986394557824
-0.6965986394557824
-0.6965986394557824
-0.6965986394557824
-0.6965986394557824
-0.6965986394557824
-0.9984580498866222
-0.9984580498866187
-0.9984580498866187
-0.9984580498866187
-0.9984580498866187
-0.9984580498866222
-0.9984580498866222
-0.9984580498866222
-0.9984580498866222
-0.9984580498866187
-0.9984580498866187
-0.9984580498866187
-0.9984580498866187
-1.2770975056689338
-1.2770975056689338
-1.2770975056689338
