OnSet desviation
0
-0.8823582766439909
-0.8591383219954647
-0.7662585034013607
-0.6733786848072563
-0.5804988662131523
-0.30185941043083897
-0.3482993197278912
-0.25541950113378764
-0.09287981859410444
-0.09287981859410532
0.25541950113378675
0.18575963718820887
0.30185941043083986
0.4643990929705222
0.650158730158731
0.6965986394557824
0.650158730158731
0.6037188208616797
0.6037188208616779
0.5572789115646266
0.3947392290249443
0.3947392290249425
0.25541950113378675
0.25541950113378675
0.18575963718821065
0.046439909297053106
0.046439909297053106
0.04643990929705133
0.04643990929705133
0.04643990929705133
0.046439909297053106
-0.5108390022675717
-0.5108390022675717
-0.8359183673469417
-0.905578231292516
-1.091337868480725
-1.0913378684807284
-1.0913378684807284
-1.0913378684807284
-1.5325170068027205
-1.5325170068027205
-1.6486167800453515
-1.648616780045355
-1.648616780045355
-1.927256235827663
-1.9272562358276666
-2.0665759637188224
-2.252335600907031
-2.252335600907031
-2.321995464852609
-2.321995464852609
-2.321995464852609
-2.321995464852609
-2.7167346938775516
-2.7167346938775516
-3.065034013605441
-3.1346938775510225
-3.459773242630387
-3.575873015873018
-3.575873015873018
-3.6687528344671207
-3.6687528344671207
-3.6687528344671207
-3.738412698412702
-3.9241723356009075
-3.9241723356009075
-5.619229024943312
-5.619229024943312
-5.619229024943309
-5.68888888888889
-5.68888888888889
-5.68888888888889
-5.68888888888889
-5.68888888888889
-5.68888888888889
-5.526349206349206
-5.526349206349206
-5.363809523809525
-5.363809523809525
-5.38702947845805
-5.479909297052156
-5.479909297052156
-5.8514285714285705
-5.921088435374152
-5.921088435374152
-5.897868480725624
-5.897868480725627
-5.897868480725627
-5.9675283446712015
-6.1997278911564635
-6.130068027210886
-6.130068027210886
-6.130068027210886
-6.130068027210886
-6.130068027210886
-6.130068027210886
-6.130068027210886
-6.130068027210886
-5.1780498866213165
-5.1780498866213165
-5.1780498866213165
-5.1780498866213165
-5.503129251700678
-5.294149659863944
-5.294149659863944
-5.294149659863944
-5.294149659863944
-5.154829931972788
-5.154829931972788
-5.154829931972788
-5.154829931972788
-5.085170068027214
-5.085170068027214
-5.085170068027214
-5.085170068027214
-4.806530612244899
-4.5975510204081615
-4.5975510204081615
-4.5975510204081615
-4.5975510204081615
-4.156371882086173
-4.156371882086173
-4.156371882086173
-4.156371882086173
-4.156371882086166
-4.156371882086166
-4.156371882086166
-4.156371882086166
-4.411791383219956
-4.109931972789113
-4.109931972789113
-4.109931972789113
-4.109931972789113
-3.8312925170068013
-3.8312925170068013
-3.8312925170068013
-3.8312925170068013
-3.506213151927433
-3.506213151927433
-3.506213151927433
-3.506213151927433
-3.6919727891156455
-2.0201360544217692
-2.0201360544217692
