OnSet desviation
0
-0.7198185941043083
-0.7430385487528341
-0.6965986394557819
-0.7894784580498868
-0.6733786848072558
-0.7894784580498868
-0.6501587301587302
-0.5804988662131514
-0.6269387755102036
-0.48761904761904695
-0.650158730158731
-0.5340589569161001
-0.3947392290249443
-0.41795918367346907
-0.4643990929705222
-0.4411791383219956
-0.30185941043083986
-0.2786394557823151
-0.2786394557823133
-0.30185941043083986
-0.41795918367347085
-0.41795918367346907
-0.37151927437641774
-0.4411791383219956
-0.3715192743764195
-0.41795918367346907
-0.41795918367346907
-0.48761904761904695
-0.48761904761904695
-0.48761904761904695
-0.48761904761904873
-0.4876190476190452
-0.4876190476190452
-0.4876190476190452
-0.5108390022675735
-0.48761904761904873
-0.5108390022675735
-0.5108390022675735
-0.51083900226757
-0.5108390022675735
-0.5108390022675735
-0.5108390022675735
-0.51083900226757
-0.51083900226757
-0.5108390022675735
-0.5108390022675735
-0.5108390022675735
-0.51083900226757
-0.51083900226757
-0.5572789115646266
-0.5572789115646266
-0.5572789115646266
-0.5572789115646231
-0.5572789115646266
-0.5572789115646266
-0.5804988662131514
-0.6269387755102009
-0.6037188208616762
-0.5804988662131514
-0.5804988662131514
-0.5572789115646266
-0.5572789115646231
-0.5572789115646231
-0.5572789115646231
-0.5572789115646266
-0.5572789115646266
-0.6037188208616762
-0.6037188208616762
-0.6733786848072576
-0.789478458049885
-0.789478458049885
-0.8823582766439912
-0.8823582766439877
-0.8823582766439877
-0.8823582766439912
-0.8823582766439912
-0.8823582766439912
-0.8359183673469346
-0.8126984126984134
-0.6733786848072576
-0.5572789115646231
-0.5572789115646231
-0.5572789115646266
-0.27863945578231153
-0.27863945578231153
-0.3018594104308363
-0.3018594104308363
-0.3018594104308363
-0.5572789115646266
-0.5572789115646231
-0.37151927437641774
-0.37151927437641774
-0.37151927437641774
-0.37151927437641774
-0.3715192743764142
-0.3715192743764142
-0.3715192743764142
-0.3715192743764142
-0.4876190476190452
-0.4876190476190452
-0.4876190476190452
-0.4876190476190452
-0.23219954648526198
-0.5340589569160983
-0.5340589569160983
-0.5340589569160983
-0.5340589569160983
-1.1609977324263028
-1.1609977324263028
-1.1609977324263028
-1.1609977324263028
-0.3947392290249425
-0.3947392290249425
-0.3947392290249425
-0.3947392290249425
-0.3947392290249425
-0.6269387755102045
-0.6269387755102045
-0.6269387755102045
-0.6269387755102045
-0.5804988662131478
-0.5804988662131478
-0.5804988662131478
-0.5804988662131478
-0.5572789115646302
-0.5572789115646302
-0.5572789115646302
-0.5572789115646302
-0.5340589569160983
-0.5108390022675735
-0.5108390022675735
-0.5108390022675735
-0.5108390022675735
-0.4179591836734673
-0.4179591836734673
-0.4179591836734673
-0.4179591836734673
-0.4179591836734673
-0.4179591836734673
-0.4179591836734673
-0.4179591836734673
-0.4179591836734673
0.4179591836734744
0.4179591836734744
