OnSet desviation
0
0.4478908231292519
0.5242623718820865
0.7399536485260771
0.7466653333333331
1.0552364285714289
0.9922882494331065
1.231199480725624
1.4004508480725626
1.5464822607709756
1.73895358276644
1.9082049501133778
1.8452567709750554
2.1073879569160994
2.1837595056689345
2.3994507823129254
2.29006269387755
2.5140081054421763
2.552193879818592
2.5439397448979584
2.419585836734692
2.1559122006802713
2.1476580657596376
2.0465241122448976
1.9918300680272107
1.9924761598639442
1.8073626145124724
1.8073626145124724
1.738348842403628
1.7389949342403614
1.7389949342403614
1.7396410260770967
1.7402871179138337
1.7402871179138337
1.740933209750569
1.6486994829931998
1.4868058922902492
1.4642320294784579
1.4642320294784579
1.464878121315195
1.4655242131519284
1.4655242131519284
1.4661703049886619
1.4668163968254007
1.4668163968254007
1.4674624886621324
1.468108580498864
1.3294349444444435
1.1443213990929735
1.1443213990929735
1.0288677176870742
1.0295138095238094
1.0295138095238094
1.0301599013605482
1.03080599319728
1.03080599319728
1.0082321303854869
0.9159984036281195
0.8005447222222237
0.7083109954648528
0.7083109954648528
0.6392972233560066
0.6399433151927489
0.6399433151927489
0.6405894070294806
0.6412354988662123
0.6412354988662123
0.595441681405898
0.5960877732426333
0.5270740011337871
0.3419604557823135
0.3419604557823135
0.24972672902494253
0.25037282086168133
0.25037282086168133
0.25101891269841303
0.2516650045351483
0.2516650045351483
0.25231109637188354
0.20651727891156568
0.20716337074829738
0.2078094625850362
0.2078094625850362
0.20845555442177144
0.4645211473922899
0.4645211473922899
0.4651672392290287
0.4658133310657604
0.4658133310657604
0.46645942290249565
0.4671055147392309
0.7238171995464846
0.7238171995464846
0.7238171995464846
0.7238171995464846
0.7251093832199551
0.7251093832199551
0.7251093832199551
0.7251093832199551
2.073158936507941
2.073158936507941
2.073158936507941
2.073158936507941
2.3298706213151945
2.331162804988665
2.331162804988665
2.331162804988665
2.331162804988665
2.332454988662132
2.332454988662132
2.332454988662132
2.332454988662132
3.1696655396825406
3.1696655396825406
3.1696655396825406
3.1696655396825406
3.6817967256235846
3.6830889092970516
3.6830889092970516
3.6830889092970516
3.6830889092970516
4.172000140589571
4.172000140589571
4.172000140589571
4.172000140589571
4.1965122789115625
4.1965122789115625
4.1965122789115625
4.1965122789115625
4.91762305668934
5.243994605442175
5.243994605442175
5.243994605442175
5.243994605442175
5.616806063492064
5.616806063492064
5.616806063492064
5.616806063492064
6.662996206349209
6.662996206349209
6.662996206349209
6.662996206349209
6.641068435374152
9.987326272108845
9.987326272108845
