OnSet desviation
0
-0.673378684807256
-0.6733786848072558
-0.5340589569160996
-0.5340589569161001
-0.32507936507936463
-0.16253968253968232
-0.06965986394557788
0.09287981859410444
0.20897959183673542
0.3482993197278912
0.5340589569160983
0.5804988662131514
0.8359183673469381
0.9752380952380957
1.1145578231292514
1.1842176870748293
1.2770975056689338
1.2538775510204072
1.2538775510204072
1.1842176870748293
0.905578231292516
0.905578231292516
0.8126984126984116
0.7430385487528337
0.7430385487528337
0.5572789115646266
0.5572789115646266
0.48761904761904695
0.48761904761904695
0.48761904761904695
0.48761904761904695
-0.06965986394557433
-0.06965986394557433
-0.3947392290249425
-0.4876190476190452
-0.6501587301587293
-0.6733786848072576
-0.6733786848072576
-0.673378684807254
-1.1145578231292497
-1.1145578231292497
-1.2306575963718807
-1.2306575963718807
-1.2306575963718807
-1.5092970521541922
-1.5092970521541957
-1.6486167800453515
-1.8343764172335568
-1.8343764172335568
-1.9504761904761914
-1.9504761904761914
-1.9504761904761914
-1.9504761904761878
-2.345215419501134
-2.345215419501134
-2.716734693877548
-2.832834467120179
-3.134693877551019
-3.227573696145125
-3.227573696145125
-3.297233560090703
-3.2972335600906995
-3.2972335600906995
-3.366893424036281
-3.5526530612244898
-3.5526530612244898
-5.294149659863944
-5.294149659863944
-5.363809523809522
-5.549569160997731
-5.549569160997731
-5.642448979591837
-5.642448979591833
-5.642448979591833
-5.642448979591837
-5.479909297052153
-5.479909297052153
-5.270929705215416
-5.247709750566894
-5.131609977324263
-5.108390022675735
-5.108390022675735
-5.479909297052153
-5.270929705215419
-5.270929705215419
-5.270929705215416
-5.270929705215419
-5.270929705215419
-5.596009070294784
-5.828208616780042
-5.572789115646259
-5.572789115646259
-5.572789115646259
-5.572789115646259
-5.5727891156462555
-5.5727891156462555
-5.5727891156462555
-5.5727891156462555
-4.736870748299317
-4.736870748299317
-4.736870748299317
-4.736870748299317
-4.806530612244895
-4.899410430838998
-4.899410430838998
-4.899410430838998
-4.899410430838998
-5.387029478458047
-5.387029478458047
-5.387029478458047
-5.387029478458047
-4.551111111111112
-4.551111111111112
-4.551111111111112
-4.551111111111112
-4.272471655328797
-4.295691609977322
-4.295691609977322
-4.295691609977322
-4.295691609977322
-3.8080725623582765
-3.8080725623582765
-3.8080725623582765
-3.8080725623582765
-3.7848526077097517
-3.7848526077097517
-3.7848526077097517
-3.7848526077097517
-4.017052154195014
-3.6919727891156455
-3.6919727891156455
-3.6919727891156455
-3.6919727891156455
-3.320453514739228
-3.320453514739228
-3.320453514739228
-3.320453514739228
-2.9953741496598596
-2.9953741496598596
-2.9953741496598596
-2.9953741496598596
-3.181133786848072
-0.673378684807254
-0.673378684807254
