OnSet desviation
0
-0.7430385487528344
-0.7662585034013607
-0.5804988662131518
-0.6733786848072563
-0.6269387755102045
-0.6269387755102045
-0.18575963718820976
-0.48761904761904784
-0.3482993197278912
-0.32507936507936463
-0.2786394557823133
-0.04643990929705133
-1.7763568394002505e-15
-1.7763568394002505e-15
0.11609977324263099
0.11609977324263099
0.046439909297053106
0.09287981859410444
0.13931972789115576
0.11609977324263099
0.06965986394557788
0.06965986394557788
0.06965986394557788
0.06965986394557788
0.06965986394557788
0.06965986394557788
0.06965986394557788
0.06965986394557788
0.06965986394557788
0.06965986394557788
0.06965986394557788
-0.046439909297053106
-0.046439909297053106
-0.11609977324263099
-0.11609977324263099
-0.11609977324263099
-0.11609977324263099
-0.11609977324263099
-0.11609977324263099
-0.25541950113378675
-0.25541950113378675
-0.2786394557823151
-0.37151927437641774
-0.37151927437641774
-0.18575963718820887
-0.18575963718820887
-0.18575963718820887
-0.18575963718820887
-0.18575963718820887
-0.18575963718820887
-0.18575963718820887
-0.18575963718820887
-0.18575963718820887
-0.30185941043083986
-0.30185941043083986
-0.5108390022675735
-0.5108390022675735
-0.5108390022675735
-0.5108390022675735
-0.5108390022675735
-0.5108390022675735
-0.5108390022675735
-0.5108390022675735
-0.5108390022675735
-0.5340589569160983
-0.5340589569160983
-0.6269387755102045
-0.6269387755102045
-0.6269387755102045
-0.6269387755102045
-0.6269387755102045
-0.6269387755102045
-0.6269387755102045
-0.6269387755102045
-0.6269387755102045
-0.6965986394557824
-0.6965986394557824
-0.8126984126984134
-0.8126984126984134
-0.8126984126984134
-0.8126984126984134
-0.8126984126984134
-0.8126984126984098
-0.8126984126984134
-0.8126984126984134
-1.021678004535147
-1.021678004535147
-1.021678004535147
-1.0216780045351506
-1.3931972789115648
-0.905578231292516
-0.905578231292516
-0.905578231292516
-0.905578231292516
-0.905578231292516
-0.905578231292516
-0.905578231292516
-0.905578231292516
-0.7198185941043072
-0.7198185941043072
-0.7198185941043072
-0.7198185941043072
-0.7198185941043107
-0.673378684807254
-0.673378684807254
-0.673378684807254
-0.673378684807254
-0.6733786848072612
-0.6733786848072612
-0.6733786848072612
-0.6733786848072612
-0.673378684807254
-0.673378684807254
-0.673378684807254
-0.673378684807254
-1.2306575963718842
-1.3235374149659904
-1.3235374149659904
-1.3235374149659904
-1.3235374149659904
-1.3235374149659833
-1.3235374149659833
-1.3235374149659833
-1.3235374149659833
-1.3235374149659904
-1.3235374149659904
-1.3235374149659904
-1.3235374149659904
-1.36997732426304
-1.3931972789115648
-1.3931972789115648
-1.3931972789115648
-1.3931972789115648
-1.3931972789115648
-1.3931972789115648
-1.3931972789115648
-1.3931972789115648
-1.3931972789115648
-1.3931972789115648
-1.3931972789115648
-1.3931972789115648
-1.36997732426304
-1.021678004535147
-1.021678004535147
