OnSet desviation
0
-0.6501587301587299
-0.30185941043083897
0.09287981859410444
0.20897959183673454
0.5340589569160992
0.6501587301587302
1.3003174603174594
1.2306575963718815
1.5325170068027214
1.7879365079365073
2.1130158730158737
2.5309750566893428
2.7399546485260764
2.9257142857142853
3.2740136054421765
3.3204535147392296
3.529433106575963
3.482993197278912
3.482993197278912
3.4597732426303853
3.366893424036281
3.366893424036281
3.366893424036281
3.366893424036279
3.366893424036281
3.366893424036281
3.366893424036281
3.366893424036279
3.3668934240362827
3.3668934240362827
3.366893424036281
2.8792743764172357
2.8792743764172357
2.6006349206349206
2.6006349206349206
2.6006349206349206
2.6006349206349206
2.6006349206349206
2.2987755102040808
2.321995464852609
2.321995464852609
1.9736961451247161
1.9736961451247161
1.9736961451247161
1.9736961451247161
1.9736961451247161
1.9736961451247161
1.9736961451247161
1.9736961451247161
1.9736961451247161
1.9736961451247161
1.9736961451247161
1.9736961451247161
1.486077097505671
1.486077097505671
0.9520181405895691
0.9287981859410408
0.9287981859410444
0.9287981859410444
0.9287981859410444
0.9287981859410408
0.9287981859410444
0.9287981859410444
0.9287981859410444
0.6037188208616797
0.6037188208616797
0.32507936507936463
0.25541950113378675
0.25541950113378675
0.25541950113378675
0.25541950113378675
0.25541950113378675
0.25541950113378675
0.25541950113378675
0.25541950113378675
-0.046439909297053106
-0.046439909297053106
-0.37151927437641774
-0.37151927437641774
-0.37151927437641774
-0.37151927437641774
-0.37151927437641774
-0.3715192743764142
-0.37151927437641774
-0.37151927437641774
-0.37151927437641774
-0.37151927437641774
-0.37151927437641774
-0.37151927437641774
-0.37151927437641774
-0.34829931972789296
-0.34829931972789296
-0.34829931972789296
-0.34829931972789296
-0.3482993197278894
-0.3482993197278894
-0.3482993197278894
-0.3482993197278894
-0.4643990929705204
-0.4643990929705204
-0.4643990929705204
-0.4643990929705204
-0.46439909297052395
-0.6037188208616797
-0.6037188208616797
-0.6037188208616797
-0.6037188208616797
-0.8591383219954665
-0.8591383219954665
-0.8591383219954665
-0.8591383219954665
-0.8591383219954594
-0.8591383219954594
-0.8591383219954594
-0.8591383219954594
-1.1145578231292532
-1.2074376417233594
-1.2074376417233594
-1.2074376417233594
-1.2074376417233594
-1.2074376417233523
-1.2074376417233523
-1.2074376417233523
-1.2074376417233523
-1.2074376417233594
-1.2074376417233594
-1.2074376417233594
-1.2074376417233594
-1.602176870748302
-1.695056689342401
-1.695056689342401
-1.695056689342401
-1.695056689342401
-1.695056689342401
-1.695056689342401
-1.695056689342401
-1.695056689342401
-2.252335600907031
-2.252335600907031
-2.252335600907031
-2.252335600907031
-0.7662585034013603
-0.16253968253968765
-0.16253968253968765
