OnSet desviation
0
-0.7662585034013604
-0.39473922902494296
-0.18575963718820843
0.02321995464852611
0.30185941043083897
0.41795918367346996
0.6269387755102045
0.8591383219954647
1.021678004535148
1.2538775510204072
1.5325170068027223
1.7182766439909294
1.8808163265306135
2.0665759637188224
2.2987755102040808
2.345215419501134
2.6238548752834454
2.5309750566893428
2.4845351473922914
2.4845351473922896
2.4380952380952383
2.4380952380952365
2.4380952380952365
2.4380952380952348
2.4380952380952365
2.4380952380952365
2.4380952380952365
2.4380952380952348
2.4380952380952383
2.4380952380952383
2.4380952380952365
2.0665759637188224
2.0665759637188224
1.8575963718820852
1.8575963718820852
1.8575963718820852
1.8575963718820852
1.8575963718820852
1.5557369614512453
1.7182766439909294
1.7182766439909294
1.3931972789115648
1.4860770975056674
1.4860770975056674
1.3003174603174585
1.3003174603174585
1.3003174603174585
1.3003174603174585
1.3003174603174585
1.3003174603174585
1.3003174603174585
1.3003174603174585
1.3003174603174585
0.9287981859410444
0.9287981859410444
0.6037188208616762
0.5804988662131478
0.5804988662131514
0.5804988662131514
0.5804988662131514
0.5804988662131478
0.5804988662131514
0.5804988662131514
0.5804988662131514
0.27863945578231153
0.27863945578231153
0.09287981859410266
0.023219954648524777
0.023219954648524777
0.023219954648524777
0.023219954648524777
0.023219954648524777
0.023219954648524777
0.023219954648524777
0.023219954648524777
-0.2089795918367372
-0.2089795918367372
-0.41795918367347085
-0.41795918367347085
-0.41795918367347085
-0.41795918367347085
-0.41795918367347085
-0.41795918367347085
-0.41795918367347085
-0.41795918367347085
-0.2089795918367372
-0.2089795918367372
-0.2089795918367372
-0.20897959183673365
0.16253968253968054
-0.3018594104308434
-0.3018594104308434
-0.3018594104308434
-0.3018594104308434
-0.30185941043083986
-0.30185941043083986
-0.30185941043083986
-0.30185941043083986
-0.6037188208616797
-0.6037188208616797
-0.6037188208616797
-0.6037188208616797
-0.6037188208616797
-0.7894784580498921
-0.7894784580498921
-0.7894784580498921
-0.7894784580498921
-1.0448979591836718
-1.0448979591836718
-1.0448979591836718
-1.0448979591836718
-1.0448979591836718
-1.0448979591836718
-1.0448979591836718
-1.0448979591836718
-0.7430385487528355
-0.7430385487528355
-0.7430385487528355
-0.7430385487528355
-0.7430385487528355
-0.7430385487528355
-0.7430385487528355
-0.7430385487528355
-0.7430385487528355
-0.7430385487528355
-0.7430385487528355
-0.7430385487528355
-0.7430385487528355
-1.0913378684807284
-1.1609977324263028
-1.1609977324263028
-1.1609977324263028
-1.1609977324263028
-1.1609977324263028
-1.1609977324263028
-1.1609977324263028
-1.1609977324263028
-1.718276643990933
-1.718276643990933
-1.718276643990933
-1.718276643990933
-0.25541950113378675
-7.105427357601002e-15
-7.105427357601002e-15
