OnSet desviation
0
-0.7662585034013605
-0.6965986394557828
-0.6733786848072563
-0.6269387755102045
-0.6269387755102036
-0.5340589569161001
-0.4643990929705213
-0.3947392290249425
-0.34829931972789296
-0.25541950113378853
-0.23219954648526198
-0.09287981859410444
-0.09287981859410444
-0.06965986394557788
0.023219954648526553
0.09287981859410266
0.09287981859410266
0.16253968253968054
0.16253968253968054
0.16253968253968054
0.20897959183673365
0.23219954648526198
0.25541950113378675
0.25541950113378675
0.25541950113378675
0.27863945578231153
0.27863945578231153
0.20897959183673365
0.20897959183673365
0.20897959183673365
0.20897959183673365
0.20897959183673365
0.20897959183673365
0.20897959183673365
0.20897959183673365
0.25541950113378675
0.2786394557823151
0.2786394557823151
0.2786394557823151
0.27863945578231153
0.27863945578231153
0.27863945578231153
0.27863945578231153
0.27863945578231153
0.23219954648525842
0.18575963718820887
0.2554195011337832
0.18575963718820887
0.18575963718820887
0.18575963718820887
0.18575963718820887
0.18575963718820887
0.18575963718820887
0.18575963718820532
0.18575963718820532
0.18575963718820887
0.18575963718820887
0.16253968253968054
0.16253968253968054
0.16253968253968054
0.1625396825396841
0.16253968253968054
0.16253968253968054
0.16253968253968054
0.16253968253968054
0.16253968253968054
0.1625396825396841
0.16253968253968054
0.11609977324262744
0.3018594104308363
0.3018594104308363
0.32507936507936463
0.32507936507936463
0.32507936507936463
0.32507936507936463
0.32507936507936463
0.32507936507936463
0.32507936507936463
0.32507936507936463
0.32507936507936463
0.32507936507936463
0.32507936507936463
0.32507936507936463
0.32507936507936463
0.32507936507936463
0.32507936507936463
0.32507936507936463
0.32507936507936463
0.32507936507936463
0.4411791383219956
0.046439909297053106
0.046439909297053106
0.046439909297053106
0.046439909297053106
0.04643990929704955
0.04643990929704955
0.04643990929704955
0.04643990929704955
0.046439909297053106
0.046439909297053106
0.046439909297053106
0.046439909297053106
0.04643990929704955
0.046439909297053106
0.046439909297053106
0.046439909297053106
0.046439909297053106
0.046439909297053106
0.046439909297053106
0.046439909297053106
0.046439909297053106
0.04643990929704955
0.04643990929704955
0.04643990929704955
0.04643990929704955
0.04643990929704955
0.04643990929705666
0.04643990929705666
0.04643990929705666
0.04643990929705666
0.04643990929705666
0.04643990929705666
0.04643990929705666
0.04643990929705666
0.04643990929705666
0.04643990929705666
0.04643990929705666
0.04643990929705666
0.09287981859410621
0.2089795918367372
0.2089795918367372
0.2089795918367372
0.2089795918367372
0.2089795918367372
0.2089795918367372
0.2089795918367372
0.2089795918367372
-0.3018594104308363
-0.3018594104308363
-0.3018594104308363
-0.3018594104308363
-0.18575963718820532
0.0
0.0
