OnSet desviation
0
0.5407706417233561
0.6403621451247168
1.1811327868480728
1.3271641995464853
1.891154795918367
2.03718620861678
2.4154171678004532
2.7704281723356
3.1254391768707483
3.410790317460318
3.8819010952380957
3.958272643990929
4.4293834217687085
4.691514607709751
5.0929655215419505
5.285436843537415
5.46294234580499
5.5011281201814075
5.492873985260772
5.484619850340136
5.476365715419503
5.468111580498867
5.459857445578232
5.474823265306124
5.475469357142858
5.383235630385489
5.383235630385489
5.360661767573697
5.361307859410431
5.361307859410431
5.361953951247168
5.362600043083901
5.362600043083901
5.363246134920637
5.340672272108845
5.271658500000001
5.132984863945579
5.132984863945579
5.110411001133787
5.111057092970524
5.111057092970524
5.111703184807258
5.112349276643993
5.112349276643993
5.112995368480728
5.090421505668932
4.951747869614515
4.929174006802722
4.929174006802722
4.929820098639457
4.930466190476192
4.930466190476192
4.931112282312927
4.931758374149663
4.931758374149663
4.932404465986394
4.863390693877552
4.74793701247166
4.748583104308391
4.748583104308391
4.749229196145123
4.749875287981865
4.749875287981865
4.750521379818597
4.751167471655329
4.751167471655329
4.751813563492064
4.752459655328803
4.660225928571432
4.475112383219955
4.475112383219955
4.452538520408165
4.4531846122449
4.4531846122449
4.453830704081632
4.454476795918371
4.454476795918371
4.455122887755103
4.455768979591838
4.456415071428573
4.457061163265308
4.457061163265308
4.457707255102044
4.4351333922902505
4.4351333922902505
4.435779484126986
4.436425575963721
4.436425575963721
4.437071667800456
4.437717759637188
4.833749172335601
4.833749172335601
4.833749172335601
4.833749172335601
4.8350413560090715
4.8350413560090715
4.8350413560090715
4.8350413560090715
4.836333539682542
4.836333539682542
4.836333539682542
4.836333539682542
4.8376257233560125
4.838917907029479
4.838917907029479
4.838917907029479
4.838917907029479
4.84021009070295
4.84021009070295
4.84021009070295
4.84021009070295
4.8415022743764204
4.8415022743764204
4.8415022743764204
4.8415022743764204
4.842794458049891
4.844086641723358
4.844086641723358
4.844086641723358
4.844086641723358
4.845378825396825
4.845378825396825
4.845378825396825
4.845378825396825
4.846671009070292
4.846671009070292
4.846671009070292
4.846671009070292
4.871183147392291
4.942135195011339
4.942135195011339
4.942135195011339
4.942135195011339
4.9434273786848095
4.9434273786848095
4.9434273786848095
4.9434273786848095
5.803857884353743
5.803857884353743
5.803857884353743
5.803857884353743
6.0837895238095285
6.179253709750569
6.179253709750569
