OnSet desviation
0
-0.8126984126984127
-0.6269387755102038
-0.5804988662131514
-0.41795918367346907
-0.2786394557823133
-0.2321995464852602
-0.13931972789115665
-0.046439909297053106
0.09287981859410444
0.16253968253968232
0.2786394557823133
0.32507936507936463
0.6037188208616779
0.6965986394557824
0.7662585034013603
0.8126984126984134
0.8591383219954665
0.7662585034013638
0.7662585034013638
0.6501587301587328
0.6269387755102045
0.37151927437641774
0.37151927437641774
0.37151927437641774
0.37151927437641774
0.4411791383219956
0.4411791383219956
0.41795918367347085
0.41795918367347085
0.41795918367347085
0.41795918367347085
0.41795918367347085
0.41795918367347085
0.41795918367347085
0.41795918367347085
0.37151927437641774
0.23219954648526198
0.23219954648526198
0.20897959183673365
0.2089795918367372
0.2089795918367372
0.2089795918367372
0.2089795918367372
0.2089795918367372
0.3018594104308434
0.32507936507936463
0.18575963718821242
0.1625396825396841
0.1625396825396841
0.1625396825396841
0.1625396825396841
0.1625396825396841
0.1625396825396841
0.1625396825396841
0.1625396825396841
0.1625396825396841
0.09287981859410621
0.04643990929705666
0.18575963718820887
0.18575963718820887
0.18575963718820887
0.18575963718821242
0.18575963718821242
0.18575963718821242
0.18575963718820887
0.18575963718820887
0.18575963718820887
0.18575963718821242
0.2554195011337903
0.09287981859410621
0.09287981859410621
0.06965986394558144
0.06965986394557788
0.06965986394557788
0.06965986394557788
0.06965986394558144
0.06965986394558144
0.06965986394558144
0.06965986394557788
0.11609977324263454
0.3250793650793682
0.3250793650793682
0.5108390022675735
0.5804988662131549
0.5804988662131549
0.5804988662131514
0.5804988662131549
0.5804988662131549
0.5804988662131549
0.5804988662131514
0.9752380952380975
0.9752380952380975
0.9752380952380975
0.9752380952380975
0.9752380952380975
0.9752380952380975
0.9752380952380975
0.9752380952380975
0.9752380952380975
0.9752380952380975
0.9752380952380975
0.9752380952380975
0.9752380952380975
0.9752380952380939
0.9752380952380939
0.9752380952380939
0.9752380952380939
0.9752380952380975
0.9752380952380975
0.9752380952380975
0.9752380952380975
0.9752380952380975
0.9752380952380975
0.9752380952380975
0.9752380952380975
0.975238095238101
0.9752380952380975
0.9752380952380975
0.9752380952380975
0.9752380952380975
0.9752380952380939
0.9752380952380939
0.9752380952380939
0.9752380952380939
0.9752380952380939
0.9752380952380939
0.9752380952380939
0.9752380952380939
1.0913378684807284
1.1609977324263099
1.1609977324263099
1.1609977324263099
1.1609977324263099
1.1609977324263028
1.1609977324263028
1.1609977324263028
1.1609977324263028
2.0201360544217692
2.0201360544217692
2.0201360544217692
2.0201360544217692
2.3219954648526127
2.4148752834467118
2.4148752834467118
