OnSet desviation
0
-0.7894784580498866
-0.5340589569161001
-0.4643990929705213
-0.25541950113378675
-0.1160997732426301
0.023219954648526553
0.18575963718820887
0.3482993197278912
0.5340589569160983
0.6965986394557806
0.8359183673469381
1.021678004535147
1.3003174603174603
1.4164172335600913
1.5789569160997736
1.6950566893424028
1.7414965986394542
1.7182766439909294
1.7182766439909294
1.6021768707482984
1.6253968253968232
1.3931972789115648
1.4164172335600895
1.4164172335600895
1.4164172335600895
1.5092970521541922
1.5092970521541922
1.4164172335600895
1.4164172335600895
1.4164172335600895
1.4164172335600895
1.4164172335600895
1.4164172335600895
1.4164172335600895
1.4164172335600895
1.4164172335600895
1.300317460317462
1.300317460317462
1.2770975056689338
1.2770975056689338
1.2770975056689338
1.2770975056689338
1.2770975056689338
1.2770975056689338
1.3235374149659869
1.3003174603174585
1.2306575963718807
1.137777777777778
1.137777777777778
1.137777777777778
1.137777777777778
1.137777777777778
1.137777777777778
1.1377777777777744
1.1377777777777744
1.137777777777778
1.0681179138322001
0.9984580498866222
1.1377777777777744
1.1377777777777744
1.137777777777778
1.137777777777778
1.137777777777778
1.137777777777778
1.1377777777777744
1.1377777777777744
1.137777777777778
1.137777777777778
1.1609977324263028
1.1842176870748276
1.1842176870748276
1.184217687074831
1.1842176870748276
1.1842176870748276
1.1842176870748276
1.184217687074831
1.184217687074831
1.184217687074831
1.1842176870748276
1.2306575963718842
1.4396371882086179
1.4396371882086179
1.6253968253968232
1.6950566893424046
1.6950566893424046
1.695056689342401
1.6950566893424046
1.6950566893424046
1.6950566893424046
1.811156462585032
1.8111564625850356
1.8111564625850356
1.8111564625850356
1.8111564625850356
1.811156462585032
1.811156462585032
1.811156462585032
1.811156462585032
1.8111564625850356
1.8111564625850356
1.8111564625850356
1.8111564625850356
1.811156462585032
1.811156462585032
1.811156462585032
1.811156462585032
1.811156462585032
1.8111564625850356
1.8111564625850356
1.8111564625850356
1.8111564625850356
1.811156462585032
1.811156462585032
1.811156462585032
1.811156462585032
1.8111564625850356
1.8111564625850392
1.8111564625850392
1.8111564625850392
1.8111564625850392
1.8111564625850356
1.8111564625850356
1.8111564625850356
1.8111564625850356
1.8111564625850356
1.8111564625850356
1.8111564625850356
1.8111564625850356
1.9736961451247197
2.159455782312932
2.159455782312932
2.159455782312932
2.159455782312932
2.159455782312925
2.159455782312925
2.159455782312925
2.159455782312925
2.507755102040818
2.507755102040818
2.507755102040818
2.507755102040818
2.9257142857142924
3.204353741496597
3.204353741496597
