OnSet desviation
0
-0.8823582766439909
-0.928798185941043
-0.8823582766439908
-0.8823582766439908
-0.8823582766439912
-0.9520181405895691
-0.9287981859410435
-0.9287981859410435
-0.8823582766439912
-1.0681179138322001
-0.9055782312925178
-0.9520181405895709
-0.7894784580498868
-0.8126984126984134
-0.7198185941043089
-0.6733786848072558
-0.5572789115646266
-0.5572789115646266
-0.5804988662131532
-0.5804988662131532
-0.5804988662131514
-0.6965986394557824
-0.6965986394557824
-0.6965986394557824
-0.7894784580498868
-0.7894784580498868
-0.7894784580498868
-0.7894784580498886
-0.789478458049885
-0.789478458049885
-0.7894784580498886
-0.7894784580498886
-0.7894784580498886
-0.789478458049885
-0.789478458049885
-0.789478458049885
-0.7894784580498886
-0.7894784580498886
-0.7894784580498886
-0.8591383219954629
-0.8591383219954629
-0.8823582766439912
-1.021678004535147
-1.021678004535147
-1.021678004535147
-1.021678004535147
-0.9520181405895691
-0.9287981859410444
-0.9287981859410444
-0.9287981859410444
-0.9287981859410408
-0.9287981859410408
-0.9287981859410444
-0.9287981859410444
-0.9287981859410444
-0.9984580498866187
-0.9984580498866222
-0.9984580498866222
-0.9984580498866222
-0.9984580498866222
-0.9984580498866222
-0.9984580498866222
-0.9984580498866222
-0.9984580498866222
-0.9984580498866187
-0.9984580498866187
-0.9984580498866222
-0.9984580498866222
-0.9984580498866187
-0.9984580498866222
-0.9984580498866222
-0.9984580498866222
-0.9984580498866222
-0.9984580498866222
-0.9984580498866222
-0.9984580498866222
-0.9984580498866222
-1.0216780045351506
-1.021678004535147
-0.9520181405895691
-0.9287981859410444
-0.9287981859410444
-0.9287981859410444
-0.9287981859410408
-0.9287981859410408
-0.9520181405895691
-0.9520181405895691
-0.9520181405895691
-0.9287981859410444
-0.5108390022675735
-0.9520181405895691
-0.9520181405895691
-0.9520181405895691
-0.9520181405895691
-0.9520181405895691
-0.9520181405895691
-0.9520181405895691
-0.9520181405895691
-1.0448979591836753
-1.0448979591836753
-1.0448979591836753
-1.0448979591836753
-1.021678004535147
-1.021678004535147
-1.021678004535147
-1.021678004535147
-1.021678004535147
-1.0216780045351506
-1.0216780045351506
-1.0216780045351506
-1.0216780045351506
-1.091337868480725
-1.091337868480725
-1.091337868480725
-1.091337868480725
-1.0913378684807284
-1.091337868480725
-1.091337868480725
-1.091337868480725
-1.091337868480725
-1.091337868480725
-1.091337868480725
-1.091337868480725
-1.091337868480725
-1.0913378684807284
-1.0913378684807284
-1.0913378684807284
-1.0913378684807284
-1.184217687074831
-1.1842176870748347
-1.1842176870748347
-1.1842176870748347
-1.1842176870748347
-1.1842176870748276
-1.1842176870748276
-1.1842176870748276
-1.1842176870748276
-1.0913378684807284
-1.0913378684807284
-1.0913378684807284
-1.0913378684807284
-1.0448979591836718
-1.1842176870748276
-1.1842176870748276
