OnSet desviation
0
-0.952018140589569
-0.7198185941043085
-0.8591383219954647
-0.7430385487528341
-0.6965986394557824
-0.5804988662131523
-0.5572789115646257
-0.5340589569160992
-0.48761904761904784
-0.3947392290249434
-0.4643990929705222
-0.3482993197278912
-0.3250793650793664
-0.3482993197278912
-0.41795918367347085
-0.5108390022675753
-0.48761904761904695
-0.48761904761904695
-0.4643990929705222
-0.4643990929705222
-0.6733786848072576
-0.7894784580498868
-0.7894784580498886
-0.7894784580498868
-0.7894784580498868
-0.7894784580498886
-0.7894784580498886
-0.7894784580498868
-0.7894784580498868
-0.7894784580498868
-0.7894784580498868
-0.7894784580498868
-0.7894784580498868
-0.8359183673469399
-0.8359183673469381
-0.8359183673469381
-0.8359183673469381
-0.8359183673469381
-0.8359183673469381
-0.8126984126984134
-0.8126984126984134
-0.789478458049885
-0.6501587301587293
-0.6501587301587293
-0.6501587301587293
-0.6501587301587293
-0.7430385487528319
-0.7662585034013603
-0.7662585034013603
-0.7662585034013603
-0.7662585034013603
-0.7662585034013603
-0.7662585034013603
-0.789478458049885
-0.789478458049885
-0.8823582766439912
-0.8823582766439877
-0.8823582766439912
-0.8823582766439912
-0.8823582766439912
-0.8823582766439877
-0.8823582766439912
-0.8823582766439912
-0.8823582766439912
-0.8823582766439912
-0.8823582766439912
-0.9520181405895691
-0.9520181405895691
-0.9520181405895691
-0.9520181405895656
-0.9520181405895656
-0.9520181405895691
-0.9520181405895691
-0.9520181405895691
-0.9520181405895656
-0.9520181405895691
-0.9520181405895691
-0.9752380952380939
-0.9752380952380939
-1.0448979591836718
-1.0216780045351435
-1.0216780045351435
-1.021678004535147
-1.021678004535147
-1.021678004535147
-0.9984580498866187
-1.021678004535147
-1.021678004535147
-1.021678004535147
-1.2306575963718807
-0.6733786848072576
-0.6733786848072576
-0.6733786848072576
-0.6733786848072576
-0.673378684807254
-0.673378684807254
-0.673378684807254
-0.673378684807254
-0.673378684807254
-0.673378684807254
-0.673378684807254
-0.673378684807254
-0.6733786848072576
-0.7430385487528319
-0.7430385487528319
-0.7430385487528319
-0.7430385487528319
-0.7430385487528319
-0.7430385487528319
-0.7430385487528319
-0.7430385487528319
-0.7430385487528355
-0.7430385487528355
-0.7430385487528355
-0.7430385487528355
-0.7430385487528319
-0.7430385487528355
-0.7430385487528355
-0.7430385487528355
-0.7430385487528355
-0.7430385487528319
-0.7430385487528319
-0.7430385487528319
-0.7430385487528319
-0.7430385487528319
-0.7430385487528319
-0.7430385487528319
-0.7430385487528319
-0.789478458049885
-0.7894784580498815
-0.7894784580498815
-0.7894784580498815
-0.7894784580498815
-0.789478458049885
-0.789478458049885
-0.789478458049885
-0.789478458049885
-0.8823582766439912
-0.8823582766439912
-0.8823582766439912
-0.8823582766439912
-0.8823582766439912
-0.5804988662131549
-0.5804988662131549
