OnSet desviation
0
0.3317910498866212
0.15274309750566917
0.36843437414965985
0.2590462857142857
0.5211774716553292
0.4117893832199542
0.511380886621315
0.4484327074829926
0.5480242108843534
0.4618560770975062
0.631107444444444
0.5681592653061216
0.5980909047619054
0.6048025895691609
0.7508340022675739
0.8039855963718825
0.8189514160997717
0.8339172358276628
0.825663100907029
0.8174089659863935
0.8323747857142862
1.0795401519274375
1.0712860170068037
1.086251836734693
1.0868979285714282
1.0875440204081634
1.0875440204081634
1.088190112244897
1.0888362040816304
1.0888362040816304
1.0894822959183674
1.090128387755101
1.090128387755101
1.1372143888888893
1.114640526077098
1.1152866179138314
1.1159327097505685
1.1159327097505685
1.116578801587302
1.1636648027210885
1.1636648027210885
1.164310894557822
1.1649569863945572
1.1649569863945572
1.1656030782312925
1.1662491700680242
1.1668952619047595
1.1675413537414983
1.1675413537414983
1.16818744557823
1.1688335374149652
1.1688335374149652
1.169479629251704
1.1933456757369605
1.1933456757369605
1.3565314501133763
1.3571775419501115
1.3578236337868503
1.358469725623582
1.358469725623582
1.3591158174603137
1.359761909297056
1.359761909297056
1.3604080011337878
1.3610540929705195
1.3610540929705195
1.4313600487528362
1.4320061405895714
1.4326522324263031
1.4332983242630348
1.4332983242630348
1.4339444160997736
1.4345905079365089
1.4345905079365089
1.4352365997732406
1.4358826916099794
1.4358826916099794
1.62228842063492
1.6229345124716552
1.623580604308387
1.4152471043083885
1.4152471043083885
1.2301335589569184
1.0450200136054413
1.0450200136054413
0.8599064682539677
0.7212328321995471
0.7212328321995471
0.6522190600907045
1.0940442902494318
1.8615949773242626
1.8615949773242626
1.8615949773242626
1.8615949773242626
1.8628871609977296
1.8628871609977296
1.8628871609977296
1.8628871609977296
2.0731589365079373
2.0731589365079373
2.0731589365079373
2.0731589365079373
2.0744511201814078
2.1454031678004526
2.1454031678004526
2.1454031678004526
2.1454031678004526
2.146695351473923
2.146695351473923
2.146695351473923
2.146695351473923
2.1479875351473936
2.1479875351473936
2.1479875351473936
2.1479875351473936
2.1492797188208606
2.150571902494331
2.150571902494331
2.150571902494331
2.150571902494331
2.151864086167798
2.151864086167798
2.151864086167798
2.151864086167798
2.1531562698412685
2.1531562698412685
2.1531562698412685
2.1531562698412685
2.293768181405895
2.2950603650793617
2.2950603650793617
2.2950603650793617
2.2950603650793617
2.296352548752836
2.296352548752836
2.296352548752836
2.296352548752836
2.622724097505671
2.622724097505671
2.622724097505671
2.622724097505671
2.600796326530613
2.603380693877554
2.603380693877554
