OnSet desviation
0
-0.9287981859410429
-0.7430385487528346
-0.8359183673469386
-0.719818594104308
-0.6733786848072567
-0.6269387755102045
-0.5804988662131523
-0.5572789115646257
-0.4643990929705222
-0.5572789115646266
-0.4643990929705222
-0.3947392290249443
-0.20897959183673542
-0.25541950113378675
-0.23219954648526198
-0.2786394557823133
-0.13931972789115576
-0.13931972789115576
-0.13931972789115754
-0.13931972789115754
-0.3482993197278912
-0.5804988662131514
-0.5804988662131532
-0.5804988662131514
-0.6733786848072558
-0.6733786848072576
-0.6733786848072576
-0.6733786848072576
-0.673378684807254
-0.673378684807254
-0.6733786848072576
-0.6733786848072576
-0.6733786848072576
-0.7198185941043072
-0.7198185941043072
-0.7198185941043072
-0.7198185941043107
-0.7198185941043107
-0.7198185941043107
-0.7662585034013603
-0.7662585034013603
-0.7662585034013603
-0.7662585034013603
-0.7662585034013603
-0.7662585034013603
-0.7662585034013603
-0.789478458049885
-0.7894784580498886
-0.7894784580498886
-0.7894784580498886
-0.789478458049885
-0.789478458049885
-0.7894784580498886
-0.8126984126984134
-0.8126984126984134
-0.9752380952380939
-0.9752380952380939
-0.9752380952380975
-0.9752380952380975
-0.9752380952380975
-0.9752380952380939
-0.9752380952380975
-0.9752380952380975
-0.9752380952380975
-0.9752380952380939
-0.9752380952380939
-1.0448979591836753
-1.0448979591836753
-1.0448979591836718
-1.0448979591836718
-1.0448979591836718
-1.0448979591836753
-1.0448979591836753
-1.0448979591836753
-1.0448979591836718
-1.0448979591836753
-1.0448979591836753
-1.0913378684807284
-1.091337868480725
-1.091337868480725
-1.0448979591836718
-1.0448979591836718
-1.0448979591836753
-1.0448979591836718
-1.0448979591836718
-1.0448979591836718
-1.0681179138322001
-1.0681179138322001
-1.0448979591836753
-0.8359183673469381
-0.7198185941043107
-0.7198185941043107
-0.7198185941043107
-0.7198185941043107
-0.7198185941043072
-0.7198185941043072
-0.7198185941043072
-0.7198185941043072
-0.8126984126984134
-0.8126984126984134
-0.8126984126984134
-0.8126984126984134
-0.7894784580498886
-0.8591383219954629
-0.8591383219954629
-0.8591383219954629
-0.8591383219954629
-0.8591383219954665
-0.8591383219954665
-0.8591383219954665
-0.8591383219954665
-0.9287981859410444
-0.9287981859410444
-0.9287981859410444
-0.9287981859410444
-0.9287981859410444
-0.9287981859410444
-0.9287981859410444
-0.9287981859410444
-0.9287981859410444
-0.9287981859410408
-0.9287981859410408
-0.9287981859410408
-0.9287981859410408
-0.9287981859410444
-0.9287981859410444
-0.9287981859410444
-0.9287981859410444
-1.0681179138322001
-1.0681179138322001
-1.0681179138322001
-1.0681179138322001
-1.0681179138322001
-1.0681179138321966
-1.0681179138321966
-1.0681179138321966
-1.0681179138321966
-1.0681179138322037
-1.0681179138322037
-1.0681179138322037
-1.0681179138322037
-1.021678004535147
-0.8591383219954665
-0.8591383219954665
