OnSet desviation
0
0.471110777777778
0.12952314285714306
0.5774139659863944
0.5609056961451251
0.683717154195012
0.5046692018140586
0.7900203424036283
0.7502921179138324
0.8034437120181401
0.7869354421768708
0.8865269455782308
0.893238630385488
0.8767303605442187
0.9995418185941052
1.099133321995465
1.1058450068027206
1.3762303276643983
1.3911961473922894
1.3829420124716556
1.142488331065758
0.8091548310657597
0.8009006961451259
0.7926465612244904
0.8076123809523814
0.8082584727891167
0.8089045646258501
0.8089045646258501
0.8095506564625854
0.8101967482993189
0.8101967482993189
0.6018632482993187
0.5096295215419495
0.5096295215419495
0.3709558854875308
0.30194211337868637
0.30258820521541985
0.3032342970521533
0.3032342970521533
0.280660434240362
0.2813065260770973
0.2813065260770973
0.28195261791383075
0.2593787551020412
0.2593787551020412
0.23680489229024815
0.23745098412697985
0.2380970759637151
0.07620348526076981
0.07620348526076981
0.030409667800451956
0.031055759637187208
0.031055759637187208
0.03170185147392246
0.03234794331065771
0.03234794331065771
-0.03666582879818847
-0.059239691609977996
-0.058593599773242744
-0.057947507936511045
-0.057947507936511045
-0.05730141609977579
-0.05665532426303699
-0.05665532426303699
-0.05600923242630529
-0.05536314058957359
-0.05536314058957359
-0.054717048752834785
-0.05407095691609953
-0.12308472902494572
-0.21531845578231668
-0.21531845578231668
-0.21467236394558142
-0.21402627210884262
-0.21402627210884262
-0.21338018027211092
-0.050194405895691574
-0.050194405895691574
-0.049548314058959875
-0.04890222222222462
-0.14113594897959558
-0.14048985714286033
-0.14048985714286033
-0.13984376530612153
-0.1624176281179146
-0.1624176281179146
-0.16177153628117935
-0.16112544444444765
-0.16112544444444765
-0.16047935260770885
-0.15983326077097715
-0.1585410770975102
-0.1585410770975102
-0.1585410770975102
-0.1585410770975102
-0.1572488934240397
-0.1572488934240397
-0.1572488934240397
-0.1572488934240397
-0.15595670975056564
-0.15595670975056564
-0.15595670975056564
-0.15595670975056564
-0.15466452607709869
-0.15337234240362818
-0.15337234240362818
-0.15337234240362818
-0.15337234240362818
-0.15208015873016123
-0.15208015873016123
-0.15208015873016123
-0.15208015873016123
-0.2204478390022686
-0.2204478390022686
-0.2204478390022686
-0.2204478390022686
-0.2191556553287981
-0.21786347165533115
-0.21786347165533115
-0.21786347165533115
-0.21786347165533115
-0.23979124263038898
-0.23979124263038898
-0.23979124263038898
-0.23979124263038898
-0.23849905895691847
-0.23849905895691847
-0.23849905895691847
-0.23849905895691847
-0.23720687528345152
-0.23591469160998102
-0.23591469160998102
-0.23591469160998102
-0.23591469160998102
-0.23462250793650696
-0.23462250793650696
-0.23462250793650696
-0.23462250793650696
-0.23333032426304
-0.23333032426304
-0.23333032426304
-0.23333032426304
0.09304122448979513
1.0476437324263017
1.0476437324263017
