OnSet desviation
0
-0.7198185941043083
-0.8591383219954647
-0.6501587301587302
-0.5572789115646253
-0.603718820861677
-0.6501587301587302
-0.5108390022675735
-0.5108390022675735
-0.4643990929705213
-0.5804988662131514
-0.4643990929705222
-0.41795918367346907
-0.5108390022675735
-0.6037188208616779
-0.5108390022675735
-0.4643990929705222
-0.30185941043083986
-0.30185941043083986
-0.3018594104308381
-0.5340589569161001
-0.8823582766439912
-0.9287981859410426
-0.9287981859410426
-0.9287981859410426
-0.9287981859410426
-0.9287981859410426
-0.9287981859410426
-0.8591383219954647
-0.8126984126984134
-0.8126984126984134
-0.9520181405895691
-1.0448979591836718
-1.0448979591836718
-1.1842176870748293
-1.2306575963718824
-1.2306575963718824
-1.1842176870748329
-1.1842176870748329
-1.1609977324263046
-1.1609977324263028
-1.1609977324263028
-1.1609977324263063
-1.184217687074831
-1.184217687074831
-1.2074376417233559
-1.2074376417233594
-1.2074376417233594
-1.184217687074831
-1.184217687074831
-1.184217687074831
-1.184217687074831
-1.184217687074831
-1.184217687074831
-1.184217687074831
-1.184217687074831
-1.253877551020409
-1.2770975056689338
-1.2770975056689373
-1.2770975056689373
-1.2770975056689373
-1.2770975056689338
-1.2770975056689338
-1.2770975056689338
-1.2770975056689373
-1.2538775510204125
-1.2538775510204125
-1.2074376417233559
-1.2074376417233559
-1.184217687074831
-1.253877551020409
-1.253877551020409
-1.2538775510204125
-1.253877551020409
-1.253877551020409
-1.253877551020409
-1.091337868480725
-1.091337868480725
-1.1145578231292532
-1.1145578231292532
-1.0681179138322001
-0.9055782312925196
-0.9055782312925196
-0.7662585034013603
-0.7662585034013603
-0.7662585034013603
-0.7662585034013638
-0.7662585034013638
-0.7662585034013638
-0.7662585034013603
-0.7662585034013603
-0.7662585034013638
-0.7662585034013638
-0.7662585034013638
-0.7662585034013638
-0.7662585034013638
-0.7662585034013638
-0.7662585034013638
-0.7662585034013638
-0.7662585034013603
-0.7662585034013603
-0.7662585034013603
-0.7662585034013603
-0.7662585034013638
-0.7662585034013603
-0.7662585034013603
-0.7662585034013603
-0.7662585034013603
-0.7662585034013638
-0.7662585034013638
-0.7662585034013638
-0.7662585034013638
-0.8126984126984134
-0.8126984126984134
-0.8126984126984134
-0.8126984126984134
-0.8126984126984134
-0.8126984126984134
-0.8126984126984134
-0.8126984126984134
-0.8126984126984134
-0.8359183673469417
-0.8359183673469417
-0.8359183673469417
-0.8359183673469417
-0.8359183673469417
-0.8359183673469417
-0.8359183673469417
-0.8359183673469417
-0.8359183673469417
-0.8359183673469417
-0.8359183673469417
-0.8359183673469417
-0.8359183673469417
-0.8359183673469381
-0.8359183673469381
-0.8359183673469381
-0.8359183673469381
-0.8359183673469417
-0.8359183673469417
-0.8359183673469417
-0.8359183673469417
-0.48761904761904873
-0.27863945578231863
-0.27863945578231863
