OnSet desviation
0
0.33179104988662145
0.12952314285714306
0.36843437414965985
0.2590462857142857
0.42829765306122436
0.2956896099773241
0.4417210226757371
0.40199279818594125
0.4087044829931967
0.5082959863945575
0.49178771655328823
0.4520594920634924
0.5284310408163275
0.7441223174603184
0.7508340022675739
0.7111057777777781
0.8189514160997735
0.8339172358276645
0.825663100907029
0.8174089659863935
0.8323747857142862
0.8705605600907038
0.8623064251700683
0.8772722448979593
0.8779183367346945
0.878564428571428
0.878564428571428
0.8095506564625854
0.7637568390022675
0.7637568390022675
0.6947430668934231
0.6953891587301566
0.6953891587301566
0.6960352505668954
0.6734613877551041
0.6741074795918376
0.6283136621315197
0.6283136621315197
0.5825198446712001
0.5831659365079336
0.5831659365079336
0.5838120283446706
0.5844581201814059
0.5844581201814059
0.5851042120181376
0.5857503038548728
0.5863963956916081
0.40128285034013444
0.40128285034013444
0.3554890328798166
0.35613512471655184
0.35613512471655184
0.3567812165532871
0.35742730839002235
0.35742730839002235
0.35807340022675405
0.3587194920634893
0.3593655839002281
0.3600116757369598
0.3600116757369598
0.3606577675736915
0.3613038594104303
0.3613038594104303
0.36194995124716556
0.3393760884353725
0.3393760884353725
0.2935822709750546
0.2942283628117899
0.20199463605441892
0.17942077324262584
0.17942077324262584
0.18006686507936465
0.1807129569160999
0.1807129569160999
0.1813590487528316
0.18200514058956685
0.18200514058956685
0.20587118707482688
0.20651727891156213
0.06784364285713806
-0.09404994784580722
-0.09404994784580722
-0.23272358390022774
-0.2552974467120208
-0.2552974467120208
-0.254651354875282
-0.2540052630385503
-0.2540052630385503
-0.25335917120181506
-0.25271307936508336
-0.25142089569161286
-0.25142089569161286
-0.25142089569161286
-0.25142089569161286
-0.25012871201814235
-0.25012871201814235
-0.25012871201814235
-0.25012871201814235
-0.24883652834467185
-0.24883652834467185
-0.24883652834467185
-0.24883652834467185
-0.24754434467120134
-0.2462521609977344
-0.2462521609977344
-0.2462521609977344
-0.2462521609977344
-0.2449599773242639
-0.2449599773242639
-0.2449599773242639
-0.2449599773242639
-0.2668877482993217
-0.2668877482993217
-0.2668877482993217
-0.2668877482993217
-0.2655955646258512
-0.26430338095238426
-0.26430338095238426
-0.26430338095238426
-0.26430338095238426
-0.26301119727891376
-0.26301119727891376
-0.26301119727891376
-0.26301119727891376
-0.26171901360544325
-0.26171901360544325
-0.26171901360544325
-0.26171901360544325
-0.2604268299319763
-0.2591346462585058
-0.2591346462585058
-0.2591346462585058
-0.2591346462585058
-0.2578424625850353
-0.2578424625850353
-0.2578424625850353
-0.2578424625850353
-0.2565502789115648
-0.2565502789115648
-0.2565502789115648
-0.2565502789115648
-0.2784780498866226
0.4671448662131539
0.4671448662131539
