OnSet desviation
0
-0.6965986394557822
-0.7894784580498864
-0.626938775510204
-0.4643990929705213
-0.5340589569160992
-0.6037188208616779
-0.5108390022675735
-0.3947392290249434
-0.3947392290249434
-0.3947392290249434
-0.2786394557823133
-0.255419501133785
-0.32507936507936463
-0.37151927437641774
-0.3018594104308381
-0.3947392290249443
-0.48761904761904873
-0.48761904761904873
-0.48761904761904695
-0.4411791383219956
-0.4411791383219956
-0.3947392290249425
-0.2786394557823133
-0.2786394557823133
-0.27863945578231153
-0.2786394557823133
-0.2786394557823133
-0.27863945578231153
-0.2786394557823133
-0.2786394557823133
-0.2786394557823133
-0.2321995464852602
-0.2321995464852602
-0.37151927437641596
-0.41795918367346907
-0.37151927437641774
-0.3250793650793664
-0.3250793650793664
-0.3482993197278912
-0.34829931972789296
-0.34829931972789296
-0.30185941043083986
-0.25541950113378675
-0.25541950113378675
-0.2089795918367372
-0.2089795918367372
-0.2089795918367372
-0.34829931972789296
-0.34829931972789296
-0.30185941043083986
-0.30185941043083986
-0.30185941043083986
-0.30185941043083986
-0.20897959183673365
-0.20897959183673365
-0.23219954648526198
-0.25541950113378675
-0.25541950113378675
-0.2554195011337903
-0.2554195011337903
-0.25541950113378675
-0.25541950113378675
-0.25541950113378675
-0.2554195011337903
-0.23219954648526553
-0.23219954648526553
-0.1625396825396841
-0.1625396825396841
-0.1625396825396841
-0.1625396825396841
-0.1625396825396841
-0.1625396825396841
-0.1625396825396841
-0.1625396825396841
-0.1625396825396841
0.0
0.0
-0.046439909297053106
-0.04643990929705666
-0.02321995464852833
0.023219954648521224
0.023219954648521224
0.023219954648524777
0.023219954648524777
0.023219954648524777
0.023219954648524777
0.023219954648524777
0.023219954648524777
0.023219954648524777
0.023219954648524777
0.023219954648521224
0.023219954648521224
0.023219954648521224
0.023219954648521224
0.023219954648524777
0.023219954648524777
0.023219954648524777
0.023219954648524777
0.023219954648524777
0.023219954648524777
0.023219954648524777
0.023219954648524777
0.023219954648524777
0.023219954648524777
0.023219954648524777
0.023219954648524777
0.023219954648524777
0.023219954648521224
0.023219954648521224
0.023219954648521224
0.023219954648521224
0.06965986394557788
0.06965986394557788
0.06965986394557788
0.06965986394557788
0.11609977324263099
0.11609977324262744
0.11609977324262744
0.11609977324262744
0.11609977324262744
0.20897959183673365
0.20897959183673365
0.20897959183673365
0.20897959183673365
0.20897959183673365
0.20897959183673365
0.20897959183673365
0.20897959183673365
0.2089795918367301
0.20897959183673365
0.20897959183673365
0.20897959183673365
0.20897959183673365
0.20897959183673365
0.20897959183673365
0.20897959183673365
0.20897959183673365
0.20897959183673365
0.20897959183673365
0.20897959183673365
0.20897959183673365
0.3018594104308363
-0.23219954648526198
-0.23219954648526198
