OnSet desviation
0
-0.905578231292517
-0.9520181405895691
-0.9055782312925169
-0.9752380952380948
-0.9520181405895687
-0.9287981859410435
-0.8823582766439912
-0.9984580498866213
-0.9520181405895691
-1.0681179138321992
-1.0681179138322001
-1.0448979591836753
-1.0681179138322001
-1.1145578231292514
-1.0913378684807267
-0.9520181405895691
-0.6965986394557824
-0.6965986394557824
-0.6965986394557824
-0.9752380952380957
-1.3235374149659869
-1.4164172335600913
-1.5325170068027205
-1.5325170068027205
-1.5325170068027223
-1.5325170068027205
-1.5325170068027205
-1.4628571428571444
-1.4164172335600913
-1.4164172335600913
-1.555736961451247
-1.6950566893424028
-1.6950566893424028
-1.6950566893424046
-1.6950566893424046
-1.741496598639456
-1.7414965986394577
-1.7414965986394577
-1.6950566893424046
-1.695056689342401
-1.695056689342401
-1.7414965986394577
-1.8111564625850356
-1.8111564625850356
-1.88081632653061
-1.8808163265306135
-1.8808163265306135
-1.7182766439909294
-1.7182766439909294
-1.7647165532879825
-1.7647165532879825
-1.7647165532879825
-1.7647165532879825
-1.8575963718820887
-1.8575963718820887
-1.9040362811791383
-1.9040362811791383
-1.9040362811791418
-1.9040362811791383
-1.9040362811791383
-1.9040362811791383
-1.9040362811791383
-1.9040362811791383
-1.9040362811791383
-1.9040362811791383
-1.9040362811791383
-1.927256235827663
-1.927256235827663
-1.9040362811791383
-1.9736961451247161
-1.9736961451247161
-1.9736961451247197
-1.9736961451247161
-1.9736961451247161
-1.9736961451247161
-1.9736961451247161
-1.9736961451247161
-1.9504761904761914
-1.9504761904761878
-1.927256235827663
-1.811156462585032
-1.811156462585032
-1.6718367346938763
-1.6718367346938763
-1.6718367346938763
-1.6718367346938798
-1.6718367346938798
-1.6718367346938798
-1.6718367346938763
-1.6718367346938763
-1.6718367346938763
-1.6718367346938763
-1.6718367346938763
-1.6718367346938763
-1.6718367346938798
-1.6718367346938798
-1.6718367346938798
-1.6718367346938798
-1.6718367346938763
-1.6718367346938763
-1.6718367346938763
-1.6718367346938763
-1.6718367346938798
-1.6718367346938763
-1.6718367346938763
-1.6718367346938763
-1.6718367346938763
-1.6718367346938763
-1.6718367346938763
-1.6718367346938763
-1.6718367346938763
-1.7647165532879825
-1.7647165532879825
-1.7647165532879825
-1.7647165532879825
-1.8111564625850356
-1.811156462585032
-1.811156462585032
-1.811156462585032
-1.811156462585032
-1.9272562358276666
-1.9272562358276666
-1.9272562358276666
-1.9272562358276666
-1.9272562358276666
-1.9272562358276666
-1.9272562358276666
-1.9272562358276666
-1.927256235827663
-1.9272562358276666
-1.9272562358276666
-1.9272562358276666
-1.9272562358276666
-1.927256235827663
-1.927256235827663
-1.927256235827663
-1.927256235827663
-1.9272562358276666
-1.9272562358276666
-1.9272562358276666
-1.9272562358276666
-1.6718367346938763
-0.9287981859410479
-0.9287981859410479
