OnSet desviation
0
0.2621311859410431
0.05986327891156429
0.13623482766439876
0.11972655782312902
0.12643824263038583
-0.05260970975056756
-0.06911797959183641
-0.015966385487527823
-0.10213451927437678
-0.11864278911564607
-0.25125083219954636
-0.24453914739229
-0.3074873265306106
-0.23111577777777725
-0.36372382086167754
-0.42667199999999994
-0.4349261349206355
-0.32708049659864
-0.33533463151927556
-0.3435887664399093
-0.37506285600906963
-0.38331699092970517
-0.2754713526077097
-0.2605055328798187
-0.25985944104308345
-0.2592133492063482
-0.2592133492063482
-0.2585672573696147
-0.25792116553287947
-0.25792116553287947
-0.257275073696146
-0.0012094807256239903
-0.0012094807256239903
0.719255205215422
0.6966813424036307
0.6973274342403641
0.6979735260770976
0.6979735260770976
0.6986196179138311
0.7921455283446708
0.7921455283446708
1.0946510306122441
1.095297122448983
1.095297122448983
1.0959432142857146
1.0965893061224463
1.0972353979591816
1.0978814897959204
1.0978814897959204
1.098527581632652
1.0991736734693873
1.0991736734693873
1.0998197653061261
1.5880849047619066
1.5880849047619066
2.2388897267573675
2.239535818594103
2.2401819104308416
2.2408280022675733
2.2408280022675733
2.241474094104305
2.2421201859410473
2.2421201859410473
2.242766277777779
2.7542513718820842
2.7542513718820842
2.754897463718823
2.7555435555555583
2.75618964739229
2.7568357392290217
2.7568357392290217
2.7574818310657605
2.7581279229024958
2.7581279229024958
2.7587740147392275
3.084499471655331
3.084499471655331
3.6888643843537423
3.6895104761904776
3.6901565680272093
3.6908026598639445
3.6908026598639445
3.6914487517006833
3.6688748888888902
3.6688748888888902
3.6695209807256255
3.670167072562357
3.670167072562357
3.670813164399096
3.6714592562358277
3.2547922562358274
3.2547922562358274
3.2547922562358274
3.2547922562358274
3.2328644852607695
3.2328644852607695
3.2328644852607695
3.2328644852607695
2.8161974852607727
2.8161974852607727
2.8161974852607727
2.8161974852607727
2.678169941043084
2.6794621247165544
2.6794621247165544
2.6794621247165544
2.6794621247165544
2.680754308390025
2.680754308390025
2.680754308390025
2.680754308390025
2.682046492063492
2.682046492063492
2.682046492063492
2.682046492063492
2.6833386757369624
2.6846308594104293
2.6846308594104293
2.6846308594104293
2.6846308594104293
2.6859230430839
2.6859230430839
2.6859230430839
2.6859230430839
2.6872152267573703
2.6872152267573703
2.6872152267573703
2.6872152267573703
2.6885074104308373
2.689799594104308
2.689799594104308
2.689799594104308
2.689799594104308
2.6910917777777783
2.6910917777777783
2.6910917777777783
2.6910917777777783
2.6923839614512453
2.6923839614512453
2.6923839614512453
2.6923839614512453
2.6704561904761945
2.6730405578231284
2.6730405578231284
