OnSet desviation
0
0.6037188208616779
0.3250793650793652
-0.7198185941043085
-0.3947392290249434
-0.5804988662131523
-0.3947392290249434
-0.4411791383219956
-0.4643990929705213
-0.30185941043083897
-0.3018594104308381
-0.20897959183673454
-0.18575963718820798
-0.09287981859410444
-0.023219954648526553
0.04643990929705133
0.09287981859410444
0.09287981859410444
0.09287981859410444
0.09287981859410266
0.09287981859410266
0.11609977324262921
0.11609977324262921
0.11609977324263099
0.11609977324262921
0.11609977324262921
0.11609977324263099
0.11609977324263099
0.11609977324262921
0.11609977324262921
0.11609977324262921
0.11609977324262921
0.11609977324262921
0.11609977324262921
-0.11609977324263099
-0.11609977324263276
-0.11609977324263099
-0.11609977324263099
-0.11609977324263099
-0.11609977324263099
-0.11609977324263099
-0.11609977324263099
-0.11609977324263099
-0.11609977324263099
-0.11609977324263099
-0.11609977324263099
-0.11609977324262921
-0.11609977324263099
-0.18575963718820887
-0.18575963718820887
-0.18575963718821065
-0.18575963718820887
-0.18575963718820887
-0.18575963718820887
-0.18575963718820887
-0.18575963718820887
-0.30185941043083986
-0.30185941043083986
-0.30185941043083986
-0.30185941043083986
-0.30185941043083986
-0.30185941043083986
-0.30185941043083986
-0.30185941043083986
-0.30185941043083986
-0.30185941043083986
-0.30185941043083986
-0.3947392290249425
-0.39473922902494607
-0.3947392290249425
-0.3947392290249425
-0.3947392290249425
-0.39473922902494607
-0.39473922902494607
-0.39473922902494607
-0.3947392290249425
-0.3947392290249425
-0.3947392290249425
-0.5804988662131549
-0.5804988662131514
-0.5804988662131514
-0.5804988662131514
-0.5804988662131514
-0.5804988662131549
-0.5804988662131549
-0.5804988662131549
-0.5804988662131514
-0.5804988662131514
-0.5804988662131514
-0.5804988662131549
-0.5804988662131514
-0.6501587301587293
-0.6501587301587293
-0.6501587301587293
-0.6501587301587293
-0.6501587301587328
-0.6501587301587328
-0.6501587301587328
-0.6501587301587328
-0.5108390022675735
-0.5108390022675735
-0.5108390022675735
-0.5108390022675735
-0.5108390022675735
-0.5108390022675735
-0.5108390022675735
-0.5108390022675735
-0.5108390022675735
-0.5108390022675735
-0.5108390022675735
-0.5108390022675735
-0.5108390022675735
-0.5108390022675771
-0.5108390022675771
-0.5108390022675771
-0.5108390022675771
-0.6269387755102045
-0.6269387755102045
-0.6269387755102045
-0.6269387755102045
-0.6269387755102045
-0.6269387755102045
-0.6269387755102045
-0.6269387755102045
-0.6269387755102045
-0.6269387755102045
-0.6269387755102045
-0.6269387755102045
-0.6269387755102045
-0.6733786848072576
-0.6733786848072576
-0.6733786848072576
-0.6733786848072576
-0.6733786848072576
-0.673378684807254
-0.673378684807254
-0.673378684807254
-0.673378684807254
-0.6733786848072576
-0.6733786848072576
-0.6733786848072576
-0.6733786848072576
-0.6269387755102045
-0.6269387755102045
-0.6269387755102045
