OnSet desviation
0
-0.34158763492063493
-0.4509757233560091
0.8792733764172334
0.5376857414965985
0.3586377891156465
0.08671001814058954
0.023761839002268026
-0.0856262494331066
-0.2646742018140591
-0.3972822448979594
-0.5531102426303853
-0.7785981043083909
-0.9808660113378673
-1.0438141904761906
-1.1299823242630378
-1.3090302766439912
-1.3172844115646267
-1.3023185918367357
-1.3105727267573695
-1.318826861678005
-1.559280543083899
-1.5675346780045345
-1.57578881292517
-1.560822993197279
-1.5601769013605438
-1.5595308095238103
-1.5595308095238103
-1.558884717687075
-1.5582386258503398
-1.5582386258503398
-1.5575925340136063
-1.556946442176871
-1.556946442176871
-1.3241008038548738
-1.3466746666666651
-1.3460285748299317
-1.3453824829931964
-1.3453824829931964
-1.344736391156463
-1.3440902993197277
-1.3440902993197277
-1.3434442074829942
-1.3427981156462572
-1.3427981156462572
-1.3421520238095237
-1.341505931972792
-1.340859840136055
-1.3402137482993197
-1.3402137482993197
-1.3395676564625862
-1.3389215646258492
-1.3389215646258492
-1.338275472789114
-1.3376293809523823
-1.3376293809523823
-1.220883515873016
-1.2202374240362808
-1.2195913321995455
-1.2189452403628138
-1.2189452403628138
-1.2182991485260786
-1.2176530566893398
-1.2176530566893398
-1.217006964852608
-1.2163608730158728
-1.2163608730158728
-1.122834962585035
-1.122188870748296
-1.1215427789115644
-1.1208966870748327
-1.1208966870748327
-1.120250595238094
-1.1196045034013586
-1.1196045034013586
-1.118958411564627
-1.1183123197278917
-1.1183123197278917
-0.9319065907029476
-0.9312604988662123
-0.9306144070294806
-0.9299683151927454
-0.9299683151927454
-0.9293222233560066
-0.9518960861677996
-0.9518960861677996
-0.9512499943310644
-0.9506039024943327
-0.9506039024943327
-0.9499578106575939
-0.9493117188208622
-0.7854798526077111
-0.7854798526077111
-0.7854798526077111
-0.7854798526077111
-0.7841876689342406
-0.7841876689342406
-0.7841876689342406
-0.7841876689342406
-0.7828954852607701
-0.7828954852607701
-0.7828954852607701
-0.7828954852607701
-0.7816033015872996
-0.7803111179138327
-0.7803111179138327
-0.7803111179138327
-0.7803111179138327
-0.7790189342403622
-0.7790189342403622
-0.7790189342403622
-0.7790189342403622
-0.7777267505668917
-0.7777267505668917
-0.7777267505668917
-0.7777267505668917
-0.5906749297052158
-0.5893827460317453
-0.5893827460317453
-0.5893827460317453
-0.5893827460317453
-0.5880905623582784
-0.5880905623582784
-0.5880905623582784
-0.5880905623582784
-0.5867983786848079
-0.5867983786848079
-0.5867983786848079
-0.5867983786848079
-0.5390662857142878
-0.5377741020408173
-0.5377741020408173
-0.5377741020408173
-0.5377741020408173
-0.5364819183673468
-0.5364819183673468
-0.5364819183673468
-0.5364819183673468
-0.5351897346938763
-0.5351897346938763
-0.5351897346938763
-0.5351897346938763
-0.3713578684807253
-0.3687735011337878
-0.3687735011337878
