OnSet desviation
0
-0.7662585034013607
-0.9520181405895689
-0.7430385487528346
-0.7430385487528346
-1.1145578231292523
-1.021678004535147
-1.1145578231292514
-1.3003174603174603
-1.2306575963718815
-1.3467573696145116
-1.2770975056689338
-1.4860770975056692
-1.5325170068027214
-1.6021768707483002
-1.4860770975056692
-1.555736961451247
-1.555736961451247
-1.6486167800453515
-1.6486167800453515
-1.6486167800453533
-1.8343764172335604
-1.8343764172335604
-1.9504761904761896
-1.9504761904761914
-1.9504761904761914
-1.9504761904761914
-1.9504761904761914
-1.9504761904761914
-1.9504761904761914
-1.9504761904761914
-1.9504761904761914
-2.205895691609978
-2.205895691609978
-2.925714285714287
-2.925714285714289
-2.925714285714287
-2.9257142857142853
-2.9257142857142853
-2.9257142857142853
-3.0185941043083897
-3.0185941043083897
-3.3204535147392296
-3.3204535147392313
-3.3204535147392313
-3.3204535147392296
-3.320453514739228
-3.320453514739228
-3.390113378684809
-3.390113378684809
-3.390113378684809
-3.3901133786848057
-3.3901133786848057
-3.390113378684809
-3.877732426303858
-3.877732426303858
-4.527891156462584
-4.527891156462584
-4.527891156462587
-4.527891156462587
-4.527891156462587
-4.527891156462584
-4.527891156462587
-4.527891156462587
-4.527891156462587
-5.038730158730157
-5.038730158730157
-5.038730158730161
-5.038730158730161
-5.038730158730157
-5.038730158730157
-5.038730158730157
-5.038730158730161
-5.038730158730161
-5.038730158730161
-5.038730158730157
-5.363809523809525
-5.363809523809525
-5.967528344671205
-5.9675283446712015
-5.9675283446712015
-5.9675283446712015
-5.9675283446712015
-5.967528344671205
-5.967528344671205
-5.967528344671205
-5.9675283446712015
-5.9675283446712015
-5.9675283446712015
-5.967528344671205
-5.9675283446712015
-5.456689342403628
-5.456689342403628
-5.456689342403628
-5.456689342403628
-5.433469387755103
-5.433469387755103
-5.433469387755103
-5.433469387755103
-4.876190476190477
-4.876190476190477
-4.876190476190477
-4.876190476190477
-4.736870748299317
-4.736870748299321
-4.736870748299321
-4.736870748299321
-4.736870748299321
-4.736870748299321
-4.736870748299321
-4.736870748299321
-4.736870748299321
-4.736870748299321
-4.736870748299321
-4.736870748299321
-4.736870748299321
-4.667210884353743
-4.667210884353739
-4.667210884353739
-4.667210884353739
-4.667210884353739
-4.667210884353743
-4.667210884353743
-4.667210884353743
-4.667210884353743
-4.667210884353743
-4.667210884353743
-4.667210884353743
-4.667210884353743
-4.667210884353743
-4.667210884353743
-4.667210884353743
-4.667210884353743
-4.667210884353743
-4.667210884353739
-4.667210884353739
-4.667210884353739
-4.667210884353739
-4.667210884353739
-4.667210884353739
-4.667210884353739
-4.667210884353739
-4.435011337868485
-4.435011337868481
-4.435011337868481
