OnSet desviation
0
-1.3699773242630386
-1.2770975056689342
-0.02321995464852611
-0.3482993197278912
-0.5340589569161001
-0.6269387755102036
-0.6733786848072558
-0.835918367346939
-0.9287981859410426
-1.0448979591836736
-1.0681179138321992
-1.3003174603174612
-1.439637188208617
-1.5789569160997736
-1.5325170068027205
-1.6486167800453515
-1.6486167800453515
-1.741496598639456
-1.7414965986394542
-1.741496598639456
-1.9504761904761896
-1.9504761904761896
-2.0665759637188206
-2.0665759637188206
-2.0665759637188206
-2.0665759637188224
-2.0665759637188224
-2.0665759637188206
-2.0665759637188206
-2.0665759637188206
-2.0665759637188206
-2.3219954648526073
-2.3219954648526073
-2.809614512471656
-2.809614512471656
-2.809614512471656
-2.8096145124716543
-2.8096145124716543
-2.8096145124716543
-2.9024943310657587
-2.9024943310657587
-3.2043537414965986
-3.2043537414966003
-3.2043537414966003
-3.2043537414965986
-3.2043537414965986
-3.204353741496597
-3.2043537414966003
-3.2043537414966003
-3.2043537414965986
-3.204353741496597
-3.204353741496597
-3.2043537414966003
-3.691972789115649
-3.691972789115649
-4.226031746031744
-4.226031746031744
-4.226031746031747
-4.226031746031747
-4.226031746031747
-4.226031746031744
-4.226031746031747
-4.226031746031747
-4.226031746031747
-4.736870748299317
-4.736870748299317
-4.643990929705218
-4.643990929705215
-4.643990929705215
-4.643990929705215
-4.643990929705215
-4.643990929705215
-4.643990929705215
-4.643990929705215
-4.643990929705215
-4.969070294784583
-4.969070294784583
-5.38702947845805
-5.38702947845805
-5.38702947845805
-5.38702947845805
-5.38702947845805
-5.38702947845805
-5.38702947845805
-5.38702947845805
-5.38702947845805
-5.38702947845805
-5.38702947845805
-5.38702947845805
-5.38702947845805
-4.806530612244899
-4.806530612244899
-4.806530612244899
-4.806530612244899
-4.78331065759637
-4.78331065759637
-4.78331065759637
-4.78331065759637
-4.365351473922903
-4.365351473922903
-4.365351473922903
-4.365351473922903
-4.226031746031744
-4.226031746031747
-4.226031746031747
-4.226031746031747
-4.226031746031747
-4.226031746031747
-4.226031746031747
-4.226031746031747
-4.226031746031747
-4.226031746031744
-4.226031746031744
-4.226031746031744
-4.226031746031744
-4.0402721088435385
-4.040272108843535
-4.040272108843535
-4.040272108843535
-4.040272108843535
-4.0402721088435385
-4.0402721088435385
-4.0402721088435385
-4.0402721088435385
-4.0402721088435385
-4.0402721088435385
-4.0402721088435385
-4.0402721088435385
-3.9938321995464854
-3.9938321995464854
-3.9938321995464854
-3.9938321995464854
-3.9938321995464854
-3.9938321995464854
-3.9938321995464854
-3.9938321995464854
-3.9938321995464854
-3.993832199546482
-3.993832199546482
-3.993832199546482
-3.993832199546482
-3.80807256235828
-3.8080725623582765
-3.8080725623582765
