OnSet desviation
0
-0.8359183673469388
-0.9520181405895694
-1.0448979591836733
-0.9984580498866218
-1.137777777777777
-1.2306575963718824
-1.2306575963718824
-1.323537414965986
-1.439637188208617
-1.439637188208616
-1.5092970521541949
-1.6718367346938763
-1.7182766439909285
-1.8111564625850356
-1.8808163265306117
-1.8808163265306135
-1.9504761904761914
-1.9969160997732445
-1.9736961451247161
-2.205895691609978
-2.4845351473922914
-2.577414965986396
-2.577414965986394
-2.5309750566893428
-2.4380952380952383
-2.577414965986396
-2.577414965986396
-2.7863945578231295
-2.7863945578231295
-2.7863945578231295
-2.7863945578231313
-2.7863945578231295
-2.7863945578231295
-2.7863945578231313
-2.7863945578231313
-2.7863945578231295
-2.7863945578231295
-2.7863945578231295
-2.7863945578231295
-2.7863945578231295
-2.7863945578231295
-2.7863945578231295
-2.7863945578231313
-2.7863945578231313
-2.809614512471656
-2.809614512471656
-2.809614512471658
-2.809614512471658
-2.809614512471658
-2.9489342403628136
-2.948934240362812
-2.948934240362812
-2.948934240362812
-2.9489342403628136
-2.9489342403628136
-2.948934240362812
-2.94893424036281
-2.9257142857142853
-2.9257142857142853
-2.9257142857142853
-2.925714285714289
-2.9257142857142853
-2.9257142857142853
-2.9257142857142853
-2.925714285714289
-2.925714285714289
-2.9257142857142853
-2.9257142857142853
-2.809614512471658
-2.809614512471658
-2.809614512471658
-2.8096145124716543
-2.809614512471658
-2.809614512471658
-2.809614512471658
-2.879274376417232
-2.879274376417232
-3.0418140589569163
-3.1811337868480756
-3.2043537414966003
-3.227573696145125
-3.227573696145125
-3.1346938775510225
-3.0882539682539694
-3.0882539682539694
-3.0882539682539694
-3.0882539682539694
-3.0882539682539694
-3.0882539682539694
-3.0882539682539694
-3.088253968253966
-3.088253968253966
-3.088253968253966
-3.088253968253966
-3.0882539682539694
-3.0882539682539694
-3.0882539682539694
-3.0882539682539694
-3.0882539682539694
-3.0882539682539694
-3.0882539682539694
-3.0882539682539694
-3.0882539682539694
-3.111473922902494
-3.111473922902494
-3.111473922902494
-3.111473922902494
-3.111473922902494
-3.111473922902494
-3.111473922902494
-3.111473922902494
-3.343673469387756
-3.343673469387756
-3.343673469387756
-3.343673469387756
-3.343673469387756
-3.3204535147392313
-3.3204535147392313
-3.3204535147392313
-3.3204535147392313
-3.3436734693877526
-3.3436734693877526
-3.3436734693877526
-3.3436734693877526
-3.343673469387756
-3.343673469387756
-3.343673469387756
-3.343673469387756
-3.343673469387756
-3.343673469387756
-3.343673469387756
-3.343673469387756
-3.343673469387756
-3.343673469387756
-3.343673469387756
-3.343673469387756
-3.343673469387756
-3.343673469387756
-3.343673469387756
-3.343673469387756
-3.343673469387756
-3.3204535147392313
-2.345215419501134
-2.345215419501134
