OnSet desviation
0
0.1460314126984128
0.12952314285714306
0.1130148730158731
-0.1589128979591834
0.1264382426303854
-0.02938975510204056
0.0005418843537423612
-0.1320661587301588
-0.12535447392290244
-0.11864278911564607
-0.1119311043083897
-0.31419901133786965
-0.1913875532879814
-0.2078958231292507
-0.22440409297052177
-0.47311190929705127
-0.2491664977324266
-0.21098072335600904
-0.24245481292517113
-0.3435887664399093
-0.3518429013605431
-0.3600970362811786
-0.36835117120181415
-0.39982526077097447
-0.5617188514739233
-0.6307326235827659
-0.6307326235827659
-0.6300865317460325
-0.6294404399092972
-0.6294404399092972
-0.628794348072562
-0.6281482562358285
-0.6281482562358285
-0.6275021643990915
-0.6500760272108828
-0.6494299353741493
-0.648783843537414
-0.648783843537414
-0.6481377517006806
-0.6474916598639453
-0.6474916598639453
-0.6468455680272118
-0.646199476190473
-0.646199476190473
-0.6455533843537413
-0.7145671564625875
-0.8300208378684815
-1.0383543378684799
-1.0383543378684799
-1.0377082460317482
-1.037062154195013
-1.037062154195013
-1.0364160623582777
-1.0357699705215424
-1.0357699705215424
-1.0351238786848107
-1.0344777868480755
-1.057051649659865
-1.1260654217687112
-1.1260654217687112
-1.125419329931976
-1.124773238095237
-1.124773238095237
-1.1241271462585054
-1.1234810544217702
-1.1234810544217702
-1.122834962585035
-1.1221888707482996
-1.2376425521541954
-1.2369964603174637
-1.2369964603174637
-1.2363503684807284
-1.2357042766439896
-1.2357042766439896
-1.235058184807258
-1.2344120929705227
-1.2344120929705227
-1.233766001133791
-1.2331199092970522
-1.3717935453514762
-1.5569070907029499
-1.5569070907029499
-1.74202063605442
-1.811034408163266
-1.811034408163266
-1.8103883163265309
-1.8097422244897992
-1.8097422244897992
-1.8090961326530604
-1.8084500408163287
-1.8071578571428617
-1.8071578571428617
-1.8071578571428617
-1.8071578571428617
-1.8058656734693912
-1.8058656734693912
-1.8058656734693912
-1.8058656734693912
-1.8045734897959171
-1.8045734897959171
-1.8045734897959171
-1.8045734897959171
-1.8032813061224502
-1.8019891224489797
-1.8019891224489797
-1.8019891224489797
-1.8019891224489797
-1.8006969387755127
-1.8006969387755127
-1.8006969387755127
-1.8006969387755127
-1.7994047551020422
-1.7994047551020422
-1.7994047551020422
-1.7994047551020422
-1.7981125714285717
-1.8200403424036296
-1.8200403424036296
-1.8200403424036296
-1.8200403424036296
-1.8187481587301626
-1.8187481587301626
-1.8187481587301626
-1.8187481587301626
-1.817455975056692
-1.817455975056692
-1.817455975056692
-1.817455975056692
-1.8161637913832216
-1.8148716077097546
-1.8148716077097546
-1.8148716077097546
-1.8148716077097546
-1.8135794240362806
-1.8135794240362806
-1.8135794240362806
-1.8135794240362806
-1.8122872403628136
-1.8122872403628136
-1.8122872403628136
-1.8122872403628136
-1.8109950566893431
-1.8548505986394588
-1.8548505986394588
