OnSet desviation
0
0.053151594104308364
0.05986327891156451
1.3901123786848073
2.2095224761904766
2.355553888888889
2.0604061632653057
2.067117848072563
1.8880698956916095
1.709021943310657
1.6460737641723355
1.5134657210884352
1.1718780861677995
1.22502968027211
1.0459817278911565
0.9365936394557828
0.6182259591836736
0.8421713707482983
0.8339172358276645
0.7792231916099759
0.4458896916099757
0.13577614625850387
0.05786214739229045
0.049608012471654916
-0.028305986394556726
-0.21341953174603212
-0.4217530317460323
-0.4217530317460323
-0.46754684920635015
-0.4669007573696149
-0.4669007573696149
-0.46625466553287964
-0.46560857369614617
-0.46560857369614617
-0.46496248185940914
-0.48753634467120044
-0.48689025283446696
-0.4862441609977317
-0.4862441609977317
-0.48559806916099824
-0.484951977324263
-0.484951977324263
-0.48430588548752773
-0.4836597936507925
-0.4836597936507925
-0.5526735657596369
-0.6449072925170078
-0.7139210646258505
-0.7132749727891152
-0.7132749727891152
-0.7126288809523835
-0.7119827891156447
-0.7119827891156447
-0.7113366972789095
-0.7106906054421778
-0.7106906054421778
-0.8261442868480735
-0.964817922902494
-1.1034915589569145
-1.2189452403628138
-1.2189452403628138
-1.2182991485260786
-1.2176530566893398
-1.2176530566893398
-1.217006964852608
-1.2163608730158728
-1.2163608730158728
-1.2157147811791376
-1.238288643990927
-1.446622143990929
-1.4924159614512504
-1.4924159614512504
-1.4917698696145116
-1.4911237777777764
-1.4911237777777764
-1.4904776859410447
-1.4898315941043059
-1.4898315941043059
-1.4891855022675742
-1.488539410430839
-1.6504330011337878
-1.8355465464852614
-1.8355465464852614
-2.0206600918367315
-2.0432339546485245
-2.0432339546485245
-2.0425878628117893
-2.0419417709750576
-2.0419417709750576
-2.0412956791383223
-2.040649587301587
-2.03935740362812
-2.03935740362812
-2.03935740362812
-2.03935740362812
-2.0380652199546496
-2.0380652199546496
-2.0380652199546496
-2.0380652199546496
-2.036773036281179
-2.036773036281179
-2.036773036281179
-2.036773036281179
-2.0354808526077086
-2.034188668934238
-2.034188668934238
-2.034188668934238
-2.034188668934238
-2.032896485260771
-2.032896485260771
-2.032896485260771
-2.032896485260771
-2.1709240294784564
-2.1709240294784564
-2.1709240294784564
-2.1709240294784564
-2.1696318458049895
-2.168339662131519
-2.168339662131519
-2.168339662131519
-2.168339662131519
-2.3295871609977326
-2.3295871609977326
-2.3295871609977326
-2.3295871609977326
-2.3282949773242656
-2.3282949773242656
-2.3282949773242656
-2.3282949773242656
-2.327002793650795
-2.3257106099773246
-2.3257106099773246
-2.3257106099773246
-2.3257106099773246
-2.324418426303854
-2.324418426303854
-2.324418426303854
-2.324418426303854
-2.3231262426303836
-2.3231262426303836
-2.3231262426303836
-2.3231262426303836
-2.2753941496598635
-2.2495898276643977
-2.2495898276643977
