OnSet desviation
0
-0.9520181405895692
-0.9287981859410432
0.4179591836734695
1.5092970521541953
1.369977324263039
1.2306575963718815
1.2074376417233559
1.1609977324263037
0.9752380952380948
0.9055782312925169
0.7662585034013603
0.6269387755102045
0.5572789115646266
0.3947392290249425
0.30185941043083986
0.2321995464852602
0.2321995464852602
0.18575963718820887
0.16253968253968232
-0.06965986394557966
-0.37151927437641774
-0.4411791383219956
-0.4411791383219956
-0.48761904761904695
-0.5108390022675735
-0.650158730158731
-0.650158730158731
-0.6965986394557824
-0.6965986394557824
-0.6965986394557824
-0.6965986394557824
-0.6965986394557824
-0.6965986394557824
-0.6965986394557824
-0.6965986394557824
-0.6965986394557824
-0.6965986394557824
-0.6965986394557824
-0.6965986394557824
-0.6965986394557824
-0.6965986394557824
-0.6965986394557806
-0.6965986394557842
-0.6965986394557842
-0.7662585034013603
-0.789478458049885
-0.7430385487528355
-0.5340589569161018
-0.5340589569161018
-0.5340589569161018
-0.5340589569160983
-0.5340589569160983
-0.5340589569160983
-0.5340589569161018
-0.5340589569161018
-0.6501587301587293
-0.789478458049885
-0.905578231292516
-0.9520181405895691
-0.9520181405895691
-0.9520181405895691
-0.9520181405895691
-0.9520181405895691
-0.9520181405895691
-0.9520181405895691
-0.9520181405895691
-0.9520181405895691
-0.9752380952380939
-1.0681179138322001
-1.1145578231292532
-1.1145578231292532
-1.1145578231292497
-1.1145578231292532
-1.1145578231292532
-1.1145578231292532
-1.1145578231292497
-1.1145578231292497
-1.1145578231292497
-1.1145578231292532
-1.137777777777778
-1.137777777777778
-1.137777777777778
-1.137777777777778
-1.091337868480725
-1.091337868480725
-1.091337868480725
-1.091337868480725
-1.091337868480725
-1.0913378684807284
-1.091337868480725
-1.091337868480725
-1.091337868480725
-1.091337868480725
-1.091337868480725
-1.091337868480725
-1.091337868480725
-1.091337868480725
-1.091337868480725
-1.0913378684807284
-1.0913378684807284
-1.0913378684807284
-1.0913378684807284
-1.091337868480725
-1.091337868480725
-1.091337868480725
-1.091337868480725
-1.091337868480725
-1.091337868480725
-1.091337868480725
-1.091337868480725
-1.091337868480725
-1.2306575963718807
-1.2306575963718807
-1.2306575963718807
-1.2306575963718807
-1.2306575963718842
-1.2074376417233559
-1.2074376417233559
-1.2074376417233559
-1.2074376417233559
-1.3699773242630364
-1.3699773242630364
-1.3699773242630364
-1.3699773242630364
-1.36997732426304
-1.36997732426304
-1.36997732426304
-1.36997732426304
-1.36997732426304
-1.3699773242630364
-1.3699773242630364
-1.3699773242630364
-1.3699773242630364
-1.36997732426304
-1.36997732426304
-1.36997732426304
-1.36997732426304
-1.3699773242630364
-1.3699773242630364
-1.3699773242630364
-1.3699773242630364
-1.3235374149659869
-1.2538775510204054
-1.2538775510204054
