OnSet desviation
0
-0.8823582766439907
-0.9055782312925169
-1.1377777777777776
-0.9984580498866213
-1.0448979591836736
-1.0448979591836736
-1.1609977324263037
-1.1842176870748293
-1.2770975056689338
-1.1609977324263028
-1.3003174603174603
-1.3003174603174603
-1.3931972789115648
-1.323537414965985
-1.3699773242630382
-1.3003174603174603
-1.1145578231292514
-1.091337868480725
-1.091337868480725
-1.0681179138322001
-0.9055782312925178
-0.9055782312925178
-1.0216780045351488
-0.9752380952380921
-0.998458049886624
-1.2074376417233577
-1.2074376417233577
-1.2306575963718824
-1.2306575963718824
-1.2306575963718824
-1.1609977324263063
-1.0913378684807284
-1.0913378684807284
-1.021678004535147
-1.0216780045351506
-1.021678004535147
-1.0216780045351506
-1.0216780045351506
-1.0216780045351506
-1.0681179138322001
-1.0681179138322001
-1.184217687074831
-1.184217687074831
-1.184217687074831
-1.1609977324263063
-1.0913378684807284
-1.0681179138322001
-1.0913378684807284
-1.0913378684807284
-1.184217687074831
-1.184217687074831
-1.184217687074831
-1.184217687074831
-1.184217687074831
-1.184217687074831
-1.184217687074831
-1.184217687074831
-1.137777777777778
-1.184217687074831
-1.184217687074831
-1.2074376417233559
-1.2074376417233559
-1.2074376417233559
-1.2074376417233594
-1.2074376417233559
-1.2074376417233559
-1.2074376417233559
-1.2074376417233594
-1.184217687074831
-1.300317460317462
-1.300317460317462
-1.300317460317462
-1.300317460317462
-1.300317460317462
-1.300317460317462
-1.300317460317462
-1.300317460317462
-1.3003174603174585
-1.300317460317462
-1.2770975056689373
-1.253877551020409
-1.253877551020409
-1.300317460317462
-1.300317460317462
-1.300317460317462
-1.1145578231292532
-1.486077097505671
-1.486077097505671
-1.486077097505671
-1.4860770975056674
-1.486077097505671
-1.486077097505671
-1.486077097505671
-1.486077097505671
-1.486077097505671
-1.486077097505671
-1.486077097505671
-1.486077097505671
-1.4396371882086179
-1.4396371882086179
-1.4396371882086179
-1.4396371882086179
-1.4396371882086214
-1.36997732426304
-1.36997732426304
-1.36997732426304
-1.36997732426304
-1.36997732426304
-1.36997732426304
-1.36997732426304
-1.36997732426304
-1.253877551020409
-1.253877551020409
-1.253877551020409
-1.253877551020409
-1.416417233560093
-1.5325170068027205
-1.5325170068027205
-1.5325170068027205
-1.5325170068027205
-1.6253968253968267
-1.6253968253968267
-1.6253968253968267
-1.6253968253968267
-1.4860770975056674
-1.4860770975056674
-1.4860770975056674
-1.4860770975056674
-1.486077097505671
-1.6253968253968303
-1.6253968253968303
-1.6253968253968303
-1.6253968253968303
-1.6253968253968267
-1.6253968253968267
-1.6253968253968267
-1.6253968253968267
-1.6950566893424046
-1.6950566893424046
-1.6950566893424046
-1.6950566893424046
-1.7879365079365108
-1.3235374149659904
-1.3235374149659904
