OnSet desviation
0
-0.8823582766439911
-0.5804988662131518
-0.5340589569160996
-0.39473922902494296
-0.18575963718820887
-0.04643990929705222
0.16253968253968232
0.3018594104308381
0.4643990929705204
0.5340589569160992
0.7894784580498868
0.9520181405895691
1.137777777777778
1.3467573696145116
1.5092970521541957
1.5557369614512488
1.7879365079365073
1.7879365079365073
1.8111564625850338
1.6253968253968267
1.4396371882086179
1.4396371882086179
1.416417233560093
1.3699773242630382
1.36997732426304
1.36997732426304
1.36997732426304
1.3699773242630364
1.3699773242630382
1.3699773242630382
1.3003174603174603
1.2306575963718807
1.2306575963718807
1.1609977324263028
1.1609977324263028
1.160997732426301
1.1609977324263028
1.1609977324263028
1.1609977324263028
1.1609977324263028
1.1609977324263028
1.2306575963718807
1.2538775510204054
1.2538775510204054
1.2306575963718807
1.1609977324263028
1.091337868480725
1.1145578231292532
1.1145578231292532
1.1842176870748276
1.1842176870748276
1.1842176870748276
1.1842176870748276
1.184217687074831
1.184217687074831
1.1842176870748276
1.1842176870748276
1.1609977324263028
1.2306575963718807
1.2306575963718807
1.2306575963718807
1.2306575963718807
1.2306575963718807
1.2306575963718807
1.2306575963718807
1.2306575963718807
1.2306575963718807
1.2306575963718807
1.184217687074831
1.2770975056689338
1.2770975056689338
1.2770975056689302
1.2770975056689338
1.2770975056689338
1.2770975056689338
1.2770975056689338
1.2770975056689338
1.2770975056689302
1.2306575963718807
1.2306575963718807
1.2306575963718807
1.2306575963718807
1.3699773242630364
1.4396371882086143
1.4396371882086143
1.4628571428571426
1.8343764172335604
1.8343764172335604
1.8343764172335568
1.8343764172335568
1.8343764172335604
1.8343764172335604
1.8343764172335604
1.8343764172335604
1.9504761904761914
1.9504761904761914
1.9504761904761914
1.9504761904761914
1.6253968253968232
1.6253968253968232
1.6253968253968232
1.6253968253968232
1.5557369614512488
1.4860770975056674
1.4860770975056674
1.4860770975056674
1.4860770975056674
1.4860770975056674
1.4860770975056674
1.4860770975056674
1.4860770975056674
1.3235374149659833
1.3235374149659833
1.3235374149659833
1.3235374149659833
1.4860770975056674
1.6021768707482984
1.6021768707482984
1.6021768707482984
1.6021768707482984
1.5092970521541922
1.5092970521541922
1.5092970521541922
1.5092970521541922
1.346757369614508
1.346757369614508
1.346757369614508
1.346757369614508
1.3467573696145116
1.36997732426304
1.36997732426304
1.36997732426304
1.36997732426304
1.3699773242630364
1.3699773242630364
1.3699773242630364
1.3699773242630364
1.4396371882086143
1.4396371882086143
1.4396371882086143
1.4396371882086143
1.5325170068027205
-0.09287981859410621
-0.09287981859410621
