OnSet desviation
0
-0.8359183673469387
-0.5572789115646257
-0.7430385487528341
-0.4643990929705213
-0.30185941043083897
-0.16253968253968232
-0.06965986394557788
0.04643990929705222
0.1160997732426301
0.30185941043083897
0.41795918367346907
0.5804988662131514
0.6733786848072558
0.9520181405895691
1.0681179138322001
1.184217687074831
1.6021768707482984
1.625396825396825
1.6486167800453515
1.4860770975056692
1.4628571428571426
1.4628571428571426
1.3235374149659869
1.3235374149659886
1.3003174603174585
1.091337868480725
1.091337868480725
1.0681179138321983
1.0681179138322001
1.0681179138322001
1.0681179138321983
1.0681179138321966
1.0681179138321966
1.0681179138322001
1.0681179138321966
1.0681179138321983
1.0681179138321966
1.0681179138321966
1.0681179138321966
1.021678004535147
1.021678004535147
0.9752380952380939
0.9984580498866187
0.9984580498866187
0.9984580498866187
0.9984580498866187
0.9520181405895691
0.9520181405895691
0.9520181405895691
0.9287981859410408
0.9287981859410408
0.9287981859410408
0.9287981859410408
0.9287981859410444
0.9287981859410444
0.9287981859410408
0.9287981859410408
0.9520181405895691
0.9752380952380939
0.9752380952380939
0.9520181405895691
0.9520181405895691
0.9520181405895691
0.9520181405895656
0.9520181405895691
0.9520181405895691
0.9520181405895691
0.9520181405895656
0.9287981859410444
0.905578231292516
0.905578231292516
0.9055782312925125
0.905578231292516
0.905578231292516
0.905578231292516
0.905578231292516
0.905578231292516
0.905578231292516
0.8591383219954629
0.8823582766439877
0.905578231292516
0.905578231292516
0.9984580498866187
1.0681179138321966
1.0681179138321966
1.2770975056689338
1.2770975056689338
1.2770975056689338
1.2770975056689302
1.2770975056689338
1.2770975056689338
1.2770975056689338
1.2770975056689338
1.2770975056689338
1.3931972789115648
1.3931972789115648
1.3931972789115648
1.3931972789115648
1.1145578231292497
1.1145578231292497
1.1145578231292497
1.1145578231292497
1.0448979591836718
1.0448979591836718
1.0448979591836718
1.0448979591836718
1.0448979591836718
1.0448979591836718
1.0448979591836718
1.0448979591836718
1.0448979591836718
0.9984580498866187
0.9984580498866187
0.9984580498866187
0.9984580498866187
0.9984580498866187
0.9984580498866222
0.9984580498866222
0.9984580498866222
0.9984580498866222
0.8126984126984098
0.8126984126984098
0.8126984126984098
0.8126984126984098
0.789478458049885
0.789478458049885
0.789478458049885
0.789478458049885
0.789478458049885
0.673378684807254
0.673378684807254
0.673378684807254
0.673378684807254
0.673378684807254
0.673378684807254
0.673378684807254
0.673378684807254
0.673378684807254
0.673378684807254
0.673378684807254
0.673378684807254
0.673378684807254
-0.4876190476190523
-0.4876190476190523
