OnSet desviation
0
0.2621311859410431
-0.05623649433106581
0.2523346009070293
0.07328664852607725
0.1728781519274376
0.04027010884353732
0.11664165759637246
0.05369347845805006
0.08362511791383209
0.11355675736961501
0.09704848752834483
0.05732026303854809
0.0872519024943319
0.0243037233560095
0.03101540816326498
-0.07837268027211053
0.0062530034013601465
0.021218823129251163
-0.010255266439910926
-0.018509401360546462
-0.14286330952380943
-0.15111744444444497
-0.2290314433106584
-0.21406562358276737
-0.21341953174603212
-0.21277343990929865
-0.21277343990929865
-0.2121273480725634
-0.21148125623582814
-0.21148125623582814
-0.21083516439909467
-0.2101890725623594
-0.2101890725623594
-0.20954298072562416
-0.23211684353741546
-0.2314707517006802
-0.23082465986394496
-0.23082465986394496
-0.23017856802721148
-0.229532476190478
-0.229532476190478
-0.3217662029478472
-0.3443400657596367
-0.3443400657596367
-0.4365737925170059
-0.4359277006802742
-0.5049414727891168
-0.7132749727891152
-0.7132749727891152
-0.7822887448979579
-0.7816426530612226
-0.7816426530612226
-0.7809965612244874
-0.7803504693877557
-0.7803504693877557
-0.7797043775510204
-0.7790582857142851
-0.8016321485260747
-0.8938658752834456
-0.8938658752834456
-0.8932197834467139
-0.8925736916099751
-0.8925736916099751
-0.8919275997732399
-0.8912815079365082
-0.8912815079365082
-0.8906354160997729
-0.8899893242630341
-0.9822230510204086
-1.0744567777777796
-1.0744567777777796
-1.0738106859410408
-1.0731645941043055
-1.0731645941043055
-1.0725185022675738
-1.0718724104308386
-1.0718724104308386
-1.0712263185941033
-1.0938001814058929
-1.232473817460317
-1.4175873628117905
-1.4175873628117905
-1.556260998866211
-1.648494725623582
-1.648494725623582
-1.6710685884353715
-1.6704224965986398
-1.6704224965986398
-1.669776404761901
-1.6691303129251693
-1.6678381292517024
-1.6678381292517024
-1.6678381292517024
-1.6678381292517024
-1.7826457188208629
-1.7826457188208629
-1.7826457188208629
-1.7826457188208629
-1.7813535351473888
-1.7813535351473888
-1.7813535351473888
-1.7813535351473888
-1.7800613514739219
-1.7787691678004514
-1.7787691678004514
-1.7787691678004514
-1.7787691678004514
-1.7774769841269809
-1.7774769841269809
-1.7774769841269809
-1.7774769841269809
-1.9387244829931944
-1.9387244829931944
-1.9387244829931944
-1.9387244829931944
-2.099971981859408
-2.214779571428572
-2.214779571428572
-2.214779571428572
-2.214779571428572
-2.2134873877551016
-2.2134873877551016
-2.2134873877551016
-2.2134873877551016
-2.212195204081631
-2.212195204081631
-2.212195204081631
-2.212195204081631
-2.210903020408164
-2.232830791383222
-2.232830791383222
-2.232830791383222
-2.232830791383222
-2.231538607709748
-2.231538607709748
-2.231538607709748
-2.231538607709748
-2.2302464240362774
-2.2302464240362774
-2.2302464240362774
-2.2302464240362774
-2.252174195011335
-0.624193002267571
-0.624193002267571
