OnSet desviation
0
0.35501100453514745
0.31528278004535126
0.3684343741496594
0.18938642176870735
0.5211774716553288
0.5743290657596374
0.5810407505668937
0.7038522086167802
0.68734393877551
0.7637154875283452
0.8168670816326529
0.8235787664399083
0.9696101791383214
0.9531019092970521
1.099133321995465
1.1058450068027206
1.283350509070294
1.4840759659863938
1.4758218310657583
1.4675676961451227
1.4593135612244907
1.4510594263038552
1.4428052913832197
1.4577711111111107
1.4119772936507928
1.3197435668934236
1.3197435668934236
1.320389658730159
1.3210357505668924
1.3210357505668924
1.3216818424036259
1.3223279342403629
1.3223279342403629
1.3229740260770981
1.3004001632653068
1.3010462551020403
1.3016923469387738
1.3016923469387738
1.3023384387755108
1.3029845306122443
1.3029845306122443
1.280410667800453
1.2810567596371882
1.2810567596371882
1.2352629421768704
1.189469124716549
1.0972353979591816
0.8889018979591832
0.8889018979591832
0.7966681712018122
0.7973142630385475
0.7973142630385475
0.7979603548752863
0.798606446712018
0.798606446712018
0.7992525385487497
0.7998986303854849
0.8005447222222237
0.8011908140589554
0.8011908140589554
0.7786169512471623
0.6399433151927454
0.6399433151927454
0.6405894070294771
0.6412354988662123
0.6412354988662123
0.6418815907029476
0.5960877732426333
0.4574141371882092
0.4580602290249409
0.4580602290249409
0.4587063208616762
0.459352412698415
0.459352412698415
0.4599985045351467
0.46064459637188193
0.46064459637188193
0.46129068820861363
0.4387168253968241
0.27682323469387526
0.09170968934240165
0.09170968934240165
-0.09340385600906842
-0.18563758276643938
-0.18563758276643938
-0.18499149092970413
-0.18434539909297243
-0.18434539909297243
-0.18369930725623718
-0.18305321541950192
-0.15854107709750664
-0.15854107709750664
-0.15854107709750664
-0.15854107709750664
-0.1572488934240397
-0.1572488934240397
-0.1572488934240397
-0.1572488934240397
-0.15595670975056564
-0.15595670975056564
-0.15595670975056564
-0.15595670975056564
-0.15466452607709513
-0.15337234240362818
-0.15337234240362818
-0.15337234240362818
-0.15337234240362818
-0.15208015873015768
-0.15208015873015768
-0.15208015873015768
-0.15208015873015768
-0.2901077029478465
-0.2901077029478465
-0.2901077029478465
-0.2901077029478465
-0.3816953378684822
-0.3804031541950117
-0.3804031541950117
-0.3804031541950117
-0.3804031541950117
-0.37911097052154474
-0.37911097052154474
-0.37911097052154474
-0.37911097052154474
-0.6100183333333362
-0.6100183333333362
-0.6100183333333362
-0.6100183333333362
-0.7016059682539719
-0.5842140113378704
-0.5842140113378704
-0.5842140113378704
-0.5842140113378704
-0.5829218276643999
-0.5829218276643999
-0.5829218276643999
-0.5829218276643999
-0.5816296439909294
-0.5816296439909294
-0.5816296439909294
-0.5816296439909294
-0.6035574149659872
0.6529045034013627
0.6529045034013627
