OnSet desviation
0
-0.6965986394557826
-0.5804988662131518
-0.48761904761904784
-0.41795918367346996
-0.41795918367346907
-0.41795918367346907
-0.44117913832199473
-0.16253968253968232
-0.1160997732426301
-0.023219954648526553
0.023219954648526553
0.023219954648526553
0.13931972789115754
0.2321995464852602
0.3018594104308381
0.30185941043083986
0.25541950113378675
0.2786394557823133
0.2786394557823133
0.25541950113378675
-0.046439909297053106
-0.06965986394557788
-0.16253968253968232
-0.25541950113378675
-0.20897959183673542
-0.2786394557823133
-0.2786394557823133
-0.2786394557823151
-0.27863945578231153
-0.27863945578231153
-0.27863945578231153
-0.2786394557823151
-0.2786394557823151
-0.27863945578231153
-0.2786394557823151
-0.27863945578231153
-0.27863945578231153
-0.27863945578231153
-0.2786394557823151
-0.27863945578231153
-0.27863945578231153
-0.37151927437641774
-0.4179591836734673
-0.4179591836734673
-0.48761904761904873
-0.4411791383219956
-0.4179591836734673
-0.4179591836734673
-0.4179591836734673
-0.4411791383219956
-0.4411791383219956
-0.4411791383219956
-0.4411791383219956
-0.4411791383219956
-0.4411791383219956
-0.4411791383219956
-0.44117913832199207
-0.4411791383219956
-0.4411791383219956
-0.4411791383219956
-0.4411791383219956
-0.3947392290249425
-0.3947392290249425
-0.4643990929705204
-0.5108390022675735
-0.5108390022675735
-0.5108390022675735
-0.46439909297052395
-0.48761904761904873
-0.6269387755102045
-0.6269387755102045
-0.6269387755102045
-0.6269387755102045
-0.6269387755102045
-0.6269387755102045
-0.6269387755102045
-0.6269387755102045
-0.6269387755102009
-0.6037188208616762
-0.5804988662131514
-0.6037188208616762
-0.6037188208616762
-0.5804988662131514
-0.5340589569161018
-0.5340589569161018
-0.5340589569160983
-0.5340589569160983
-0.5340589569160983
-0.5340589569160983
-0.5340589569161018
-0.5572789115646266
-0.5572789115646266
-0.5572789115646266
-0.5572789115646266
-0.789478458049885
-0.789478458049885
-0.789478458049885
-0.789478458049885
-0.8126984126984134
-0.8126984126984134
-0.8126984126984134
-0.8126984126984134
-0.8126984126984134
-0.8126984126984134
-0.8126984126984134
-0.8126984126984134
-0.8126984126984134
-0.8126984126984134
-0.8126984126984134
-0.8126984126984134
-0.8126984126984134
-0.8591383219954629
-0.8591383219954629
-0.8591383219954629
-0.8591383219954629
-0.8591383219954629
-0.8591383219954665
-0.8591383219954665
-0.8591383219954665
-0.8591383219954665
-1.091337868480725
-1.091337868480725
-1.091337868480725
-1.091337868480725
-0.905578231292516
-0.905578231292516
-0.905578231292516
-0.905578231292516
-0.8126984126984098
-0.9287981859410444
-0.9287981859410444
-0.9287981859410444
-0.9287981859410444
-0.9984580498866187
-0.9984580498866187
-0.9984580498866187
-0.9984580498866187
-0.9984580498866222
-0.9984580498866222
-0.9984580498866222
-0.9984580498866222
-0.9984580498866187
0.27863945578231153
0.27863945578231153
