OnSet desviation
0
0.0
0.11609977324263054
0.27863945578231286
0.25541950113378675
0.18575963718820887
0.16253968253968232
0.18575963718820887
0.32507936507936463
0.41795918367346907
0.4643990929705222
0.5804988662131514
0.6037188208616779
0.6269387755102045
0.6269387755102045
0.7198185941043072
0.7198185941043089
0.6733786848072558
0.5804988662131514
0.5804988662131514
0.5340589569161001
0.20897959183673365
0.20897959183673365
0.11609977324263099
0.0
-0.023219954648526553
-0.023219954648526553
-0.023219954648526553
-0.02321995464852833
-0.023219954648524777
-0.023219954648524777
-0.023219954648524777
-0.02321995464852833
-0.02321995464852833
-0.023219954648524777
-0.02321995464852833
-0.023219954648524777
-0.023219954648524777
-0.023219954648524777
-0.02321995464852833
-0.023219954648524777
-0.023219954648524777
-0.13931972789115576
-0.20897959183673365
-0.20897959183673365
-0.2786394557823151
-0.25541950113378675
-0.18575963718820887
-0.18575963718820887
-0.18575963718820887
-0.11609977324263099
-0.11609977324263099
-0.11609977324263099
-0.11609977324263099
-0.11609977324263099
-0.11609977324263099
-0.11609977324263099
-0.11609977324262744
-0.11609977324263099
-0.13931972789115576
-0.13931972789115576
-0.27863945578231153
-0.25541950113378675
-0.25541950113378675
-0.3018594104308363
-0.30185941043083986
-0.30185941043083986
-0.30185941043083986
-0.2554195011337903
-0.2786394557823151
-0.3947392290249425
-0.3947392290249425
-0.3947392290249425
-0.39473922902494607
-0.39473922902494607
-0.3947392290249425
-0.3947392290249425
-0.3947392290249425
-0.3947392290249425
-0.4179591836734673
-0.41795918367347085
-0.3947392290249425
-0.3947392290249425
-0.37151927437641774
-0.39473922902494607
-0.39473922902494607
-0.48761904761904873
-0.4876190476190452
-0.4876190476190452
-0.4876190476190452
-0.48761904761904873
-0.5108390022675735
-0.5108390022675735
-0.5108390022675735
-0.5108390022675735
-0.5340589569160983
-0.5340589569160983
-0.5340589569160983
-0.5340589569160983
-0.5340589569160983
-0.5340589569160983
-0.5340589569160983
-0.5340589569160983
-0.5340589569161018
-0.5340589569160983
-0.5340589569160983
-0.5340589569160983
-0.5340589569160983
-0.5340589569161018
-0.5340589569161018
-0.5340589569161018
-0.5340589569161018
-0.6733786848072576
-0.6733786848072576
-0.6733786848072576
-0.6733786848072576
-0.8126984126984134
-0.8126984126984134
-0.8126984126984134
-0.8126984126984134
-0.8126984126984134
-0.8126984126984098
-0.8126984126984098
-0.8126984126984098
-0.8126984126984098
-0.8823582766439912
-0.8823582766439912
-0.8823582766439912
-0.8823582766439912
-0.789478458049885
-0.905578231292516
-0.905578231292516
-0.905578231292516
-0.905578231292516
-0.905578231292516
-0.905578231292516
-0.905578231292516
-0.905578231292516
-0.905578231292516
-0.905578231292516
-0.905578231292516
-0.905578231292516
-0.905578231292516
-0.8126984126984169
-0.8126984126984169
