OnSet desviation
0
1.16770941723356
1.2440809659863945
1.4597722426303852
1.257504335600907
1.5196355215419501
1.5495671609977322
1.579498800453515
1.8416299863945573
1.9180015351473916
2.04081299319728
2.2100643605442176
2.2399959999999997
2.4092473673469392
2.39273909750567
2.6316503287981856
2.638362013605443
2.769427606575963
2.8772732448979585
2.869019109977323
2.814325065759636
2.4809915657596378
2.472737430839002
2.371603477324264
2.270469523809524
2.2014557517006796
2.1092220249433105
2.1092220249433105
2.109868116780044
2.110514208616781
2.110514208616781
2.1111603004535144
2.111806392290248
2.111806392290248
2.1124524841269867
2.089878621315192
2.090524713151929
2.0911708049886624
2.0911708049886624
2.091816896825396
2.092462988662133
2.092462988662133
1.9537893526077106
1.884775580498868
1.884775580498868
1.7693218990929687
1.7467480362811756
1.724174173469386
1.5158406734693877
1.5158406734693877
1.4932668106575946
1.4939129024943298
1.4939129024943298
1.4945589943310686
1.4952050861678003
1.4952050861678003
1.495851178004532
1.4964972698412708
1.497143361678006
1.474569498866213
1.474569498866213
1.3126759081632642
1.197222226757372
1.197222226757372
1.1514284092970541
1.1520745011337858
1.1520745011337858
1.152720592970521
1.1533666848072563
0.9914730941043075
0.8760194126984118
0.8760194126984118
0.876665504535147
0.8773115963718823
0.8773115963718823
0.8779576882086175
0.8786037800453528
0.8786037800453528
0.8792498718820845
0.8334560544217702
0.6715624637188178
0.5096688730158725
0.5096688730158725
0.3477752823129272
0.23232160090702791
0.23232160090702791
0.1400878741496605
0.14073396598639576
0.14073396598639576
0.141380057823131
0.1420261496598627
0.14331833333333321
0.14331833333333321
0.14331833333333321
0.14331833333333321
0.12139056235827539
0.12139056235827539
0.12139056235827539
0.12139056235827539
0.12268274603174945
0.12268274603174945
0.12268274603174945
0.12268274603174945
0.1239749297052164
0.1252671133786869
0.1252671133786869
0.1252671133786869
0.1252671133786869
0.12655929705215385
0.12655929705215385
0.12655929705215385
0.12655929705215385
-0.15078797505669073
-0.15078797505669073
-0.15078797505669073
-0.15078797505669073
-0.3816953378684822
-0.3804031541950117
-0.3804031541950117
-0.3804031541950117
-0.3804031541950117
-0.3791109705215412
-0.3791109705215412
-0.3791109705215412
-0.3791109705215412
-0.6796781972789141
-0.6796781972789141
-0.6796781972789141
-0.6796781972789141
-0.6783860136054436
-0.6770938299319731
-0.6770938299319731
-0.6770938299319731
-0.6770938299319731
-0.6758016462585026
-0.6758016462585026
-0.6758016462585026
-0.6758016462585026
-0.6745094625850321
-0.6745094625850321
-0.6745094625850321
-0.6745094625850321
-0.6964372335600899
0.6529045034013592
0.6529045034013592
