OnSet desviation
0
-0.7662585034013609
-0.7430385487528341
-0.7894784580498859
-0.6965986394557815
-0.8126984126984125
-0.8823582766439904
-1.0448979591836736
-1.0448979591836727
-1.0681179138322001
-1.2074376417233577
-1.2074376417233577
-1.3003174603174603
-1.3003174603174603
-1.3931972789115648
-1.4628571428571426
-1.416417233560093
-1.4164172335600895
-1.5789569160997736
-1.5789569160997736
-1.88081632653061
-2.1826757369614533
-2.484535147392293
-2.7863945578231295
-2.7863945578231295
-2.7863945578231295
-2.809614512471658
-2.809614512471658
-2.8328344671201826
-2.8328344671201826
-2.8328344671201826
-2.9024943310657605
-3.8545124716553296
-3.8545124716553296
-4.388571428571428
-4.458231292517006
-4.551111111111112
-4.551111111111112
-4.551111111111112
-4.551111111111112
-4.667210884353743
-4.667210884353743
-4.876190476190477
-4.899410430839001
-4.899410430839001
-4.92263038548753
-4.92263038548753
-4.969070294784583
-5.154829931972788
-5.154829931972788
-5.154829931972788
-5.154829931972792
-5.154829931972792
-5.154829931972788
-5.874648526077099
-5.874648526077099
-6.478367346938775
-6.478367346938779
-6.548027210884353
-6.664126984126984
-6.664126984126984
-6.733786848072565
-6.733786848072562
-6.733786848072562
-6.733786848072562
-7.1053061224489795
-7.1053061224489795
-7.105306122448983
-7.1053061224489795
-7.1053061224489795
-7.105306122448983
-7.105306122448983
-7.1053061224489795
-7.1053061224489795
-7.1053061224489795
-7.1053061224489795
-7.1053061224489795
-7.1053061224489795
-7.1053061224489795
-7.244625850340135
-7.407165532879816
-7.592925170068028
-7.592925170068028
-7.6858049886621345
-7.685804988662131
-7.685804988662131
-7.8019047619047655
-8.010884353741496
-8.010884353741496
-8.010884353741496
-8.010884353741499
-8.010884353741499
-8.010884353741499
-8.010884353741499
-8.010884353741499
-8.010884353741496
-8.010884353741496
-8.010884353741496
-8.010884353741496
-8.010884353741499
-8.010884353741499
-8.010884353741499
-8.010884353741499
-8.010884353741499
-8.010884353741496
-8.010884353741496
-8.010884353741496
-8.010884353741496
-8.010884353741496
-8.010884353741496
-8.010884353741496
-8.010884353741496
-8.010884353741499
-8.010884353741499
-8.010884353741499
-8.010884353741499
-8.103764172335602
-8.103764172335598
-8.103764172335598
-8.103764172335598
-8.103764172335598
-8.103764172335605
-8.103764172335605
-8.103764172335605
-8.103764172335605
-8.103764172335602
-8.103764172335602
-8.103764172335602
-8.103764172335602
-8.103764172335602
-8.103764172335605
-8.103764172335605
-8.103764172335605
-8.103764172335605
-8.103764172335605
-8.103764172335605
-8.103764172335605
-8.103764172335605
-8.103764172335598
-8.103764172335598
-8.103764172335598
-8.103764172335598
-8.68426303854875
-8.591383219954643
-8.591383219954643
