OnSet desviation
0
-0.9520181405895696
-1.160997732426304
-1.3931972789115643
-1.3931972789115648
-1.671836734693878
-1.7879365079365082
-2.159455782312926
-2.229115646258503
-2.4148752834467118
-2.693514739229026
-2.832834467120181
-2.832834467120181
-3.0418140589569145
-3.413333333333332
-3.5758730158730145
-3.900952380952381
-4.040272108843537
-4.109931972789115
-4.109931972789115
-4.458231292517004
-4.806530612244897
-5.108390022675737
-5.38702947845805
-5.387029478458048
-5.38702947845805
-5.387029478458048
-5.387029478458048
-5.456689342403626
-5.526349206349208
-5.526349206349208
-5.61922902494331
-6.524807256235826
-6.524807256235826
-7.058866213151925
-7.058866213151926
-7.082086167800455
-7.174965986394561
-7.174965986394561
-7.174965986394557
-7.291065759637188
-7.291065759637188
-7.500045351473926
-7.500045351473926
-7.500045351473926
-7.500045351473922
-7.52326530612245
-7.662585034013606
-7.87156462585034
-7.87156462585034
-8.010884353741496
-8.010884353741499
-8.010884353741499
-8.010884353741499
-8.730702947845806
-8.730702947845806
-9.334421768707482
-9.334421768707486
-9.35764172335601
-9.473741496598638
-9.473741496598638
-9.54340136054422
-9.54340136054422
-9.54340136054422
-9.543401360544216
-9.914920634920634
-9.914920634920634
-9.914920634920637
-9.914920634920637
-10.077460317460318
-10.077460317460321
-10.077460317460321
-10.077460317460318
-10.077460317460318
-10.077460317460318
-10.077460317460318
-10.077460317460318
-10.077460317460318
-10.077460317460318
-10.123900226757371
-10.286439909297052
-10.42575963718821
-10.42575963718821
-10.42575963718821
-10.425759637188207
-10.425759637188207
-10.42575963718821
-10.425759637188207
-10.425759637188207
-10.541859410430838
-10.634739229024948
-10.634739229024945
-10.634739229024945
-10.634739229024945
-10.634739229024945
-10.65795918367347
-10.65795918367347
-10.65795918367347
-10.65795918367347
-10.657959183673473
-10.657959183673473
-10.657959183673473
-10.657959183673473
-10.657959183673473
-10.65795918367347
-10.65795918367347
-10.65795918367347
-10.65795918367347
-10.657959183673466
-10.657959183673466
-10.657959183673466
-10.657959183673466
-10.657959183673473
-10.657959183673473
-10.657959183673473
-10.657959183673473
-10.65795918367347
-10.65795918367347
-10.65795918367347
-10.65795918367347
-10.65795918367347
-10.657959183673473
-10.657959183673473
-10.657959183673473
-10.657959183673473
-10.65795918367347
-10.65795918367347
-10.65795918367347
-10.65795918367347
-10.65795918367347
-10.657959183673473
-10.657959183673473
-10.657959183673473
-10.657959183673473
-10.657959183673473
-10.657959183673473
-10.657959183673473
-10.657959183673473
-10.65795918367347
-10.65795918367347
-10.65795918367347
-10.65795918367347
-11.238458049886624
-9.798820861678003
-9.798820861678003
