OnSet desviation
0
-0.9984580498866213
-1.2306575963718824
-1.4164172335600909
-1.5092970521541957
-1.671836734693878
-1.7182766439909303
-1.9272562358276648
-1.9969160997732427
-2.159455782312925
-2.2987755102040817
-2.4380952380952365
-2.345215419501134
-2.5541950113378675
-2.832834467120181
-2.9257142857142853
-3.2972335600907012
-3.4365532879818605
-3.3436734693877543
-3.3436734693877543
-3.3901133786848074
-3.436553287981857
-3.436553287981857
-3.413333333333334
-3.413333333333332
-3.413333333333334
-3.390113378684804
-3.390113378684804
-3.436553287981857
-3.5062131519274384
-3.5062131519274384
-3.529433106575963
-3.48299319727891
-3.48299319727891
-3.48299319727891
-3.413333333333334
-3.343673469387756
-3.4365532879818623
-3.4365532879818623
-3.4365532879818588
-3.4365532879818588
-3.4365532879818588
-3.4365532879818623
-3.4133333333333375
-3.4133333333333375
-3.3901133786848057
-3.413333333333334
-3.5062131519274367
-3.529433106575965
-3.529433106575965
-3.6687528344671207
-3.6687528344671207
-3.6687528344671207
-3.6687528344671243
-3.6687528344671207
-3.6687528344671207
-3.6687528344671207
-3.6687528344671207
-3.622312925170071
-3.6223129251700676
-3.6223129251700676
-3.6223129251700676
-3.622312925170071
-3.622312925170071
-3.6223129251700676
-3.6223129251700676
-3.6223129251700676
-3.6223129251700676
-3.622312925170071
-3.7848526077097517
-3.7848526077097517
-3.7848526077097517
-3.7848526077097517
-3.7848526077097517
-3.7848526077097517
-3.7848526077097517
-3.7848526077097517
-3.7848526077097517
-3.7848526077097517
-3.691972789115649
-3.691972789115649
-3.645532879818596
-3.645532879818596
-3.5526530612244898
-3.5526530612244898
-3.5526530612244898
-3.4365532879818588
-3.227573696145125
-3.227573696145125
-3.343673469387756
-3.4365532879818623
-3.4365532879818588
-3.4365532879818588
-3.4365532879818588
-3.4365532879818588
-3.459773242630387
-3.459773242630387
-3.459773242630387
-3.459773242630387
-3.459773242630387
-3.459773242630387
-3.459773242630387
-3.459773242630387
-3.459773242630387
-3.459773242630387
-3.459773242630387
-3.459773242630387
-3.459773242630387
-3.4597732426303835
-3.4597732426303835
-3.4597732426303835
-3.4597732426303835
-3.459773242630387
-3.459773242630387
-3.459773242630387
-3.459773242630387
-3.366893424036281
-3.3668934240362844
-3.3668934240362844
-3.3668934240362844
-3.3668934240362844
-3.366893424036281
-3.366893424036281
-3.366893424036281
-3.366893424036281
-3.366893424036281
-3.366893424036281
-3.366893424036281
-3.366893424036281
-3.366893424036281
-3.366893424036281
-3.366893424036281
-3.366893424036281
-3.366893424036281
-3.366893424036281
-3.366893424036281
-3.366893424036281
-3.366893424036281
-3.3668934240362844
-3.3668934240362844
-3.3668934240362844
-3.3668934240362844
-3.3668934240362844
-2.0201360544217692
-2.0201360544217692
