OnSet desviation
0
0.47111077777777755
0.38494264399092937
0.6702937845804988
0.7002254240362809
0.8926967460317456
0.8761884761904755
0.9061201156462584
1.075371482993197
1.174962986394557
1.2513345351473921
1.397365947845806
1.5666173151927438
1.6429888639455807
1.8122402312925185
1.818951916099774
1.7095638276644003
1.7709695566893426
1.948475058956916
1.9402209240362804
1.8390869705215422
1.5057534705215438
1.4974993356009083
1.3963653820861683
1.4113312018140594
1.4119772936507946
1.4126233854875299
1.4126233854875299
1.3436096133786855
1.274595841269841
1.274595841269841
1.1823621145124719
1.1830082063492053
1.1830082063492053
1.1836542981859441
1.161080435374151
1.1385065725623562
1.046272845804987
1.046272845804987
1.046918937641724
1.0475650294784575
1.0475650294784575
1.048211121315191
1.0488572131519263
1.0488572131519263
1.0495033049886615
1.0269294421768684
0.8882558061224479
0.6799223061224495
0.6799223061224495
0.5412486700680255
0.5418947619047607
0.5418947619047607
0.542540853741496
0.5431869455782312
0.5431869455782312
0.5438330374149629
0.5444791292516982
0.5219052664399086
0.4064515850340129
0.4064515850340129
0.3374378129251667
0.33808390476190553
0.33808390476190553
0.3387299965986408
0.3393760884353725
0.3393760884353725
0.34002218027210773
0.340668272108843
0.17877468140589414
0.17942077324262584
0.17942077324262584
0.18006686507936465
0.1807129569160999
0.1807129569160999
0.1813590487528316
0.1820051405895704
0.1820051405895704
0.1826512324263021
0.13685741496598425
-0.025036175736964594
-0.1637098117913851
-0.1637098117913851
-0.1630637199546463
-0.18563758276643938
-0.18563758276643938
-0.18499149092970413
-0.18434539909297243
-0.18434539909297243
-0.2997990804988646
-0.3920328072562391
-0.3907406235827686
-0.3907406235827686
-0.3907406235827686
-0.3907406235827686
-0.41266839455782645
-0.41266839455782645
-0.41266839455782645
-0.41266839455782645
-0.4113762108843524
-0.4113762108843524
-0.4113762108843524
-0.4113762108843524
-0.41008402721088544
-0.40879184353741493
-0.40879184353741493
-0.40879184353741493
-0.40879184353741493
-0.40749965986394443
-0.40749965986394443
-0.40749965986394443
-0.40749965986394443
-0.4062074761904775
-0.4062074761904775
-0.4062074761904775
-0.4062074761904775
-0.404915292517007
-0.40362310884354
-0.40362310884354
-0.40362310884354
-0.40362310884354
-0.4023309251700695
-0.4023309251700695
-0.4023309251700695
-0.4023309251700695
-0.401038741496599
-0.401038741496599
-0.401038741496599
-0.401038741496599
-0.39974655782313206
-0.39845437414966156
-0.39845437414966156
-0.39845437414966156
-0.39845437414966156
-0.39716219047619106
-0.39716219047619106
-0.39716219047619106
-0.39716219047619106
-0.39587000680272055
-0.39587000680272055
-0.39587000680272055
-0.39587000680272055
-0.4177977777777784
1.024423777777777
1.024423777777777
