OnSet desviation
0
-1.0913378684807258
-1.3699773242630384
-1.648616780045351
-1.9504761904761905
-2.2058956916099772
-2.391655328798186
-2.6238548752834463
-2.8096145124716543
-3.13469387755102
-3.413333333333333
-3.5758730158730154
-3.761632653061225
-3.9706122448979606
-4.156371882086168
-4.504671201814059
-4.806530612244899
-4.876190476190478
-4.9458503401360545
-4.945850340136056
-5.340589569160999
-5.758548752834466
-5.804988662131519
-5.990748299319728
-6.037188208616783
-6.037188208616781
-6.037188208616781
-6.037188208616781
-6.037188208616779
-6.037188208616781
-6.037188208616781
-6.037188208616781
-6.9892063492063485
-6.9892063492063485
-8.150204081632655
-8.150204081632655
-8.150204081632655
-8.150204081632651
-8.150204081632651
-8.150204081632655
-8.684263038548753
-8.684263038548753
-9.148662131519274
-9.148662131519274
-9.148662131519274
-9.218321995464855
-9.218321995464855
-9.218321995464851
-9.218321995464855
-9.218321995464855
-9.218321995464855
-9.218321995464851
-9.218321995464851
-9.218321995464851
-9.218321995464855
-9.218321995464855
-11.42421768707483
-11.702857142857145
-11.702857142857145
-11.702857142857145
-11.702857142857145
-11.702857142857141
-11.702857142857145
-11.702857142857145
-11.702857142857145
-12.074376417233559
-12.074376417233559
-12.79419501133787
-12.794195011337873
-12.79419501133787
-12.79419501133787
-12.79419501133787
-12.794195011337866
-12.79419501133787
-12.79419501133787
-12.79419501133787
-13.792653061224488
-13.792653061224488
-14.32671201814059
-14.326712018140594
-14.419591836734693
-14.419591836734693
-14.419591836734693
-14.32671201814059
-14.164172335600906
-14.164172335600906
-14.001632653061225
-13.839092970521541
-13.839092970521541
-13.722993197278914
-13.049614512471653
-14.233832199546484
-14.233832199546484
-14.233832199546484
-14.233832199546484
-14.233832199546484
-14.233832199546484
-14.233832199546484
-14.233832199546484
-13.653333333333336
-13.653333333333336
-13.653333333333336
-13.653333333333336
-13.653333333333332
-13.653333333333332
-13.653333333333332
-13.653333333333332
-13.653333333333332
-13.653333333333336
-13.653333333333336
-13.653333333333336
-13.653333333333336
-13.653333333333336
-13.653333333333336
-13.653333333333336
-13.653333333333336
-13.235374149659862
-13.235374149659862
-13.235374149659862
-13.235374149659862
-13.235374149659862
-13.235374149659865
-13.235374149659865
-13.235374149659865
-13.235374149659865
-13.235374149659865
-13.235374149659865
-13.235374149659865
-13.235374149659865
-12.561995464852611
-12.747755102040816
-12.747755102040816
-12.747755102040816
-12.747755102040816
-12.747755102040816
-12.747755102040816
-12.747755102040816
-12.747755102040816
-12.747755102040813
-12.747755102040813
-12.747755102040813
-12.747755102040813
-14.210612244897952
-14.257052154195009
-14.257052154195009
