OnSet desviation
0
0.5639905963718822
0.7796818730158728
1.2507926507936507
1.3039442448979588
1.9375947052154192
2.222945845804988
2.6940566235827657
2.932967854875284
3.3344187687074838
3.642989863945578
4.137320596371882
4.492331600907029
4.917002469387757
5.202353609977326
5.534144659863946
5.540856344671203
6.0202212573696166
6.058407031746031
5.910833168934239
5.879359079365079
6.056864581632654
6.025390492063494
6.017136357142858
6.0321021768707475
6.0327482687074845
6.033394360544218
6.033394360544218
6.034040452380951
6.0346865442176885
6.0346865442176885
6.035332636054422
6.407498002267573
6.407498002267573
6.918983096371882
6.896409233560091
6.897055325396828
6.897701417233561
6.897701417233561
7.0841071462585035
7.43305255782313
7.43305255782313
7.433698649659863
7.434344741496602
7.434344741496602
7.690410334467121
7.691056426303852
7.691702518140588
7.692348609977326
7.692348609977326
7.692994701814058
7.693640793650793
7.693640793650793
7.694286885487532
7.880692614512473
7.880692614512473
8.299297890022675
8.439263709750566
8.439909801587305
8.440555893424037
8.440555893424037
8.441201985260768
8.441848077097507
8.441848077097507
8.442494168934243
8.443140260770974
8.443140260770974
8.908185445578233
8.908831537414969
8.9094776292517
8.910123721088436
8.910123721088436
8.910769812925171
8.911415904761906
8.911415904761906
8.912061996598638
9.446767045351475
9.446767045351475
9.586732865079366
9.587378956916101
9.588025048752836
9.495791321995469
9.495791321995469
9.310677776643995
9.288103913832199
9.288103913832199
9.288750005668938
9.289396097505662
9.289396097505662
9.290042189342401
9.569327736961448
9.570619920634915
9.570619920634915
9.570619920634915
9.570619920634915
9.571912104308389
9.571912104308389
9.571912104308389
9.571912104308389
9.57320428798186
9.57320428798186
9.57320428798186
9.57320428798186
9.574496471655326
9.575788655328793
9.575788655328793
9.575788655328793
9.575788655328793
9.577080839002267
9.577080839002267
9.577080839002267
9.577080839002267
9.578373022675734
9.578373022675734
9.578373022675734
9.578373022675734
9.579665206349201
9.580957390022675
9.580957390022675
9.580957390022675
9.580957390022675
9.582249573696142
9.582249573696142
9.582249573696142
9.582249573696142
9.58354175736961
9.58354175736961
9.58354175736961
9.58354175736961
9.631273850340133
9.864765580498862
9.864765580498862
9.864765580498862
9.864765580498862
9.866057764172332
9.866057764172332
9.866057764172332
9.866057764172332
9.867349947845806
9.867349947845806
9.867349947845806
9.867349947845806
11.331499274376412
11.519843278911559
11.519843278911559
