OnSet desviation
0
0.2389112312925169
0.12952314285714284
0.27555455555555586
0.02684673922902503
0.2889779251700686
0.24924970068027186
0.30240129478458133
0.23945311564625893
0.2926047097505666
0.32253634920634955
0.49178771655328735
0.42883953741496406
0.5748709501133789
0.5583626802721096
0.6579541836734695
0.3628064580498851
0.6564117335600894
0.7178174625850335
0.6863433730158714
0.3530098730158713
0.32153578344671274
0.2668417392290241
0.1657077857142859
0.13423369614512382
0.13487978798185907
0.13552587981859254
0.13552587981859254
0.1361719716553278
0.13681806349206305
0.13681806349206305
0.13746415532879652
0.13811024716553177
0.13811024716553177
0.13875633900226703
0.11618247619047573
0.1168285680272092
0.11747465986394623
0.11747465986394623
0.1181207517006797
0.11876684353741318
0.11876684353741318
0.11941293537415021
0.12005902721088546
0.12005902721088546
0.12070511904761716
0.12135121088434886
0.12199730272108766
0.12264339455782292
0.12264339455782292
0.12328948639455461
0.12393557823129342
0.12393557823129342
0.12458167006802867
0.12522776190476037
0.12522776190476037
0.12587385374149562
0.12651994557823087
0.12716603741496613
0.12781212925169783
0.12781212925169783
0.12845822108843308
0.12910431292517188
0.12910431292517188
0.12975040476190358
0.13039649659863883
0.13039649659863883
0.13104258843537409
0.13168868027210934
0.13233477210884104
0.1329808639455763
0.1329808639455763
0.13362695578231154
0.1342730476190468
0.1342730476190468
0.13491913945578204
0.2516650045351483
0.2516650045351483
0.25231109637188
0.25295718820861524
0.16072346145124428
0.06848973469387687
0.06848973469387687
0.06913582653061212
0.046561963718819044
0.046561963718819044
0.04720805555555785
0.04785414739228955
0.04785414739228955
0.0485002392290248
0.7225250158730141
0.7238171995464846
0.7238171995464846
0.7238171995464846
0.7238171995464846
0.7251093832199516
0.7251093832199516
0.7251093832199516
0.7251093832199516
1.306900433106577
1.306900433106577
1.306900433106577
1.306900433106577
1.3081926167800475
1.3094848004535145
1.3094848004535145
1.3094848004535145
1.3094848004535145
1.310776984126985
1.310776984126985
1.310776984126985
1.310776984126985
1.312069167800452
1.312069167800452
1.312069167800452
1.312069167800452
1.7313205351473933
1.7326127188208602
1.7326127188208602
1.7326127188208602
1.7326127188208602
1.7339049024943307
1.7339049024943307
1.7339049024943307
1.7339049024943307
1.7351970861677977
1.7351970861677977
1.7351970861677977
1.7351970861677977
2.4563078639455753
2.480820002267574
2.480820002267574
2.480820002267574
2.480820002267574
2.4821121859410447
2.4821121859410447
2.4821121859410447
2.4821121859410447
2.483404369614515
2.483404369614515
2.483404369614515
2.483404369614515
2.507916507936514
2.510500875283448
2.510500875283448
