OnSet desviation
0
0.4478908231292519
0.6171421904761905
1.0418130589569161
1.0949646530612247
1.6125153401360546
1.7585467528344667
2.0438978934240364
2.166709351473922
2.544940310657595
2.8535114058956914
3.1853024557823115
3.308113913832198
3.663124918367348
3.832376285714286
4.280267108843537
4.286978793650793
4.650243933106577
4.781309526077097
4.7498354365079365
4.811241165532879
5.197726259637188
5.189472124716552
5.274097808390023
5.2890636281179155
5.289709719954649
5.2903558117913825
5.2903558117913825
5.291001903628116
5.291647995464853
5.291647995464853
5.2922940873015865
6.244958319727889
6.244958319727889
7.406602143990931
7.384028281179139
7.384674373015873
7.385320464852606
7.385320464852606
7.385966556689343
7.920671605442175
7.920671605442175
8.385716790249433
8.386362882086168
8.386362882086168
8.456668837868481
8.457314929705213
8.457961021541948
8.458607113378687
8.458607113378687
8.459253205215418
8.459899297052154
8.459899297052154
8.460545388888889
8.461191480725624
8.461191480725624
10.667733264172334
10.947018811791384
10.94766490362812
10.948310995464851
10.948310995464851
10.948957087301583
10.949603179138325
10.949603179138325
10.950249270975057
11.322414637188206
11.322414637188206
12.042879323129252
12.043525414965991
12.04417150680272
12.044817598639455
12.044817598639455
12.045463690476186
12.046109782312925
12.046109782312925
12.04675587414966
13.161959789115645
13.161959789115645
13.696664837868479
13.697310929705218
13.697957021541946
13.605723294784578
13.605723294784578
13.513489568027211
13.328376022675734
13.328376022675734
13.166482431972792
13.00458884126984
13.00458884126984
12.889135159863947
12.889781251700676
14.075291122448977
14.075291122448977
14.075291122448977
14.075291122448977
14.076583306122444
14.076583306122444
14.076583306122444
14.076583306122444
14.077875489795922
14.077875489795922
14.077875489795922
14.077875489795922
14.079167673469389
14.080459857142856
14.080459857142856
14.080459857142856
14.080459857142856
14.08175204081633
14.08175204081633
14.08175204081633
14.08175204081633
14.083044224489797
14.083044224489797
14.083044224489797
14.083044224489797
14.084336408163264
14.08562859183673
14.08562859183673
14.08562859183673
14.08562859183673
14.086920775510205
14.086920775510205
14.086920775510205
14.086920775510205
14.088212959183672
14.088212959183672
14.088212959183672
14.088212959183672
14.135945052154195
14.3462168276644
14.3462168276644
14.3462168276644
14.3462168276644
14.34750901133787
14.34750901133787
14.34750901133787
14.34750901133787
14.348801195011337
14.348801195011337
14.348801195011337
14.348801195011337
15.836170476190475
15.885194752834465
15.885194752834465
