OnSet desviation
0
-0.7662585034013605
-0.7198185941043085
-0.6733786848072563
-0.6733786848072567
-0.5572789115646266
-0.41795918367346996
-0.23219954648526198
-0.11609977324262921
-0.09287981859410266
-0.09287981859410444
0.06965986394557966
0.30185941043083986
0.37151927437641774
0.48761904761904873
0.37151927437641774
0.3715192743764195
0.48761904761904873
0.3947392290249425
0.27863945578231153
0.18575963718820887
-0.023219954648524777
-0.04643990929704955
-0.13931972789115576
-0.13931972789115932
-0.13931972789115576
-0.13931972789115576
-0.13931972789115576
-0.13931972789115576
-0.13931972789115576
-0.13931972789115576
-0.13931972789115576
-0.7198185941043072
-0.7198185941043072
-1.36997732426304
-1.36997732426304
-1.3699773242630364
-1.3699773242630364
-1.3699773242630364
-1.184217687074831
-1.3699773242630364
-1.3699773242630364
-1.8343764172335604
-1.8343764172335568
-1.8343764172335568
-1.6486167800453515
-1.6486167800453515
-1.6486167800453515
-1.6486167800453515
-1.6486167800453515
-1.6486167800453515
-1.6486167800453515
-1.6486167800453515
-1.648616780045348
-1.4628571428571426
-1.4628571428571426
-3.25079365079365
-3.390113378684809
-3.3901133786848057
-3.3901133786848057
-3.3901133786848057
-3.3901133786848057
-3.390113378684809
-3.390113378684809
-3.3901133786848057
-3.7616326530612234
-3.7616326530612234
-4.01705215419501
-4.017052154195014
-4.01705215419501
-4.01705215419501
-4.01705215419501
-4.017052154195007
-4.01705215419501
-4.01705215419501
-4.017052154195014
-4.5975510204081615
-4.5975510204081615
-4.992290249433104
-4.992290249433108
-4.9922902494331005
-4.9922902494331005
-4.9922902494331005
-5.085170068027207
-4.922630385487526
-4.922630385487526
-4.760090702947846
-4.597551020408169
-4.597551020408169
-4.481451247165538
-4.202811791383219
-5.387029478458054
-5.387029478458054
-5.387029478458054
-5.387029478458054
-5.387029478458047
-5.387029478458047
-5.387029478458047
-5.387029478458047
-5.387029478458054
-5.387029478458054
-5.387029478458054
-5.387029478458054
-5.387029478458054
-5.387029478458054
-5.387029478458054
-5.387029478458054
-5.387029478458054
-5.387029478458054
-5.387029478458054
-5.387029478458054
-5.387029478458054
-5.387029478458054
-5.387029478458054
-5.387029478458054
-5.387029478458054
-5.387029478458054
-5.387029478458047
-5.387029478458047
-5.387029478458047
-5.387029478458047
-5.387029478458054
-5.387029478458054
-5.387029478458054
-5.387029478458054
-5.387029478458054
-5.387029478458054
-5.387029478458054
-5.387029478458054
-5.387029478458054
-5.363809523809529
-5.363809523809529
-5.363809523809529
-5.363809523809529
-5.363809523809529
-5.363809523809529
-5.363809523809529
-5.363809523809529
-5.363809523809522
-5.363809523809522
-5.363809523809522
-5.363809523809522
-5.387029478458054
-5.247709750566898
-5.247709750566898
