OnSet desviation
0
-0.4876190476190474
-0.16253968253968276
0.16253968253968232
0.4643990929705213
0.8359183673469381
1.1609977324263037
1.5789569160997718
1.8808163265306126
2.2291156462585047
2.507755102040816
2.8328344671201826
3.2507936507936517
3.529433106575965
3.831292517006803
4.063492063492063
4.365351473922905
4.551111111111114
4.527891156462584
4.4117913832199545
4.713650793650794
4.922630385487528
4.945850340136056
5.038730158730159
5.08517006802721
5.085170068027212
5.085170068027212
5.085170068027212
5.08517006802721
5.085170068027212
5.085170068027212
5.085170068027212
5.456689342403628
5.456689342403628
5.9675283446712015
5.9675283446712015
5.967528344671205
5.9675283446712015
5.9675283446712015
6.15328798185941
6.501587301587303
6.501587301587303
6.5015873015873
6.501587301587303
6.501587301587303
6.75700680272109
6.75700680272109
6.757006802721087
6.75700680272109
6.75700680272109
6.75700680272109
6.757006802721087
6.757006802721087
6.75700680272109
6.942766439909299
6.942766439909299
7.360725623582766
7.500045351473922
7.500045351473926
7.500045351473926
7.500045351473926
7.500045351473922
7.500045351473922
7.500045351473922
7.500045351473926
7.500045351473922
7.500045351473922
7.964444444444446
7.964444444444446
7.964444444444446
7.964444444444446
7.964444444444446
7.964444444444446
7.964444444444446
7.964444444444446
7.964444444444442
8.382403628117913
8.382403628117913
8.521723356009073
8.521723356009073
8.614603174603179
8.614603174603179
8.614603174603179
8.42884353741497
8.428843537414966
8.428843537414966
8.428843537414966
8.42884353741496
8.42884353741496
8.428843537414963
8.03410430839002
8.034104308390017
8.034104308390017
8.034104308390017
8.034104308390017
8.034104308390024
8.034104308390024
8.034104308390024
8.034104308390024
7.453605442176869
7.453605442176869
7.453605442176869
7.453605442176869
7.453605442176865
7.453605442176865
7.453605442176865
7.453605442176865
7.453605442176865
7.453605442176869
7.453605442176869
7.453605442176869
7.453605442176869
7.453605442176869
7.453605442176869
7.453605442176869
7.453605442176869
7.0356462585033945
7.035646258503402
7.035646258503402
7.035646258503402
7.035646258503402
7.035646258503398
7.035646258503398
7.035646258503398
7.035646258503398
7.035646258503398
7.035646258503398
7.035646258503398
7.035646258503398
6.362267573696144
6.571247165532874
6.571247165532874
6.571247165532874
6.571247165532874
6.571247165532874
6.571247165532874
6.571247165532874
6.571247165532874
6.571247165532881
6.571247165532881
6.571247165532881
6.571247165532881
8.010884353741488
8.1966439909297
8.1966439909297
