OnSet desviation
0
-0.8359183673469387
-0.9055782312925169
-0.928798185941043
-0.8359183673469386
-0.7430385487528346
-0.6501587301587302
-0.6501587301587293
-0.6269387755102036
-0.5108390022675735
-0.11609977324262921
-0.2321995464852611
-0.2321995464852602
-0.3250793650793664
-0.41795918367347085
-0.2321995464852602
-0.13931972789115754
-0.13931972789115754
-0.16253968253968232
-0.30185941043083986
-0.48761904761904873
-0.5804988662131532
-0.5804988662131532
-0.6965986394557824
-0.7198185941043089
-0.8359183673469399
-1.0216780045351488
-1.0216780045351488
-1.137777777777778
-1.137777777777778
-1.137777777777778
-1.1377777777777798
-1.2074376417233559
-1.2074376417233559
-1.300317460317462
-1.300317460317462
-1.3931972789115648
-1.5092970521541957
-1.5092970521541957
-1.6021768707483002
-1.6021768707483002
-1.6021768707483002
-1.671836734693878
-1.671836734693878
-1.671836734693878
-1.6718367346938798
-1.671836734693878
-1.741496598639456
-1.9504761904761896
-1.9504761904761896
-2.089795918367349
-2.089795918367349
-2.089795918367349
-2.0897959183673454
-2.089795918367349
-2.089795918367349
-2.18267573696145
-2.205895691609978
-2.2987755102040808
-2.3916553287981834
-2.3916553287981834
-2.507755102040818
-2.6470748299319737
-2.6470748299319737
-2.716734693877548
-2.716734693877548
-2.716734693877548
-2.7167346938775516
-2.7167346938775516
-2.716734693877548
-2.8328344671201826
-2.8328344671201826
-2.9721541950113384
-2.972154195011335
-2.972154195011335
-2.972154195011335
-2.9721541950113384
-2.9721541950113384
-3.088253968253966
-3.1114739229024906
-3.134693877551019
-3.1346938775510225
-3.1346938775510225
-3.134693877551019
-3.1579138321995437
-3.1579138321995437
-3.297233560090703
-3.297233560090703
-3.297233560090703
-3.297233560090703
-3.459773242630387
-3.6223129251700676
-3.6223129251700676
-3.6223129251700676
-3.6223129251700676
-3.6223129251700676
-3.6223129251700676
-3.6223129251700676
-3.6223129251700676
-3.622312925170064
-3.622312925170064
-3.622312925170064
-3.622312925170064
-3.784852607709748
-4.272471655328797
-4.272471655328797
-4.272471655328797
-4.272471655328797
-4.620770975056686
-4.620770975056686
-4.620770975056686
-4.620770975056686
-5.038730158730157
-5.038730158730157
-5.038730158730157
-5.038730158730157
-5.479909297052153
-5.89786848072562
-5.89786848072562
-5.89786848072562
-5.89786848072562
-5.990748299319726
-5.990748299319726
-5.990748299319726
-5.990748299319726
-5.99074829931973
-5.99074829931973
-5.99074829931973
-5.99074829931973
-6.106848072562357
-6.106848072562357
-6.106848072562357
-6.106848072562357
-6.106848072562357
-6.106848072562357
-6.106848072562357
-6.106848072562357
-6.106848072562357
-6.292607709750566
-6.292607709750566
-6.292607709750566
-6.292607709750566
-6.292607709750566
-6.362267573696144
-6.362267573696144
