OnSet desviation
0
0.9122899160997732
1.0118814195011339
0.8328334671201811
0.6770054693877552
0.7765969727891155
0.7833086575963719
0.6042607052154194
0.541312526077097
0.45514439229024894
0.6476157142857142
0.4685677619047617
0.3823996281179127
0.27301153968254077
0.3726030430839007
0.1935550907029473
0.177046820861678
0.16879268594104246
0.18375850566893348
0.17550437074829794
0.07437041723355975
-0.1660832641723342
-0.17433739909296975
-0.20581148866213184
-0.2140656235827656
-0.21341953174603212
-0.21277343990929687
-0.21277343990929687
-0.2121273480725634
-0.21148125623582814
-0.21148125623582814
-0.2108351643990929
-0.14052920861678153
-0.14052920861678153
-0.04700329818594007
-0.06957716099773137
-0.0689310691609979
-0.06828497732426264
-0.06828497732426264
-0.06763888548752739
-0.06699279365079391
-0.06699279365079391
0.0033131621315192206
0.0039592539682544725
0.0039592539682544725
0.0046053458049897245
0.005251437641721424
0.005897529478456676
0.006543621315191928
0.006543621315191928
0.0071897131519271795
0.007835804988662431
0.007835804988662431
0.008481896825397683
0.009127988662132935
0.009127988662132935
0.1026538990929673
0.1032999909297061
0.10394608276644135
0.10459217460317305
0.10459217460317305
0.1052382664399083
0.1058843582766471
0.1058843582766471
0.1065304501133788
0.1071765419501105
0.1071765419501105
0.10782263378684931
0.10846872562358456
0.10911481746031626
0.10976090929705151
0.10976090929705151
0.11040700113378676
0.11105309297052202
0.11105309297052202
0.11169918480725372
0.11234527664399252
0.11234527664399252
0.11299136848072422
0.11363746031745947
0.06784364285714162
0.022049825396827316
0.022049825396827316
0.022695917233562568
0.023342009070294267
0.023342009070294267
0.16330782879818884
0.16395392063492054
0.16395392063492054
0.1646000124716558
0.23490596825396892
0.23619815192743587
0.23619815192743587
0.23619815192743587
0.23619815192743587
0.23749033560090638
0.23749033560090638
0.23749033560090638
0.23749033560090638
0.23878251927437688
0.23878251927437688
0.23878251927437688
0.23878251927437688
0.24007470294784738
0.31102675056689577
0.31102675056689577
0.31102675056689577
0.31102675056689577
0.3123189342403627
0.3123189342403627
0.3123189342403627
0.3123189342403627
0.3136111179138332
0.3136111179138332
0.3136111179138332
0.3136111179138332
0.3381232562358285
0.33941543990929546
0.33941543990929546
0.33941543990929546
0.33941543990929546
0.34070762358276596
0.34070762358276596
0.34070762358276596
0.34070762358276596
0.34199980725623647
0.34199980725623647
0.34199980725623647
0.34199980725623647
0.4593917641723344
0.4606839478458049
0.4606839478458049
0.4606839478458049
0.4606839478458049
0.4619761315192754
0.4619761315192754
0.4619761315192754
0.4619761315192754
0.6490279523809548
0.6490279523809548
0.6490279523809548
0.6490279523809548
0.627100181405897
0.7690042766439902
0.7690042766439902
