OnSet desviation
0
0.07637154875283447
0.10630318820861695
-0.09596471882086188
-0.1589128979591834
0.033558424036280954
0.13314992743764176
-0.045898024943309856
-0.0856262494331066
-0.05569460997732456
0.531515941043085
0.2363682154195006
0.15020008163265253
-0.05206782539682564
-0.04535614058957016
-0.0386444557823129
0.03772709297052046
0.029472958049884923
0.021218823129251163
-0.12635503968254191
-0.413248630385489
-0.7465821303854874
-0.7548362653061229
-0.9024101281179142
-0.9338842176870745
-1.049337899092972
-1.2344514444444457
-1.2344514444444457
-1.3499051258503414
-1.3492590340136061
-1.3492590340136061
-1.3486129421768727
-1.3479668503401374
-1.3479668503401374
-1.3473207585034022
-1.3698946213151935
-1.4621283480725626
-1.5775820294784584
-1.5775820294784584
-1.6698157562358276
-1.669169664399094
-1.669169664399094
-1.6685235725623588
-1.6678774807256236
-1.6678774807256236
-1.66723138888889
-1.6665852970521566
-1.7355990691609993
-1.9439325691609977
-1.9439325691609977
-2.0826062052154217
-2.0819601133786865
-2.0819601133786865
-2.0813140215419477
-2.080667929705216
-2.080667929705216
-2.0800218378684825
-2.102595700680272
-2.1948294274376394
-2.2870631541950104
-2.2870631541950104
-2.4025168356009097
-2.5411904716553266
-2.5411904716553266
-2.6102042437641693
-2.6095581519274376
-2.6095581519274376
-2.6089120600907023
-2.608265968253967
-2.607619876417232
-2.723073557823131
-2.723073557823131
-2.8617471938775516
-2.861101102040813
-2.861101102040813
-2.860455010204081
-2.859808918367346
-2.859808918367346
-2.9752625997732416
-2.997836462585031
-3.0668502346938773
-3.112644052154195
-3.112644052154195
-3.1119979603174563
-3.1345718231292494
-3.1345718231292494
-3.133925731292514
-3.1332796394557825
-3.1332796394557825
-3.132633547619047
-3.224867274376418
-3.3861147732426318
-3.3861147732426318
-3.3861147732426318
-3.3861147732426318
-3.3848225895691613
-3.3848225895691613
-3.3848225895691613
-3.3848225895691613
-3.383530405895687
-3.383530405895687
-3.383530405895687
-3.383530405895687
-3.544777904761901
-3.961444904761901
-3.961444904761901
-3.961444904761901
-3.961444904761901
-4.308452040816324
-4.308452040816324
-4.308452040816324
-4.308452040816324
-4.725119040816324
-4.725119040816324
-4.725119040816324
-4.725119040816324
-5.141786040816324
-5.558453040816325
-5.558453040816325
-5.558453040816325
-5.558453040816325
-5.65004067573696
-5.65004067573696
-5.65004067573696
-5.65004067573696
-5.648748492063493
-5.648748492063493
-5.648748492063493
-5.648748492063493
-5.647456308390023
-5.646164124716552
-5.646164124716552
-5.646164124716552
-5.646164124716552
-5.644871941043082
-5.644871941043082
-5.644871941043082
-5.644871941043082
-5.643579757369611
-5.643579757369611
-5.643579757369611
-5.643579757369611
-5.665507528344669
-5.593263297052154
-5.593263297052154
