OnSet desviation
0
-0.7894784580498866
-0.6965986394557822
-0.7894784580498864
-0.8126984126984129
-0.719818594104308
-0.6965986394557824
-0.7662585034013611
-0.6965986394557824
-0.7198185941043089
-0.7430385487528346
-0.6733786848072576
-0.7430385487528355
-0.7894784580498868
-0.7894784580498868
-0.6965986394557824
-0.6269387755102045
-0.7662585034013603
-0.8126984126984134
-0.8126984126984116
-0.8823582766439912
-1.1842176870748293
-1.184217687074831
-1.2770975056689338
-1.3699773242630382
-1.36997732426304
-1.3699773242630382
-1.3699773242630382
-1.36997732426304
-1.3699773242630382
-1.3699773242630382
-1.3699773242630382
-1.36997732426304
-1.36997732426304
-1.3699773242630382
-1.3699773242630382
-1.36997732426304
-1.36997732426304
-1.36997732426304
-1.36997732426304
-1.3699773242630382
-1.3699773242630382
-1.3699773242630382
-1.3699773242630382
-1.3699773242630382
-1.3699773242630382
-1.3699773242630382
-1.4396371882086179
-1.4860770975056674
-1.4860770975056674
-1.4860770975056674
-1.4860770975056674
-1.4860770975056674
-1.4860770975056674
-1.4860770975056674
-1.4860770975056674
-1.4860770975056674
-1.4860770975056674
-1.5325170068027205
-1.532517006802717
-1.532517006802717
-1.5325170068027205
-1.5325170068027205
-1.5325170068027205
-1.5325170068027205
-1.532517006802717
-1.532517006802717
-1.5325170068027205
-1.5325170068027205
-1.532517006802717
-1.5325170068027205
-1.5325170068027205
-1.5325170068027205
-1.532517006802717
-1.532517006802717
-1.5325170068027205
-1.5325170068027205
-1.5325170068027205
-1.5325170068027205
-1.532517006802717
-1.5557369614512453
-1.3931972789115612
-1.3931972789115612
-1.3931972789115612
-1.3931972789115612
-1.3931972789115612
-1.3931972789115648
-1.3931972789115648
-1.3931972789115648
-1.3931972789115612
-1.3931972789115612
-1.3931972789115612
-1.3931972789115612
-1.3931972789115612
-1.3931972789115612
-1.3931972789115648
-1.3931972789115648
-1.3931972789115648
-1.3931972789115648
-1.3931972789115612
-1.3931972789115612
-1.3931972789115612
-1.3931972789115612
-1.3931972789115648
-1.3931972789115612
-1.3931972789115612
-1.3931972789115612
-1.3931972789115612
-1.3931972789115612
-1.3931972789115612
-1.3931972789115612
-1.3931972789115612
-1.4860770975056674
-1.4860770975056674
-1.4860770975056674
-1.4860770975056674
-1.4860770975056674
-1.4860770975056674
-1.4860770975056674
-1.4860770975056674
-1.4860770975056674
-1.4628571428571426
-1.4628571428571426
-1.4628571428571426
-1.4628571428571426
-1.4628571428571426
-1.4628571428571426
-1.4628571428571426
-1.4628571428571426
-1.462857142857139
-1.4628571428571426
-1.4628571428571426
-1.4628571428571426
-1.4628571428571426
-1.462857142857139
-1.462857142857139
-1.462857142857139
-1.462857142857139
-1.4628571428571426
-1.4628571428571426
-1.4628571428571426
-1.4628571428571426
-1.2538775510204054
-1.2538775510204054
-1.2538775510204054
