OnSet desviation
0
-0.7430385487528344
-0.8126984126984127
-0.626938775510204
-0.3947392290249434
-0.6037188208616788
-0.5340589569161001
-0.5108390022675735
-0.41795918367346996
-0.3482993197278912
-0.3250793650793664
-0.32507936507936463
-0.11609977324263099
-0.11609977324263099
-0.06965986394557788
-0.13931972789115754
-0.2786394557823133
-0.06965986394557788
-0.023219954648526553
-0.023219954648526553
0.0
0.04643990929705133
0.04643990929705133
0.06965986394557788
0.023219954648524777
0.0
0.0
0.0
0.0
0.0
0.0
0.0
0.0
0.0
0.0
0.0
1.7763568394002505e-15
0.0
0.0
0.0
-1.7763568394002505e-15
-1.7763568394002505e-15
-0.04643990929704955
-0.11609977324263099
-0.11609977324263099
-0.25541950113378675
-0.3715192743764142
-0.3715192743764142
-0.5108390022675735
-0.5108390022675735
-0.51083900226757
-0.5108390022675735
-0.5108390022675735
-0.5108390022675735
-0.51083900226757
-0.51083900226757
-0.51083900226757
-0.5108390022675735
-0.4643990929705204
-0.4643990929705204
-0.4643990929705204
-0.4643990929705204
-0.4643990929705204
-0.4643990929705204
-0.46439909297051685
-0.4643990929705204
-0.4643990929705204
-0.4643990929705204
-0.4876190476190452
-0.5340589569160983
-0.5340589569160983
-0.5340589569160983
-0.5340589569160983
-0.5340589569160983
-0.5340589569160983
-0.5340589569160983
-0.5340589569160983
-0.5340589569160983
-0.5340589569160983
-0.5340589569160983
-0.5340589569160983
-0.6733786848072576
-0.6733786848072576
-0.673378684807254
-0.7198185941043072
-0.7198185941043072
-0.7198185941043072
-0.7198185941043072
-0.7198185941043072
-0.7198185941043072
-0.7198185941043072
-0.7198185941043072
-0.7198185941043072
-0.7198185941043072
-0.7198185941043072
-0.7198185941043072
-0.7198185941043072
-0.7198185941043072
-0.7198185941043072
-0.7198185941043072
-0.7198185941043072
-0.7198185941043072
-0.7198185941043072
-0.7198185941043072
-0.7198185941043072
-0.7198185941043072
-0.7198185941043072
-0.7198185941043072
-0.789478458049885
-0.789478458049885
-0.789478458049885
-0.789478458049885
-1.1145578231292497
-1.1145578231292497
-1.1145578231292497
-1.1145578231292497
-1.3699773242630364
-1.3699773242630364
-1.3699773242630364
-1.3699773242630364
-1.3699773242630364
-1.3699773242630364
-1.3699773242630364
-1.3699773242630364
-1.3699773242630364
-1.3931972789115648
-1.3931972789115648
-1.3931972789115648
-1.3931972789115648
-1.3931972789115648
-1.3931972789115612
-1.3931972789115612
-1.3931972789115612
-1.3931972789115612
-1.3931972789115648
-1.3931972789115648
-1.3931972789115648
-1.3931972789115648
-1.3931972789115612
-1.3931972789115612
-1.3931972789115612
-1.3931972789115612
-1.6021768707482984
-0.4876190476190452
-0.4876190476190452
