OnSet desviation
0
0.35501100453514745
0.24562291609977338
0.39165432879818596
0.09650660317460291
0.31219787981859426
0.2260297460317453
0.1630815668934238
0.16979325170068016
0.06040516326530554
0.27609643990929733
0.25958817006802626
-0.035559555555556344
-0.09850773469387697
0.0243037233560095
0.07745531746031808
-0.24091236281179107
-0.2491664977324266
-0.09488095011337982
-0.10313508503401358
-0.27392890249433144
-0.537602538548752
-0.5458566734693875
-0.6702105816326522
-0.7481245804988657
-0.7474784886621322
-0.7468323968253969
-0.7468323968253969
-0.7461863049886635
-0.7455402131519282
-0.7455402131519282
-0.744894121315193
-0.7442480294784595
-0.7442480294784595
-0.7436019376417224
-0.7661758004535137
-0.7655297086167803
-0.764883616780045
-0.764883616780045
-0.7642375249433115
-0.7635914331065763
-0.7635914331065763
-0.7629453412698428
-0.762299249433104
-0.762299249433104
-0.7616531575963723
-0.7610070657596406
-0.8300208378684815
-0.8758146553287958
-0.8758146553287958
-0.8751685634920641
-0.8745224716553253
-0.8745224716553253
-0.87387637981859
-0.8732302879818583
-0.8732302879818583
-0.8725841961451266
-0.8719381043083878
-0.9177319217687057
-0.9170858299319704
-0.9170858299319704
-0.9164397380952387
-0.9157936462584999
-0.9157936462584999
-0.9151475544217682
-0.914501462585033
-0.914501462585033
-0.9138553707482977
-0.9132092789115624
-0.9125631870748272
-0.9119170952380955
-0.9119170952380955
-0.9112710034013602
-0.9106249115646214
-0.9106249115646214
-0.9099788197278897
-0.9093327278911545
-0.9093327278911545
-0.9086866360544228
-0.908040544217684
-0.9538343616780054
-0.9531882698412666
-0.9531882698412666
-0.9525421780045313
-0.9751160408163244
-0.9751160408163244
-0.9744699489795892
-0.9738238571428575
-0.9738238571428575
-0.9731777653061187
-0.972531673469387
-0.9712394897959165
-0.9712394897959165
-0.9712394897959165
-0.9712394897959165
-0.9699473061224495
-0.9699473061224495
-0.9699473061224495
-0.9699473061224495
-0.9686551224489754
-0.9686551224489754
-0.9686551224489754
-0.9686551224489754
-0.9673629387755085
-0.966070755102038
-0.966070755102038
-0.966070755102038
-0.966070755102038
-0.9647785714285675
-0.9647785714285675
-0.9647785714285675
-0.9647785714285675
-1.0563662063492032
-1.0563662063492032
-1.0563662063492032
-1.0563662063492032
-1.0550740226757362
-1.0537818390022657
-1.0537818390022657
-1.0537818390022657
-1.0537818390022657
-1.0524896553287988
-1.0524896553287988
-1.0524896553287988
-1.0524896553287988
-1.0511974716553283
-1.0511974716553283
-1.0511974716553283
-1.0511974716553283
-1.0499052879818578
-1.0486131043083908
-1.0486131043083908
-1.0486131043083908
-1.0486131043083908
-1.0473209206349168
-1.0473209206349168
-1.0473209206349168
-1.0473209206349168
-1.0460287369614498
-1.0460287369614498
-1.0460287369614498
-1.0460287369614498
-0.8589769160997704
-0.856392548752833
-0.856392548752833
