OnSet desviation
0
0.40145091383219966
0.22240296145124727
0.5541940113378683
0.4912458321995463
0.49795751700680224
0.48144924716553206
0.4417210226757371
0.541312526077097
0.5015843015873012
0.7404955328798177
0.7239872630385484
0.6378191292516995
0.5748709501133789
0.7441223174603184
0.7276140476190474
0.26992663945578244
0.4706520963718823
0.6713775532879804
0.6631234183673467
0.5155495555555554
0.2983158287981862
0.29006169387755065
0.18892774036281246
0.06457383219954593
0.04199996938775463
0.042646061224489884
0.042646061224489884
0.04329215306122336
0.04393824489795861
0.04393824489795861
0.044584336734693863
0.04523042857142734
0.04523042857142734
0.04587652040816437
0.023302657596373066
0.02394874943310832
0.024594841269841794
0.024594841269841794
0.02524093310657527
0.025887024943308745
0.025887024943308745
-0.019906792517005556
-0.08892056462584819
-0.08892056462584819
-0.22759420068027225
-0.343047882086168
-0.4120616541950106
-0.5971751995464842
-0.5971751995464842
-0.596529107709749
-0.5958830158730137
-0.5958830158730137
-0.5952369240362785
-0.5945908321995432
-0.5945908321995432
-0.5939447403628115
-0.5932986485260763
-0.592652556689341
-0.5920064648526058
-0.5920064648526058
-0.5913603730158741
-0.5907142811791353
-0.5907142811791353
-0.5900681893424
-0.5894220975056683
-0.5894220975056683
-0.5887760056689331
-0.6113498684807226
-0.6571436859410404
-0.6564975941043087
-0.6564975941043087
-0.6558515022675735
-0.6552054104308347
-0.6552054104308347
-0.654559318594103
-0.6539132267573677
-0.6539132267573677
-0.653267134920636
-0.6526210430838972
-0.6984148605442186
-0.8370884965986392
-0.8370884965986392
-0.8364424047619003
-0.9054561768707465
-0.9054561768707465
-0.9048100850340113
-0.9041639931972796
-0.9041639931972796
-0.9035179013605408
-0.9028718095238091
-0.9015796258503386
-0.9015796258503386
-0.9015796258503386
-0.9015796258503386
-0.9002874421768716
-0.9002874421768716
-0.9002874421768716
-0.9002874421768716
-0.8989952585033976
-0.8989952585033976
-0.8989952585033976
-0.8989952585033976
-0.8977030748299306
-0.8964108911564601
-0.8964108911564601
-0.8964108911564601
-0.8964108911564601
-0.9647785714285675
-0.9647785714285675
-0.9647785714285675
-0.9647785714285675
-1.3814455714285678
-1.3814455714285678
-1.3814455714285678
-1.3814455714285678
-1.6355728888888876
-1.6342807052154171
-1.6342807052154171
-1.6342807052154171
-1.6342807052154171
-1.6329885215419502
-1.6329885215419502
-1.6329885215419502
-1.6329885215419502
-1.654916292517008
-1.654916292517008
-1.654916292517008
-1.654916292517008
-1.6536241088435375
-1.652331925170067
-1.652331925170067
-1.652331925170067
-1.652331925170067
-1.6510397414965965
-1.6510397414965965
-1.6510397414965965
-1.6510397414965965
-1.649747557823126
-1.649747557823126
-1.649747557823126
-1.649747557823126
-1.6716753287981838
-0.5545331383219931
-0.5545331383219931
