OnSet desviation
0
-0.7430385487528344
-0.7198185941043083
-0.626938775510204
-0.4179591836734695
-0.5340589569161001
-0.4411791383219956
-0.48761904761904784
-0.3250793650793655
-0.2786394557823133
-0.2786394557823142
-0.20897959183673542
-0.06965986394557966
-0.11609977324263099
-0.06965986394557788
-0.046439909297053106
-0.11609977324263099
-0.04643990929705133
-0.046439909297053106
-0.04643990929705133
-0.09287981859410444
-0.3482993197278912
-0.34829931972789296
-0.41795918367346907
-0.5572789115646266
-0.5804988662131532
-0.5804988662131514
-0.5804988662131514
-0.5804988662131532
-0.5804988662131514
-0.5804988662131514
-0.5804988662131514
-0.5804988662131532
-0.5804988662131532
-0.5804988662131514
-0.5804988662131514
-0.5804988662131514
-0.5804988662131532
-0.5804988662131532
-0.5804988662131532
-0.5804988662131532
-0.5804988662131532
-0.6269387755102009
-0.6965986394557824
-0.6965986394557824
-0.8359183673469381
-0.9520181405895656
-1.021678004535147
-1.2074376417233559
-1.2074376417233559
-1.2074376417233523
-1.2074376417233559
-1.2074376417233559
-1.2074376417233559
-1.2074376417233523
-1.2074376417233523
-1.2074376417233523
-1.2074376417233559
-1.2074376417233559
-1.2074376417233523
-1.2074376417233523
-1.2074376417233559
-1.2074376417233559
-1.2074376417233559
-1.2074376417233523
-1.2074376417233523
-1.2074376417233523
-1.2074376417233559
-1.2306575963718807
-1.2770975056689302
-1.2770975056689338
-1.2770975056689338
-1.2770975056689338
-1.2770975056689302
-1.2770975056689302
-1.2770975056689338
-1.2770975056689338
-1.2770975056689338
-1.2770975056689338
-1.2770975056689302
-1.3003174603174585
-1.2770975056689338
-1.2770975056689338
-1.2770975056689302
-1.3235374149659833
-1.3235374149659833
-1.3235374149659869
-1.3235374149659869
-1.3235374149659869
-1.3235374149659833
-1.3235374149659833
-1.3235374149659833
-1.3235374149659833
-1.3235374149659833
-1.3235374149659833
-1.3235374149659869
-1.3235374149659869
-1.3235374149659869
-1.3235374149659869
-1.3235374149659833
-1.3235374149659833
-1.3235374149659833
-1.3235374149659833
-1.3235374149659869
-1.3235374149659833
-1.3235374149659833
-1.3235374149659833
-1.3235374149659833
-1.3931972789115612
-1.3931972789115612
-1.3931972789115612
-1.3931972789115612
-1.811156462585032
-1.811156462585032
-1.811156462585032
-1.811156462585032
-2.066575963718819
-2.066575963718819
-2.066575963718819
-2.066575963718819
-2.066575963718819
-2.043356009070294
-2.043356009070294
-2.043356009070294
-2.043356009070294
-2.0665759637188224
-2.0665759637188224
-2.0665759637188224
-2.0665759637188224
-2.066575963718819
-2.066575963718819
-2.066575963718819
-2.066575963718819
-2.066575963718819
-2.066575963718819
-2.066575963718819
-2.066575963718819
-2.066575963718819
-2.066575963718819
-2.066575963718819
-2.066575963718819
-2.066575963718819
-2.066575963718819
-0.9520181405895656
-0.9520181405895656
