OnSet desviation
0
0.6800903696145123
0.5242623718820862
1.4365522879818595
1.4200440181405898
2.1001343877551015
1.9907462993197278
2.856596306122449
2.8633079909297043
3.380858678004535
3.3875703628117915
4.021220823129251
4.027932507936507
4.591923104308391
4.761174471655329
5.255505204081633
5.26221688888889
5.555822164399093
5.547568029478461
5.516093939909297
5.182760439909297
4.8726468945578265
4.74829298639456
4.670378987528347
4.662124852607711
4.685990899092973
4.756296854875284
4.756296854875284
4.756942946712021
4.757589038548755
4.757589038548755
4.758235130385488
4.758881222222222
4.758881222222222
4.713087404761907
4.690513541950116
4.6911596337868495
4.691805725623583
4.691805725623583
4.69245181746032
4.6930979092970535
4.6930979092970535
4.693744001133787
4.647950183673473
4.647950183673473
4.4628366383219955
4.417042820861678
4.417688912698413
4.418335004535148
4.418335004535148
4.418981096371883
4.419627188208619
4.419627188208619
4.304173506802723
4.304819598639458
4.304819598639458
4.30546569047619
4.306111782312925
4.306757874149664
4.307403965986396
4.307403965986396
4.308050057823127
4.30869614965987
4.30869614965987
4.309342241496601
4.309988333333333
4.309988333333333
4.426734198412699
4.427380290249438
4.42802638208617
4.4286724739229015
4.4286724739229015
4.429318565759637
4.429964657596376
4.429964657596376
4.430610749433107
4.50091670521542
4.50091670521542
4.594442615646258
4.595088707482994
4.595734799319729
4.596380891156464
4.596380891156464
4.597026982993199
4.574453120181406
4.574453120181406
4.784078803854879
4.8311648049886635
4.8311648049886635
5.71416917346939
5.993454721088437
5.994746904761904
5.994746904761904
5.994746904761904
5.994746904761904
5.996039088435374
5.996039088435374
5.996039088435374
5.996039088435374
6.554610183673471
6.554610183673471
6.554610183673471
6.554610183673471
6.555902367346942
6.742954188208621
6.742954188208621
6.742954188208621
6.742954188208621
7.301525283446711
7.301525283446711
7.301525283446711
7.301525283446711
7.302817467120185
7.302817467120185
7.302817467120185
7.302817467120185
7.373769514739234
7.491161471655332
7.491161471655332
7.491161471655332
7.491161471655332
7.492453655328799
7.492453655328799
7.492453655328799
7.492453655328799
7.4937458390022655
7.4937458390022655
7.4937458390022655
7.4937458390022655
8.447056163265305
8.703767848072559
8.703767848072559
8.703767848072559
8.703767848072559
8.705060031746036
8.705060031746036
8.705060031746036
8.705060031746036
8.706352215419503
8.706352215419503
8.706352215419503
8.706352215419503
10.100841678004535
10.103426045351476
10.103426045351476
