OnSet desviation
0
-0.8359183673469386
-0.7430385487528344
-0.7662585034013603
-0.6269387755102036
-0.6733786848072558
-0.9055782312925169
-0.6965986394557815
-0.7662585034013611
-0.6269387755102045
-0.5572789115646266
-0.6501587301587293
-0.5804988662131532
-0.5108390022675735
-0.5108390022675753
-0.4643990929705222
-0.3947392290249425
-0.6733786848072576
-0.650158730158731
-0.6269387755102063
-0.905578231292516
-0.9984580498866222
-1.021678004535147
-1.021678004535147
-1.0216780045351506
-0.905578231292516
-0.8591383219954665
-0.8591383219954665
-0.8591383219954665
-0.8591383219954665
-0.8591383219954665
-0.8591383219954629
-0.8591383219954665
-0.8591383219954665
-0.8591383219954665
-0.8591383219954665
-0.8591383219954629
-0.8359183673469417
-0.8359183673469417
-0.8359183673469381
-0.8359183673469381
-0.8359183673469381
-0.8359183673469381
-0.8823582766439912
-0.8823582766439912
-0.8823582766439912
-0.8823582766439912
-0.9055782312925196
-0.8359183673469417
-0.8359183673469417
-0.789478458049885
-0.789478458049885
-0.789478458049885
-0.7894784580498886
-0.8126984126984134
-0.8126984126984134
-0.905578231292516
-0.9055782312925196
-0.905578231292516
-0.905578231292516
-0.905578231292516
-0.9055782312925196
-0.9055782312925196
-0.9055782312925196
-0.905578231292516
-0.905578231292516
-0.905578231292516
-0.9055782312925196
-0.905578231292516
-0.905578231292516
-0.9055782312925196
-0.9055782312925196
-0.8591383219954665
-0.8591383219954629
-0.8591383219954629
-0.8591383219954665
-0.8591383219954665
-0.8591383219954665
-0.789478458049885
-0.7894784580498886
-0.7894784580498886
-0.6501587301587293
-0.6501587301587293
-0.5804988662131514
-0.5804988662131514
-0.5804988662131514
-0.27863945578231153
-0.2786394557823151
-0.2786394557823151
0.0
0.0
-0.23219954648526198
-0.23219954648526198
-0.23219954648526198
-0.23219954648526198
-0.23219954648526198
-0.23219954648526198
-0.23219954648526198
-0.23219954648526198
-0.23219954648526198
-0.23219954648526198
-0.23219954648526198
-0.23219954648526198
-0.23219954648526198
-0.23219954648526198
-0.23219954648526198
-0.23219954648526198
-0.23219954648526198
-0.23219954648525842
-0.23219954648525842
-0.23219954648525842
-0.23219954648525842
-0.23219954648526198
-0.23219954648526198
-0.23219954648526198
-0.23219954648526198
-0.23219954648526198
-0.23219954648526198
-0.23219954648526198
-0.23219954648526198
-0.23219954648526198
-0.23219954648526198
-0.23219954648526198
-0.23219954648526198
-0.23219954648526198
-0.23219954648525842
-0.23219954648525842
-0.23219954648525842
-0.23219954648525842
-0.23219954648526198
-0.18575963718820532
-0.18575963718820532
-0.18575963718820532
-0.18575963718820532
-0.18575963718820532
-0.18575963718820532
-0.18575963718820532
-0.18575963718820532
-0.18575963718820532
-0.18575963718820532
-0.18575963718820532
-0.18575963718820532
-0.09287981859410621
0.6501587301587364
0.6501587301587364
