OnSet desviation
0
-0.5340589569160998
-0.8126984126984127
-0.20897959183673454
-0.20897959183673454
-0.11609977324263099
-0.41795918367346907
0.16253968253968232
0.023219954648524777
0.37151927437641774
0.18575963718820887
0.5572789115646266
0.4643990929705204
0.7198185941043089
0.8823582766439895
1.2306575963718824
1.2306575963718842
1.2074376417233559
1.2074376417233594
1.2306575963718824
0.9287981859410444
0.8359183673469417
0.7198185941043107
0.7198185941043107
0.6965986394557824
0.7198185941043107
0.8359183673469381
0.8359183673469381
0.8359183673469417
0.8359183673469417
0.8359183673469417
0.8359183673469417
0.8359183673469381
0.8359183673469381
0.7894784580498886
0.7894784580498886
0.7894784580498886
0.789478458049885
0.789478458049885
0.7894784580498886
0.7894784580498886
0.7894784580498886
0.7894784580498886
0.7430385487528355
0.7430385487528355
0.6269387755102045
0.5804988662131549
0.5804988662131514
0.7198185941043072
0.7198185941043072
0.7662585034013638
0.7662585034013638
0.7662585034013638
0.6501587301587293
0.6501587301587328
0.6501587301587328
0.6501587301587328
0.6501587301587293
0.6501587301587328
0.6501587301587328
0.6501587301587328
0.6501587301587293
0.6501587301587328
0.6501587301587328
0.6501587301587328
0.6501587301587328
0.6501587301587328
0.7662585034013603
0.7662585034013638
0.7662585034013638
0.7662585034013603
0.7662585034013603
0.8126984126984134
0.8126984126984169
0.8126984126984169
0.8126984126984134
0.8823582766439912
0.8823582766439912
0.9752380952380975
0.9752380952380939
0.9752380952380975
1.1145578231292532
1.1145578231292532
1.184217687074831
1.184217687074831
1.184217687074831
1.3931972789115683
1.4396371882086179
1.4396371882086179
2.321995464852609
2.600634920634924
2.4380952380952365
2.4380952380952365
2.4380952380952365
2.4380952380952365
2.43809523809524
2.43809523809524
2.43809523809524
2.43809523809524
2.995374149659863
2.995374149659863
2.995374149659863
2.995374149659863
2.9953741496598667
3.1811337868480756
3.1811337868480756
3.1811337868480756
3.1811337868480756
3.7384126984126986
3.7384126984126986
3.7384126984126986
3.7384126984126986
3.738412698412702
3.738412698412702
3.738412698412702
3.738412698412702
3.80807256235828
3.924172335600911
3.924172335600911
3.924172335600911
3.924172335600911
3.9241723356009075
3.9241723356009075
3.9241723356009075
3.9241723356009075
3.9241723356009075
3.9241723356009075
3.9241723356009075
3.9241723356009075
4.876190476190477
5.154829931972785
5.154829931972785
5.154829931972785
5.154829931972785
5.154829931972792
5.154829931972792
5.154829931972792
5.154829931972792
5.154829931972792
5.154829931972792
5.154829931972792
5.154829931972792
6.66412698412698
6.687346938775512
6.687346938775512
