OnSet desviation
0
-0.510839002267574
-0.882358276643991
-0.25541950113378675
-0.3947392290249434
-0.25541950113378764
-0.32507936507936463
0.04643990929705133
-0.023219954648526553
0.18575963718820887
-0.06965986394557788
0.3947392290249425
0.2321995464852602
0.41795918367346907
0.5804988662131514
0.8823582766439912
0.8126984126984134
1.0681179138322001
1.0448979591836771
1.0448979591836753
1.021678004535147
1.0216780045351506
0.9287981859410444
0.9287981859410444
0.9055782312925196
0.8126984126984134
0.8823582766439912
0.8823582766439912
0.8823582766439948
0.8823582766439948
0.8823582766439948
0.8823582766439912
0.8823582766439912
0.8823582766439912
0.8359183673469417
0.8359183673469417
0.8359183673469381
0.8126984126984134
0.8126984126984134
0.8126984126984134
0.8126984126984134
0.8126984126984134
0.8126984126984134
0.8126984126984134
0.8126984126984134
0.6965986394557824
0.6501587301587328
0.6733786848072576
0.7430385487528355
0.7430385487528355
0.7430385487528355
0.7430385487528355
0.7430385487528355
0.6269387755102045
0.6501587301587328
0.6501587301587328
0.7430385487528355
0.7430385487528355
0.7430385487528355
0.7430385487528355
0.7430385487528355
0.7430385487528355
0.743038548752839
0.743038548752839
0.7430385487528355
0.7430385487528355
0.7430385487528355
0.8591383219954665
0.8591383219954665
0.8591383219954665
0.8591383219954665
0.8591383219954665
0.8591383219954665
0.8591383219954665
0.8591383219954665
0.8591383219954665
0.9287981859410444
0.9287981859410444
0.9520181405895691
0.9520181405895691
0.9520181405895727
0.9520181405895691
0.9520181405895691
0.9520181405895691
0.9520181405895691
0.9520181405895691
0.8591383219954665
0.9055782312925196
0.9055782312925196
1.5092970521541957
1.7879365079365108
1.8575963718820852
1.8575963718820852
1.8575963718820852
1.8575963718820852
1.8575963718820887
1.8575963718820887
1.8575963718820887
1.8575963718820887
2.4148752834467118
2.4148752834467118
2.4148752834467118
2.4148752834467118
2.4148752834467153
2.600634920634924
2.600634920634924
2.600634920634924
2.600634920634924
3.1579138321995437
3.1579138321995437
3.1579138321995437
3.1579138321995437
3.157913832199551
3.157913832199551
3.157913832199551
3.157913832199551
3.2275736961451287
3.3436734693877597
3.3436734693877597
3.3436734693877597
3.3436734693877597
3.343673469387756
3.343673469387756
3.343673469387756
3.343673469387756
3.3436734693877526
3.3436734693877526
3.3436734693877526
3.3436734693877526
4.295691609977325
4.52789115646258
4.52789115646258
4.52789115646258
4.52789115646258
4.527891156462587
4.527891156462587
4.527891156462587
4.527891156462587
4.527891156462587
4.527891156462587
4.527891156462587
4.527891156462587
5.944308390022677
5.224489795918366
5.224489795918366
