OnSet desviation
0
-0.8591383219954649
-0.7894784580498866
-0.8126984126984125
-0.7894784580498864
-0.7662585034013611
-0.7430385487528355
-0.7662585034013611
-0.6965986394557833
-0.6269387755102045
-0.6269387755102027
-0.6965986394557824
-0.7198185941043072
-0.5572789115646248
-0.6501587301587293
-0.6269387755102045
-0.673378684807254
-0.789478458049885
-0.905578231292516
-0.905578231292516
-1.091337868480725
-1.4628571428571426
-1.509297052154194
-1.5557369614512453
-1.6021768707483002
-1.6486167800453515
-1.7879365079365055
-1.7879365079365055
-1.787936507936509
-1.7879365079365073
-1.7879365079365073
-1.7879365079365073
-1.9736961451247161
-1.9736961451247161
-1.9736961451247161
-1.9736961451247161
-1.9736961451247161
-1.9736961451247161
-1.9736961451247161
-1.9736961451247126
-1.9736961451247161
-1.9736961451247161
-1.9736961451247161
-1.9736961451247161
-1.9736961451247161
-2.043356009070294
-2.043356009070294
-2.066575963718819
-2.0665759637188224
-2.0665759637188224
-2.0665759637188224
-2.066575963718819
-2.066575963718819
-2.066575963718819
-2.0665759637188224
-2.0665759637188224
-2.066575963718819
-2.066575963718819
-2.089795918367347
-2.0665759637188224
-2.0665759637188224
-2.0665759637188224
-2.066575963718819
-2.066575963718819
-2.066575963718819
-2.0665759637188224
-2.0665759637188224
-2.066575963718819
-2.066575963718819
-2.0665759637188224
-2.066575963718819
-2.066575963718819
-2.066575963718819
-2.066575963718819
-2.066575963718819
-2.0665759637188224
-2.066575963718819
-2.066575963718819
-2.066575963718819
-2.0665759637188224
-1.996916099773241
-1.88081632653061
-1.88081632653061
-1.8808163265306135
-1.8808163265306135
-1.8808163265306135
-1.8808163265306135
-1.88081632653061
-1.88081632653061
-1.88081632653061
-1.8808163265306135
-1.5092970521541922
-1.5092970521541922
-1.5092970521541922
-1.5092970521541922
-1.5092970521541957
-1.5092970521541957
-1.5092970521541957
-1.5092970521541957
-1.0913378684807284
-1.0913378684807284
-1.0913378684807284
-1.0913378684807284
-1.091337868480725
-1.091337868480725
-1.091337868480725
-1.091337868480725
-1.091337868480725
-1.091337868480725
-1.091337868480725
-1.091337868480725
-1.091337868480725
-0.9984580498866187
-0.9984580498866187
-0.9984580498866187
-0.9984580498866187
-0.6269387755102045
-0.6269387755102045
-0.6269387755102045
-0.6269387755102045
-0.6269387755102045
-0.6269387755102045
-0.6269387755102045
-0.6269387755102045
-0.6269387755102045
-0.6269387755102045
-0.6269387755102045
-0.6269387755102045
-0.6269387755102045
-0.04643990929704955
-0.04643990929704955
-0.04643990929704955
-0.04643990929704955
-0.04643990929704955
-0.046439909297053106
-0.046439909297053106
-0.046439909297053106
-0.046439909297053106
0.2089795918367301
0.2089795918367301
0.2089795918367301
0.2089795918367301
0.46439909297051685
0.46439909297051685
0.46439909297051685
