OnSet desviation
0
0.33179104988662134
0.3849426439909296
0.5774139659863948
0.46802587755102065
0.7765969727891155
0.783308657596371
0.9061201156462584
1.0057116190476183
1.1285230770975048
1.3442143537414974
1.4205859024943308
1.4040776326530615
1.6197689092970542
1.835460185941045
1.8653918253968254
1.8024436462585047
1.7941895113378692
1.8091553310657602
1.8009011961451247
1.6068874240362803
1.2735539240362819
1.2420798344671216
1.1873857902494347
1.1559117006802726
1.1101178832199547
0.9714442471655342
0.9714442471655342
0.9720903390022677
0.972736430839003
0.972736430839003
0.9733825226757364
0.9740286145124699
0.9740286145124699
0.9746747063492087
0.9521008435374174
0.9527469353741509
0.9533930272108844
0.9533930272108844
0.9540391190476214
0.9546852108843549
0.9546852108843549
0.9553313027210883
0.9559773945578236
0.9559773945578236
0.886963622448981
0.8876097142857127
0.8650358514739231
0.8656819433106584
0.8656819433106584
0.8663280351473901
0.8669741269841289
0.8669741269841289
0.8676202188208642
0.8682663106575959
0.8682663106575959
0.8689124024943311
0.8695584943310664
0.8469846315192768
0.8476307233560085
0.8476307233560085
0.8482768151927402
0.8489229070294826
0.8489229070294826
0.8495689988662143
0.850215090702946
0.850215090702946
0.8508611825396848
0.85150727437642
0.8521533662131517
0.852799458049887
0.852799458049887
0.8534455498866222
0.8540916417233575
0.8540916417233575
0.8547377335600892
0.855383825396828
0.855383825396828
0.8560299172335597
0.856676009070295
0.8573221009070302
0.8579681927437655
0.8579681927437655
0.8586142845805007
0.8360404217687076
0.8360404217687076
0.8366865136054429
0.8373326054421781
0.8373326054421781
0.8379786972789134
0.8386247891156451
1.2114362471655333
1.2114362471655333
1.2114362471655333
1.2114362471655333
1.2127284308390003
1.2127284308390003
1.2127284308390003
1.2127284308390003
1.6319797981859416
1.6319797981859416
1.6319797981859416
1.6319797981859416
1.6332719818594121
1.6345641655328826
1.6345641655328826
1.6345641655328826
1.6345641655328826
1.6358563492063496
1.6358563492063496
1.6358563492063496
1.6358563492063496
1.63714853287982
1.63714853287982
1.63714853287982
1.63714853287982
2.009959990929705
2.0112521746031753
2.0112521746031753
2.0112521746031753
2.0112521746031753
2.0125443582766422
2.0125443582766422
2.0125443582766422
2.0125443582766422
2.0138365419501127
2.0138365419501127
2.0138365419501127
2.0138365419501127
2.5956275918367346
2.596919775510205
2.596919775510205
2.596919775510205
2.596919775510205
2.5982119591836756
2.5982119591836756
2.5982119591836756
2.5982119591836756
2.854923643990926
2.854923643990926
2.854923643990926
2.854923643990926
3.0884153741496547
3.0909997414965957
3.0909997414965957
