OnSet desviation
0
-0.7198185941043085
-0.6037188208616777
-0.5340589569161001
-0.46439909297052173
-0.3482993197278912
-0.2786394557823133
-0.2321995464852611
-0.18575963718820887
-0.11609977324262921
-0.13931972789115576
-0.20897959183673542
-0.20897959183673542
-0.09287981859410444
-0.13931972789115754
-0.13931972789115754
-0.20897959183673542
-0.32507936507936463
-0.4411791383219956
-0.4411791383219956
-0.6965986394557824
-1.0681179138322001
-1.1145578231292514
-1.2074376417233559
-1.3467573696145134
-1.3467573696145134
-1.3467573696145116
-1.3467573696145116
-1.3467573696145152
-1.3467573696145152
-1.3467573696145152
-1.3467573696145116
-1.5325170068027205
-1.5325170068027205
-1.532517006802724
-1.532517006802724
-1.5325170068027205
-1.5325170068027205
-1.5325170068027205
-1.5325170068027205
-1.532517006802724
-1.532517006802724
-1.5557369614512488
-1.5557369614512453
-1.5557369614512453
-1.5557369614512488
-1.5557369614512488
-1.6950566893424046
-1.7647165532879825
-1.7647165532879825
-1.7647165532879825
-1.7647165532879825
-1.7647165532879825
-1.7647165532879825
-1.7647165532879825
-1.7647165532879825
-1.7647165532879825
-1.7647165532879825
-1.7647165532879825
-1.7414965986394577
-1.7414965986394577
-1.7414965986394577
-1.7414965986394577
-1.7414965986394577
-1.7414965986394542
-1.7414965986394577
-1.7414965986394577
-1.7414965986394577
-1.7414965986394542
-1.7414965986394577
-1.7414965986394577
-1.7414965986394577
-1.7414965986394542
-1.7414965986394542
-1.7414965986394542
-1.7414965986394577
-1.7414965986394577
-1.7414965986394577
-1.7414965986394542
-1.8111564625850356
-1.9040362811791383
-1.7879365079365073
-1.7879365079365073
-1.7879365079365108
-1.7879365079365108
-1.7879365079365108
-1.7879365079365108
-1.7879365079365073
-1.7879365079365073
-1.7879365079365073
-1.7879365079365108
-1.3699773242630364
-1.3699773242630364
-1.3699773242630364
-1.3699773242630364
-1.36997732426304
-1.36997732426304
-1.36997732426304
-1.36997732426304
-0.7198185941043107
-0.7198185941043107
-0.7198185941043107
-0.7198185941043107
-0.7198185941043072
-0.7198185941043107
-0.7198185941043107
-0.7198185941043107
-0.7198185941043107
-0.7198185941043072
-0.7198185941043072
-0.7198185941043072
-0.7198185941043072
-0.6269387755102045
-0.6269387755102045
-0.6269387755102045
-0.6269387755102045
-0.09287981859410621
-0.09287981859410621
-0.09287981859410621
-0.09287981859410621
-0.09287981859410621
-0.09287981859410266
-0.09287981859410266
-0.09287981859410266
-0.09287981859410266
-0.09287981859410621
-0.09287981859410621
-0.09287981859410621
-0.09287981859410621
0.626938775510208
0.626938775510208
0.626938775510208
0.626938775510208
0.626938775510208
0.6269387755102045
0.6269387755102045
0.6269387755102045
0.6269387755102045
0.9752380952380975
0.9752380952380975
0.9752380952380975
0.9752380952380975
1.0681179138322037
1.0681179138322037
1.0681179138322037
