OnSet desviation
0
-0.6965986394557824
-0.6501587301587299
-0.5572789115646262
-0.510839002267574
-0.41795918367346907
-0.37151927437641685
-0.30185941043083897
-0.32507936507936463
-0.32507936507936375
-0.3482993197278912
-0.3482993197278912
-0.3250793650793664
-0.37151927437641774
-0.3250793650793664
-0.3482993197278912
-0.3715192743764195
-0.37151927437641774
-0.37151927437641774
-0.37151927437641774
-0.4411791383219956
-0.4411791383219956
-0.4411791383219956
-0.48761904761904873
-0.5804988662131514
-0.5340589569161001
-0.3947392290249443
-0.3947392290249443
-0.3947392290249443
-0.39473922902494607
-0.39473922902494607
-0.3947392290249425
-0.3947392290249425
-0.3947392290249425
-0.39473922902494607
-0.39473922902494607
-0.3947392290249425
-0.3947392290249425
-0.3947392290249425
-0.39473922902494607
-0.39473922902494607
-0.39473922902494607
-0.41795918367347085
-0.4179591836734673
-0.4179591836734673
-0.34829931972789296
-0.34829931972789296
-0.46439909297052395
-0.5340589569160983
-0.5340589569160983
-0.5340589569160983
-0.5340589569161018
-0.5340589569161018
-0.5340589569161018
-0.5340589569160983
-0.5340589569160983
-0.5340589569161018
-0.5340589569161018
-0.5108390022675735
-0.5108390022675735
-0.5108390022675735
-0.5108390022675735
-0.5108390022675771
-0.5108390022675771
-0.5108390022675735
-0.5108390022675735
-0.5108390022675735
-0.5108390022675771
-0.5108390022675735
-0.5108390022675735
-0.5108390022675771
-0.5108390022675771
-0.5108390022675735
-0.5108390022675735
-0.5108390022675735
-0.5108390022675735
-0.5108390022675771
-0.5108390022675771
-0.5108390022675735
-0.5804988662131514
-0.7430385487528355
-0.7430385487528355
-0.7430385487528355
-0.7430385487528355
-0.7430385487528355
-0.7430385487528355
-0.7430385487528355
-0.7430385487528355
-0.7430385487528355
-0.7430385487528355
-0.7430385487528355
-0.6965986394557824
-0.6965986394557824
-0.6965986394557824
-0.6965986394557824
-0.6965986394557824
-0.6965986394557824
-0.6965986394557824
-0.6965986394557824
-0.4643990929705204
-0.4643990929705204
-0.4643990929705204
-0.4643990929705204
-0.4643990929705204
-0.46439909297052395
-0.46439909297052395
-0.46439909297052395
-0.46439909297052395
-0.4643990929705204
-0.4643990929705204
-0.4643990929705204
-0.4643990929705204
-0.46439909297052395
-0.46439909297052395
-0.46439909297052395
-0.46439909297052395
-0.30185941043083986
-0.30185941043083986
-0.30185941043083986
-0.30185941043083986
-0.30185941043083986
-0.3018594104308363
-0.3018594104308363
-0.3018594104308363
-0.3018594104308363
-0.30185941043083986
-0.30185941043083986
-0.30185941043083986
-0.30185941043083986
-0.16253968253968054
-0.16253968253968054
-0.16253968253968054
-0.16253968253968054
-0.16253968253968054
-0.16253968253968054
-0.16253968253968054
-0.16253968253968054
-0.16253968253968054
-0.06965986394557433
-0.06965986394557433
-0.06965986394557433
-0.06965986394557433
-0.23219954648525487
-0.23219954648525487
-0.23219954648525487
