OnSet desviation
0
0.2853511405895691
0.24562291609977338
0.3219944648526072
0.2590462857142861
0.38185774376417303
0.3885694285714285
0.30240129478458133
0.5180925714285713
0.5015843015873012
0.6476157142857142
0.6311074444444449
0.5913792199546481
0.5980909047619054
0.6280225442176874
0.7043940929705208
0.7111057777777763
0.7492915521541939
0.7642573718820849
0.7560032369614493
0.7477491020408156
0.7627149217687084
0.8473406054421773
0.8855263798185931
0.9004921995464841
0.9707981553287972
1.598383022675737
1.598383022675737
1.5990291145124704
1.599675206349204
1.599675206349204
1.600321298185941
1.6009673900226744
1.6009673900226744
1.6016134818594097
1.9737788480725609
2.2298444410430847
2.2769304421768712
2.2769304421768712
2.811635490929703
2.951601310657596
2.951601310657596
2.9522474024943293
2.952893494331068
2.952893494331068
3.0696393594104308
3.1399453151927403
3.1405914070294756
3.768176274376419
3.768176274376419
3.7688223662131506
3.769468458049886
3.769468458049886
3.770114549886621
3.7707606417233563
3.7707606417233563
4.235805826530608
4.306111782312925
4.515737465986394
4.516383557823129
4.516383557823129
4.70278928684807
4.703435378684809
4.703435378684809
4.8434011984127
4.983367018140587
4.983367018140587
5.2626525657596375
5.263298657596373
5.263944749433104
5.26459084126984
5.26459084126984
5.265236933106575
5.26588302494331
5.26588302494331
5.266529116780045
5.940553893424035
5.940553893424035
6.428819032879815
6.429465124716554
6.360451352607708
6.1985577619047625
6.1985577619047625
6.036664171201814
5.967650399092971
5.967650399092971
5.968296490929706
5.968942582766438
5.968942582766438
5.969588674603177
6.225654267573695
7.71302354875283
7.71302354875283
7.71302354875283
7.71302354875283
7.714315732426304
7.714315732426304
7.714315732426304
7.714315732426304
7.715607916099778
7.715607916099778
7.715607916099778
7.715607916099778
8.599258376417236
8.925629925170071
8.925629925170071
8.925629925170071
8.925629925170071
9.646740702947849
9.646740702947849
9.646740702947849
9.646740702947849
9.648032886621316
9.648032886621316
9.648032886621316
9.648032886621316
9.718984934240364
9.975696619047625
9.975696619047625
9.975696619047625
9.975696619047625
9.976988802721092
9.976988802721092
9.976988802721092
9.976988802721092
9.978280986394559
9.978280986394559
9.978280986394559
9.978280986394559
11.024471129251705
11.35084267800454
11.35084267800454
11.35084267800454
11.35084267800454
11.677214226757371
11.677214226757371
11.677214226757371
11.677214226757371
11.678506410430845
11.678506410430845
11.678506410430845
11.678506410430845
12.283517414965992
12.193221963718827
12.193221963718827
