OnSet desviation
0
0.4943307324263039
0.8029018276643993
1.2740126054421763
1.3271641995464853
2.0536944784580493
2.455145392290249
2.8101563968253966
3.3277070839002265
3.636278179138322
4.200268775510205
4.578499734693878
4.5852114195011335
5.218861879818595
5.666752702947846
6.091423571428573
6.098135256235826
6.391740531746031
6.546026079365079
6.537771944444444
6.529517809523808
6.544483629251703
6.536229494331067
6.527975359410432
6.5429411791383245
6.543587270975058
6.729993
6.729993
6.730639091836734
6.731285183673471
6.731285183673471
6.731931275510204
7.034436777777778
7.034436777777778
7.035082869614513
7.012509006802722
7.013155098639459
7.013801190476192
7.013801190476192
7.014447282312926
7.038313328798187
7.038313328798187
7.038959420634921
7.039605512471656
7.039605512471656
7.040251604308391
7.040897696145123
7.041543787981858
7.042189879818597
7.042189879818597
7.042835971655329
7.043482063492064
7.043482063492064
7.044128155328799
7.044774247165535
7.044774247165535
7.045420339002266
7.1621662040816325
7.162812295918368
7.163458387755103
7.163458387755103
7.164104479591835
7.1647505714285735
7.1647505714285735
7.165396663265309
7.1660427551020405
7.1660427551020405
7.166688846938776
7.213774848072564
7.214420939909299
7.215067031746031
7.215067031746031
7.215713123582766
7.2163592154195015
7.2163592154195015
7.217005307256237
7.217651399092972
7.217651399092972
7.5898167653061215
7.590462857142857
7.591108948979592
7.591755040816327
7.591755040816327
7.5924011326530625
7.569827269841269
7.569827269841269
7.570473361678008
7.57111945351474
7.57111945351474
7.571765545351475
8.08325063945578
8.084542823129254
8.084542823129254
8.084542823129254
8.084542823129254
8.085835006802718
8.085835006802718
8.085835006802718
8.085835006802718
8.31932673696145
8.31932673696145
8.31932673696145
8.31932673696145
8.320618920634917
8.391570968253966
8.391570968253966
8.391570968253966
8.391570968253966
8.694722562358276
8.694722562358276
8.694722562358276
8.694722562358276
8.696014746031743
8.696014746031743
8.696014746031743
8.696014746031743
8.69730692970521
8.698599113378684
8.698599113378684
8.698599113378684
8.698599113378684
8.699891297052151
8.699891297052151
8.699891297052151
8.699891297052151
8.701183480725618
8.701183480725618
8.701183480725618
8.701183480725618
9.515174077097502
9.516466260770969
9.516466260770969
9.516466260770969
9.516466260770969
9.517758444444446
9.517758444444446
9.517758444444446
9.517758444444446
9.960229766439905
9.960229766439905
9.960229766439905
9.960229766439905
10.472360952380953
10.544605183673468
10.544605183673468
