OnSet desviation
0
-0.6037188208616779
-0.25541950113378675
0.1393197278911562
0.25541950113378675
0.8591383219954638
1.253877551020408
1.6950566893424028
1.9969160997732427
2.321995464852608
2.739954648526078
3.1346938775510207
3.181133786848072
3.8080725623582765
4.226031746031746
4.5743310657596385
4.574331065759637
4.8297505668934235
4.969070294784581
4.969070294784581
4.969070294784579
4.969070294784581
4.876190476190477
4.829750566893425
4.829750566893427
4.760090702947847
4.31891156462585
4.31891156462585
4.31891156462585
4.318911564625854
4.318911564625854
4.31891156462585
4.62077097505669
4.62077097505669
4.62077097505669
4.226031746031747
3.9706122448979606
3.9241723356009075
3.9241723356009075
3.390113378684809
3.2740136054421782
3.2740136054421782
3.2740136054421782
3.2740136054421747
3.2740136054421747
3.1579138321995472
3.0882539682539694
3.0882539682539694
2.461315192743765
2.461315192743765
2.461315192743765
2.461315192743765
2.461315192743765
2.461315192743765
2.461315192743765
2.461315192743765
1.9969160997732445
2.043356009070294
1.8343764172335604
1.8343764172335604
1.8343764172335604
1.6486167800453515
1.6486167800453515
1.6486167800453515
1.5092970521541957
1.36997732426304
1.36997732426304
1.091337868480725
1.137777777777778
1.1377777777777816
1.137777777777778
1.137777777777778
1.137777777777778
1.137777777777778
1.137777777777778
1.137777777777778
0.46439909297052395
0.46439909297052395
0.34829931972789296
0.3482993197278894
0.41795918367347085
0.5804988662131514
0.5804988662131514
0.7430385487528355
0.789478458049885
0.789478458049885
0.7894784580498886
0.7894784580498886
0.7894784580498886
0.789478458049885
1.0448979591836718
-0.4411791383219885
-0.4411791383219885
-0.4411791383219885
-0.4411791383219885
-0.4411791383219992
-0.4411791383219992
-0.4411791383219992
-0.4411791383219992
-0.2089795918367372
-0.2089795918367372
-0.2089795918367372
-0.2089795918367372
-1.0913378684807284
-1.3467573696145152
-1.3467573696145152
-1.3467573696145152
-1.3467573696145152
-1.7647165532879825
-1.7647165532879825
-1.7647165532879825
-1.7647165532879825
-1.7647165532879825
-1.7647165532879825
-1.7647165532879825
-1.7647165532879825
-1.834376417233564
-2.0897959183673507
-2.0897959183673507
-2.0897959183673507
-2.0897959183673507
-2.0897959183673507
-2.0897959183673507
-2.0897959183673507
-2.0897959183673507
-2.0897959183673507
-2.0897959183673507
-2.0897959183673507
-2.0897959183673507
-2.3219954648526127
-2.647074829931981
-2.647074829931981
-2.647074829931981
-2.647074829931981
-2.972154195011335
-2.972154195011335
-2.972154195011335
-2.972154195011335
-2.53097505668935
-2.53097505668935
-2.53097505668935
-2.53097505668935
-2.623854875283449
-2.4613151927437684
-2.4613151927437684
