OnSet desviation
0
-0.8126984126984127
-0.7430385487528341
-0.6269387755102045
-0.5804988662131514
-0.3947392290249443
-0.20897959183673454
-0.04643990929705222
-0.023219954648526553
0.09287981859410444
0.20897959183673542
0.30185941043083986
0.2321995464852602
0.6733786848072558
0.9055782312925178
0.8591383219954665
0.8591383219954629
0.8591383219954629
0.9984580498866222
0.9984580498866222
0.9984580498866222
0.9984580498866222
0.9520181405895691
0.9520181405895691
0.9520181405895727
0.9520181405895691
0.5340589569161018
0.5340589569161018
0.5340589569160983
0.5340589569161018
0.5340589569161018
0.4411791383219956
0.6501587301587293
0.6501587301587293
0.5340589569160983
0.41795918367347085
0.41795918367347085
0.41795918367347085
0.41795918367347085
0.41795918367347085
0.4411791383219956
0.4411791383219956
0.4411791383219956
0.4411791383219956
0.4411791383219956
0.4411791383219956
0.4411791383219956
0.4411791383219956
0.4411791383219992
0.4411791383219992
0.2786394557823151
0.27863945578231153
0.27863945578231153
0.27863945578231153
0.2786394557823151
0.2786394557823151
0.046439909297053106
0.046439909297053106
0.04643990929704955
0.046439909297053106
0.046439909297053106
0.046439909297053106
0.046439909297053106
0.046439909297053106
0.046439909297053106
0.046439909297053106
0.046439909297053106
-0.023219954648524777
0.023219954648524777
0.02321995464852833
0.02321995464852833
0.02321995464852833
0.023219954648524777
0.023219954648524777
0.023219954648524777
0.02321995464852833
0.02321995464852833
0.02321995464852833
0.20897959183673365
0.20897959183673365
0.2786394557823151
0.2786394557823151
0.2786394557823151
0.27863945578231153
0.27863945578231153
0.27863945578231153
0.2786394557823151
0.2786394557823151
0.2786394557823151
0.27863945578231153
0.4643990929705204
0.2554195011337903
0.2554195011337903
0.2554195011337903
0.2554195011337903
0.25541950113378675
0.25541950113378675
0.25541950113378675
0.25541950113378675
0.46439909297051685
0.46439909297051685
0.46439909297051685
0.46439909297051685
0.46439909297051685
0.5340589569160983
0.5340589569160983
0.5340589569160983
0.5340589569160983
0.8359183673469346
0.8359183673469346
0.8359183673469346
0.8359183673469346
0.8359183673469346
0.8359183673469346
0.8359183673469346
0.8359183673469346
0.8359183673469346
0.8359183673469417
0.8359183673469417
0.8359183673469417
0.8359183673469417
0.8359183673469346
0.8359183673469346
0.8359183673469346
0.8359183673469346
0.8359183673469346
0.8359183673469346
0.8359183673469346
0.8359183673469346
1.3003174603174585
1.3003174603174585
1.3003174603174585
1.3003174603174585
1.3003174603174585
1.3003174603174585
1.3003174603174585
1.3003174603174585
1.3003174603174585
1.4860770975056639
1.4860770975056639
1.4860770975056639
1.4860770975056639
1.57895691609977
1.1842176870748276
1.1842176870748276
