OnSet desviation
0
-0.6501587301587299
-0.3715192743764173
-0.09287981859410399
-0.023219954648526553
0.3947392290249434
0.6037188208616779
0.8823582766439904
1.1609977324263046
1.369977324263039
1.671836734693878
1.9736961451247161
2.089795918367347
2.275555555555556
2.461315192743763
2.8560544217687074
2.856054421768709
3.111473922902496
3.1114739229024924
3.1114739229024924
3.1114739229024906
3.1114739229024924
3.065034013605441
3.0185941043083897
3.018594104308388
2.948934240362812
2.9257142857142817
2.9257142857142817
2.9257142857142853
2.9257142857142853
2.9257142857142853
3.018594104308388
3.111473922902494
3.111473922902494
3.227573696145125
2.94893424036281
2.6935147392290233
2.64707482993197
2.64707482993197
2.113015873015872
1.9736961451247161
1.9736961451247161
1.9736961451247161
1.9736961451247126
1.9736961451247126
1.8575963718820852
1.7879365079365073
1.7879365079365073
1.1609977324262992
1.1609977324262992
1.3235374149659833
1.3235374149659869
1.3235374149659869
1.3235374149659869
1.3235374149659833
1.3235374149659833
1.091337868480725
1.1377777777777744
0.9287981859410444
0.9287981859410408
0.9287981859410408
0.7430385487528319
0.7430385487528319
0.7430385487528319
0.6037188208616762
0.4643990929705204
0.4643990929705204
0.2554195011337832
0.25541950113378675
0.25541950113378675
0.2554195011337832
0.2554195011337832
0.25541950113378675
0.25541950113378675
0.25541950113378675
0.2554195011337832
-0.41795918367347085
-0.41795918367347085
-0.7198185941043072
-0.7198185941043107
-0.7198185941043107
-0.5572789115646302
-0.5572789115646302
-0.3947392290249425
-0.34829931972789296
-0.34829931972789296
-0.34829931972789296
-0.34829931972789296
-0.34829931972789296
-0.34829931972789296
-0.2786394557823151
-1.5557369614512453
-1.5557369614512453
-1.5557369614512453
-1.5557369614512453
-1.5557369614512524
-1.5557369614512524
-1.5557369614512524
-1.5557369614512524
-1.5325170068027205
-1.5325170068027205
-1.5325170068027205
-1.5325170068027205
-2.4148752834467118
-2.73995464852608
-2.73995464852608
-2.73995464852608
-2.73995464852608
-3.4597732426303835
-3.4597732426303835
-3.4597732426303835
-3.4597732426303835
-3.4597732426303835
-3.4597732426303835
-3.4597732426303835
-3.4597732426303835
-3.529433106575965
-3.784852607709759
-3.784852607709759
-3.784852607709759
-3.784852607709759
-3.7848526077097517
-3.7848526077097517
-3.7848526077097517
-3.7848526077097517
-3.7848526077097517
-3.7848526077097517
-3.7848526077097517
-3.7848526077097517
-4.481451247165538
-4.806530612244906
-4.806530612244906
-4.806530612244906
-4.806530612244906
-5.13160997732426
-5.13160997732426
-5.13160997732426
-5.13160997732426
-4.87619047619048
-4.87619047619048
-4.87619047619048
-4.87619047619048
-5.0619501133786855
-4.504671201814062
-4.504671201814062
