OnSet desviation
0
-0.8823582766439908
-0.7662585034013603
-0.8126984126984125
-0.7430385487528337
-0.6269387755102045
-0.6733786848072558
-0.6733786848072558
-0.5572789115646257
-0.3947392290249443
-0.3947392290249425
-0.3018594104308381
-0.2321995464852602
-0.20897959183673542
-0.18575963718820887
-0.11609977324263099
-0.046439909297053106
-0.04643990929705133
-0.09287981859410444
-0.09287981859410444
-0.09287981859410444
-0.18575963718820887
-0.27863945578231153
-0.2786394557823133
-0.30185941043083986
-0.2786394557823151
-0.30185941043083986
-0.30185941043083986
-0.34829931972789296
-0.34829931972789296
-0.34829931972789296
-0.4411791383219992
-0.4411791383219956
-0.4411791383219956
-0.4411791383219956
-0.4411791383219956
-0.4411791383219992
-0.39473922902494607
-0.39473922902494607
-0.3947392290249425
-0.39473922902494607
-0.39473922902494607
-0.39473922902494607
-0.41795918367347085
-0.41795918367347085
-0.5572789115646302
-0.5804988662131549
-0.6037188208616797
-0.7198185941043107
-0.7198185941043107
-0.7198185941043107
-0.7198185941043072
-0.7198185941043072
-0.7198185941043107
-0.7198185941043107
-0.7198185941043107
-0.7198185941043107
-0.7198185941043072
-0.6965986394557824
-0.7198185941043107
-0.7198185941043107
-0.7198185941043107
-0.7198185941043072
-0.7198185941043072
-0.7198185941043107
-0.7198185941043107
-0.7198185941043107
-0.7198185941043107
-0.7198185941043107
-0.7198185941043107
-0.7198185941043107
-0.7198185941043107
-0.7198185941043072
-0.7198185941043107
-0.7198185941043107
-0.8126984126984134
-0.8126984126984134
-0.8126984126984134
-0.8126984126984169
-0.8126984126984134
-0.8126984126984134
-0.7198185941043107
-0.7198185941043107
-0.5340589569161018
-0.46439909297052395
-0.46439909297052395
-0.4643990929705204
-0.46439909297052395
-0.46439909297052395
-0.46439909297052395
-0.4643990929705204
-0.46439909297052395
-0.46439909297052395
-0.46439909297052395
-0.46439909297052395
-0.4643990929705204
-0.4643990929705204
-0.4643990929705204
-0.4643990929705204
-0.46439909297052395
-0.46439909297052395
-0.46439909297052395
-0.46439909297052395
-0.46439909297052395
-0.4179591836734744
-0.4179591836734744
-0.4179591836734744
-0.4179591836734744
-0.41795918367347085
-0.41795918367347085
-0.41795918367347085
-0.41795918367347085
-0.46439909297052395
-0.46439909297052395
-0.46439909297052395
-0.46439909297052395
-0.4643990929705204
-0.46439909297052395
-0.46439909297052395
-0.46439909297052395
-0.46439909297052395
-0.4643990929705204
-0.4643990929705204
-0.4643990929705204
-0.4643990929705204
-0.5804988662131549
-0.5804988662131549
-0.5804988662131549
-0.5804988662131549
-0.5804988662131549
-0.48761904761904873
-0.48761904761904873
-0.48761904761904873
-0.48761904761904873
-0.48761904761904873
-0.48761904761904873
-0.48761904761904873
-0.48761904761904873
-0.4876190476190523
-0.4876190476190523
-0.4876190476190523
-0.4876190476190523
-0.48761904761904873
-0.48761904761904873
-0.48761904761904873
