OnSet desviation
0
-0.8359183673469388
-0.7198185941043083
-0.6965986394557819
-0.6733786848072567
-0.5804988662131523
-0.6733786848072567
-0.4411791383219956
-0.48761904761904784
-0.2786394557823142
-0.25541950113378675
-0.09287981859410444
-0.023219954648524777
0.13931972789115576
0.13931972789115754
0.30185941043083986
0.41795918367346907
0.4643990929705222
0.41795918367346907
0.37151927437641774
0.37151927437641774
0.3947392290249425
0.3018594104308381
0.30185941043083986
0.30185941043083986
0.32507936507936463
0.41795918367347085
0.41795918367347085
0.37151927437641774
0.34829931972789296
0.34829931972789296
0.3482993197278894
0.34829931972789296
0.34829931972789296
0.34829931972789296
0.34829931972789296
0.23219954648525842
0.23219954648526198
0.23219954648526198
0.23219954648526198
0.23219954648526198
0.23219954648526198
0.23219954648526198
0.23219954648526198
0.23219954648526198
0.23219954648525842
0.23219954648526198
0.1625396825396841
-0.046439909297053106
-0.046439909297053106
-0.046439909297053106
-0.04643990929704955
-0.04643990929704955
-0.046439909297053106
-0.046439909297053106
-0.046439909297053106
-0.04643990929704955
-0.04643990929704955
0.06965986394557788
0.11609977324263099
0.11609977324263099
0.11609977324263099
0.11609977324263099
0.11609977324263099
0.11609977324263099
0.11609977324263099
0.11609977324263099
0.11609977324263099
0.11609977324263099
0.0
-0.04643990929704955
-0.04643990929704955
-0.04643990929704955
0.023219954648524777
0.023219954648524777
0.023219954648524777
0.02321995464852833
0.02321995464852833
0.023219954648524777
0.023219954648524777
-0.023219954648524777
0.023219954648524777
0.023219954648524777
0.2089795918367372
0.2786394557823151
0.2786394557823151
0.2786394557823151
0.27863945578231153
0.27863945578231153
0.2786394557823151
0.2786394557823151
0.27863945578231153
0.27863945578231153
0.27863945578231153
0.27863945578231153
0.2786394557823151
0.2786394557823151
0.2786394557823151
0.2786394557823151
0.2786394557823151
0.2786394557823151
0.2786394557823151
0.2786394557823151
0.27863945578231153
0.32507936507936463
0.32507936507936463
0.32507936507936463
0.32507936507936463
0.32507936507936463
0.32507936507936463
0.32507936507936463
0.32507936507936463
0.23219954648526198
0.23219954648526198
0.23219954648526198
0.23219954648526198
0.23219954648526198
0.11609977324263099
0.11609977324263099
0.11609977324263099
0.11609977324263099
0.11609977324263099
0.11609977324263099
0.11609977324263099
0.11609977324263099
0.11609977324263099
0.11609977324263099
0.11609977324263099
0.11609977324263099
0.11609977324263099
0.20897959183673365
0.20897959183673365
0.20897959183673365
0.20897959183673365
0.20897959183673365
0.20897959183673365
0.20897959183673365
0.20897959183673365
0.2089795918367372
0.2089795918367372
0.2089795918367372
0.2089795918367372
0.2089795918367301
0.25541950113378675
0.25541950113378675
