OnSet desviation
0
0.47111077777777777
0.4546025079365079
0.8328334671201816
0.7698852879818587
1.0784563832199545
1.08516806802721
1.3008593446712018
1.4701107120181405
1.7322418979591827
2.0175930385487533
2.2797242244897955
2.2864359092970528
2.595007004535148
2.69459850793651
2.9799496485260786
3.12598106122449
3.3267065181405897
3.3416723378684807
3.286978293650794
3.2787241587301583
3.3401298877551024
3.331875752834467
3.323621617913835
3.338587437641724
3.3392335294784576
3.3398796213151947
3.3398796213151947
3.294085803854875
3.2715119410430837
3.2715119410430837
3.272158032879817
3.2728041247165542
3.2728041247165542
3.2734502165532895
3.250876353741498
3.1354226723356007
3.0896288548752846
3.0896288548752846
3.090274946712018
3.090921038548755
3.090921038548755
3.0915671303854886
3.092213222222224
3.092213222222224
3.0928593140589555
3.093505405895691
2.978051724489795
2.7697182244897967
2.7697182244897967
2.7703643163265284
2.771010408163267
2.771010408163267
2.7716565000000024
2.772302591836734
2.772302591836734
2.7729486836734694
2.7735947755102046
2.77424086734694
2.728447049886622
2.728447049886622
2.7290931417233537
2.7297392335600925
2.7297392335600925
2.7303853253968278
2.7310314172335595
2.7310314172335595
2.7316775090702947
2.7323236009070335
2.6168699195011342
2.5710761020408164
2.5710761020408164
2.5717221938775516
2.572368285714287
2.572368285714287
2.5730143775510186
2.5736604693877574
2.5736604693877574
2.574306561224489
2.5749526530612243
2.5291588356009065
2.4833650181405886
2.4833650181405886
2.4840111099773274
2.4614372471655344
2.4614372471655344
2.4620833390022696
2.4627294308390013
2.4627294308390013
2.46337552267574
2.464021614512472
2.4653137981859388
2.4653137981859388
2.4653137981859388
2.4653137981859388
2.4666059818594093
2.4666059818594093
2.4666059818594093
2.4666059818594093
2.4678981655328833
2.4678981655328833
2.4678981655328833
2.4678981655328833
2.4691903492063503
2.470482532879821
2.470482532879821
2.470482532879821
2.470482532879821
2.4717747165532877
2.4717747165532877
2.4717747165532877
2.4717747165532877
2.3801870816326556
2.3801870816326556
2.3801870816326556
2.3801870816326556
2.3814792653061225
2.266671675736962
2.266671675736962
2.266671675736962
2.266671675736962
2.267963859410429
2.267963859410429
2.267963859410429
2.267963859410429
2.2692560430838995
2.2692560430838995
2.2692560430838995
2.2692560430838995
2.27054822675737
2.271840410430837
2.271840410430837
2.271840410430837
2.271840410430837
2.2731325941043075
2.2731325941043075
2.2731325941043075
2.2731325941043075
2.2744247777777815
2.2744247777777815
2.2744247777777815
2.2744247777777815
2.25249700680272
2.3015212834467107
2.3015212834467107
