OnSet desviation
0
-0.8823582766439908
-0.8823582766439908
-0.9520181405895691
-0.905578231292516
-0.8823582766439912
-0.8359183673469381
-1.0681179138321992
-0.9055782312925169
-0.9520181405895691
-0.9752380952380939
-1.0448979591836718
-1.0448979591836736
-1.1842176870748293
-1.1609977324263046
-1.253877551020409
-1.3003174603174603
-1.3467573696145116
-1.3467573696145116
-1.3003174603174603
-1.3003174603174603
-1.4164172335600895
-1.4164172335600878
-1.4164172335600913
-1.4396371882086179
-1.4396371882086179
-1.5557369614512488
-1.5557369614512488
-1.5557369614512488
-1.532517006802724
-1.532517006802724
-1.6253968253968267
-1.6253968253968267
-1.6253968253968267
-1.6253968253968267
-1.6253968253968267
-1.5092970521541957
-1.4628571428571462
-1.4628571428571462
-1.4628571428571426
-1.4628571428571462
-1.4628571428571462
-1.4628571428571462
-1.486077097505671
-1.486077097505671
-1.6253968253968267
-1.648616780045355
-1.602176870748302
-1.5092970521541957
-1.5092970521541957
-1.5092970521541957
-1.5092970521541957
-1.5092970521541957
-1.5092970521541957
-1.5092970521541957
-1.5092970521541957
-1.5092970521541993
-1.5092970521541957
-1.6021768707482984
-1.6718367346938798
-1.6718367346938798
-1.6718367346938798
-1.6718367346938763
-1.6718367346938763
-1.6718367346938798
-1.6718367346938798
-1.6718367346938798
-1.6718367346938798
-1.6718367346938798
-1.5557369614512488
-1.5092970521541993
-1.5092970521541993
-1.5092970521541957
-1.5789569160997736
-1.5789569160997736
-1.6718367346938763
-1.6718367346938798
-1.6718367346938798
-1.6718367346938798
-1.6718367346938763
-1.6253968253968267
-1.5789569160997736
-1.5789569160997736
-1.5789569160997772
-1.5789569160997772
-1.5789569160997772
-1.5789569160997736
-1.5789569160997736
-1.5789569160997736
-1.5789569160997772
-1.5789569160997736
-1.5789569160997736
-1.5789569160997736
-1.5789569160997736
-1.5789569160997736
-1.5789569160997736
-1.5789569160997736
-1.5789569160997736
-1.5789569160997736
-1.5789569160997772
-1.5789569160997772
-1.5789569160997772
-1.5789569160997772
-1.5789569160997736
-1.5789569160997772
-1.5789569160997772
-1.5789569160997772
-1.5789569160997772
-1.5789569160997736
-1.5789569160997736
-1.5789569160997736
-1.5789569160997736
-1.532517006802724
-1.532517006802724
-1.532517006802724
-1.532517006802724
-1.5325170068027205
-1.416417233560093
-1.416417233560093
-1.416417233560093
-1.416417233560093
-1.4164172335600895
-1.4164172335600895
-1.4164172335600895
-1.4164172335600895
-1.532517006802724
-1.532517006802724
-1.532517006802724
-1.532517006802724
-1.532517006802724
-1.5325170068027205
-1.5325170068027205
-1.5325170068027205
-1.5325170068027205
-1.5325170068027205
-1.5325170068027205
-1.5325170068027205
-1.5325170068027205
-1.5325170068027276
-1.5325170068027276
-1.5325170068027276
-1.5325170068027276
-1.5325170068027205
-1.5789569160997772
-1.5789569160997772
