OnSet desviation
0
0.42467086848072577
0.4081625986394559
0.716733693877551
0.7002254240362817
1.0320164739229023
1.0851680680272109
1.0686597981859416
1.4004508480725626
1.6161421247165526
1.8782733106575975
2.070744632653062
2.0774563174603173
2.246707684807257
2.3695191428571434
2.5619904648526077
2.6615819682539676
2.815867515873016
2.830833335600907
2.8225792006802717
2.814325065759636
2.759631021541951
2.7513768866213173
2.7431227517006818
2.7348686167800444
2.735514708616778
2.620061027210884
2.620061027210884
2.5742672097505643
2.574913301587298
2.574913301587298
2.4826795748299286
2.4833256666666657
2.4833256666666657
2.483971758503401
2.4613978956916096
2.462043987528343
2.4626900793650766
2.4626900793650766
2.4633361712018136
2.463982263038547
2.463982263038547
2.4646283548752805
2.442054492063491
2.442054492063491
2.303380856009067
2.280806993197274
2.2117932210884312
2.096339539682539
2.096339539682539
2.0969856315192708
2.0976317233560096
2.0976317233560096
2.098277815192745
2.0989239070294765
2.0989239070294765
2.099569998866208
2.100216090702947
2.0079823639455796
1.8925286825396803
1.8925286825396803
1.893174774376412
1.8938208662131544
1.8938208662131544
1.894466958049886
1.8951130498866178
1.8951130498866178
1.895759141723353
1.8964052335600918
1.8970513253968235
1.8976974172335552
1.8976974172335552
1.898343509070294
1.8293297369614514
1.8293297369614514
1.7370960102040804
1.7377421020408157
1.7377421020408157
1.7383881938775474
1.7390342857142862
1.739680377551018
1.7403264693877531
1.7403264693877531
1.7409725612244884
1.7183986984126953
1.7183986984126953
1.7190447902494341
1.7196908820861658
1.7196908820861658
1.720336973922901
1.7209830657596363
1.7222752494331033
1.7222752494331033
1.7222752494331033
1.7222752494331033
1.7235674331065738
1.7235674331065738
1.7235674331065738
1.7235674331065738
1.7248596167800443
1.7248596167800443
1.7248596167800443
1.7248596167800443
1.7261518004535148
1.7274439841269817
1.7274439841269817
1.7274439841269817
1.7274439841269817
1.7287361678004523
1.7287361678004523
1.7287361678004523
1.7287361678004523
1.6835884421768696
1.6835884421768696
1.6835884421768696
1.6835884421768696
1.6848806258503402
1.686172809523807
1.686172809523807
1.686172809523807
1.686172809523807
1.6874649931972776
1.6874649931972776
1.6874649931972776
1.6874649931972776
1.5726574036281136
1.5726574036281136
1.5726574036281136
1.5726574036281136
1.573949587301584
1.5752417709750546
1.5752417709750546
1.5752417709750546
1.5752417709750546
1.576533954648525
1.576533954648525
1.576533954648525
1.576533954648525
1.577826138321992
1.577826138321992
1.577826138321992
1.577826138321992
1.5558983673469413
1.5584827346938752
1.5584827346938752
