OnSet desviation
0
0.12281145804988669
0.05986327891156473
0.41487428344671207
0.3983660136054423
0.40507769841269825
0.2724696553287975
0.5578207959183672
0.6109723900226758
0.6176840748299313
0.6476157142857133
0.747207217687075
0.8003588117913818
0.92317026984127
0.7209023628117919
1.0759133673469385
0.8504255056689338
0.9118312346938762
0.9267970544217672
0.9185429195011334
0.608429374149658
0.27509587414965964
0.17396192063492144
0.1657077857142859
0.15745365079365037
-0.004439939909296697
-0.143113575963719
-0.143113575963719
-0.1424674841269855
-0.14182139229025026
-0.14182139229025026
-0.141175300453515
-0.14052920861678153
-0.14052920861678153
-0.1398831167800445
-0.1624569795918358
-0.16181088775510233
-0.16116479591836885
-0.16116479591836885
-0.16051870408163182
-0.15987261224489835
-0.15987261224489835
-0.15922652040816487
-0.1818003832199544
-0.1818003832199544
-0.18115429138321915
-0.18050819954648745
-0.24952197165533008
-0.3185357437641727
-0.3185357437641727
-0.31788965192743746
-0.3172435600907022
-0.3172435600907022
-0.31659746825396695
-0.31595137641723525
-0.31595137641723525
-0.3153052845805
-0.36109910204081785
-0.3836729648526074
-0.40624682766440046
-0.40624682766440046
-0.47526059977324664
-0.4746145079365043
-0.4746145079365043
-0.4739684160997726
-0.4733223242630409
-0.4733223242630409
-0.4958961870748304
-0.5416900045351447
-0.657143685941044
-0.6564975941043123
-0.6564975941043123
-0.6558515022675735
-0.6552054104308382
-0.6552054104308382
-0.6545593185941065
-0.6539132267573677
-0.6539132267573677
-0.653267134920636
-0.6526210430839008
-0.721634815192747
-0.8835284058956923
-0.8835284058956923
-0.882882314058957
-0.9054561768707501
-0.9054561768707501
-0.9048100850340113
-0.7184043560090707
-0.7184043560090707
-0.7177582641723355
-0.6242323537414975
-0.622940170068027
-0.622940170068027
-0.622940170068027
-0.622940170068027
-0.6216479863945601
-0.6216479863945601
-0.6216479863945601
-0.6216479863945601
-0.620355802721086
-0.620355802721086
-0.620355802721086
-0.620355802721086
-0.6190636190476191
-0.6177714353741486
-0.6177714353741486
-0.6177714353741486
-0.6177714353741486
-0.6164792517006816
-0.6164792517006816
-0.6164792517006816
-0.6164792517006816
-0.684846931972789
-0.684846931972789
-0.684846931972789
-0.684846931972789
-0.6835547482993185
-0.6822625646258516
-0.6822625646258516
-0.6822625646258516
-0.6822625646258516
-0.680970380952381
-0.680970380952381
-0.680970380952381
-0.680970380952381
-0.7028981519274389
-0.7028981519274389
-0.7028981519274389
-0.7028981519274389
-0.7712658321995498
-0.7699736485260793
-0.7699736485260793
-0.7699736485260793
-0.7699736485260793
-0.7686814648526052
-0.7686814648526052
-0.7686814648526052
-0.7686814648526052
-0.6280695532879825
-0.6280695532879825
-0.6280695532879825
-0.6280695532879825
-0.6499973242630368
-0.6474129569160993
-0.6474129569160993
