OnSet desviation
0
-0.8126984126984126
-0.6733786848072563
-0.719818594104308
-0.7430385487528341
-0.5572789115646257
-0.41795918367346907
-0.2786394557823124
-0.37151927437641685
-0.2786394557823124
-0.32507936507936463
-0.18575963718820798
-0.06965986394557788
0.09287981859410444
0.023219954648526553
0.13931972789115754
0.023219954648526553
0.023219954648526553
0.023219954648526553
0.023219954648526553
-0.23219954648526198
-0.32507936507936463
-0.41795918367346907
-0.5108390022675735
-0.5108390022675735
-0.6037188208616779
-0.7894784580498868
-0.7894784580498868
-0.789478458049885
-0.7894784580498868
-0.7894784580498868
-0.7894784580498868
-1.1609977324263046
-1.1609977324263046
-1.625396825396825
-1.625396825396825
-1.625396825396825
-1.6253968253968267
-1.6253968253968267
-1.625396825396825
-1.7647165532879807
-1.7647165532879807
-2.159455782312927
-2.1594557823129232
-2.1594557823129232
-2.159455782312927
-2.159455782312927
-2.159455782312925
-2.345215419501134
-2.345215419501134
-2.3452154195011374
-2.345215419501134
-2.345215419501134
-2.345215419501134
-2.8328344671201826
-2.8328344671201826
-3.2275736961451287
-3.3204535147392313
-3.3204535147392313
-3.343673469387756
-3.343673469387756
-3.366893424036281
-3.3668934240362844
-3.3668934240362844
-3.3668934240362844
-3.761632653061227
-3.761632653061227
-3.761632653061227
-3.761632653061227
-3.8777324263038544
-3.877732426303858
-3.877732426303858
-3.877732426303858
-3.8777324263038544
-3.8777324263038544
-3.877732426303858
-4.226031746031747
-4.226031746031747
-4.643990929705215
-4.643990929705218
-4.667210884353743
-4.667210884353743
-4.667210884353743
-4.504671201814059
-4.365351473922903
-4.365351473922903
-4.226031746031747
-4.10993197278912
-4.10993197278912
-4.109931972789116
-4.179591836734694
-5.317369614512472
-5.317369614512472
-5.317369614512472
-5.317369614512472
-5.99074829931973
-5.99074829931973
-5.99074829931973
-5.99074829931973
-5.479909297052156
-5.479909297052156
-5.479909297052156
-5.479909297052156
-5.479909297052156
-5.549569160997731
-5.549569160997731
-5.549569160997731
-5.549569160997731
-5.99074829931973
-5.99074829931973
-5.99074829931973
-5.99074829931973
-5.99074829931973
-5.99074829931973
-5.99074829931973
-5.99074829931973
-5.990748299319726
-6.037188208616779
-6.037188208616779
-6.037188208616779
-6.037188208616779
-6.083628117913836
-6.083628117913836
-6.083628117913836
-6.083628117913836
-6.0836281179138325
-6.0836281179138325
-6.0836281179138325
-6.0836281179138325
-6.153287981859414
-6.408707482993197
-6.408707482993197
-6.408707482993197
-6.408707482993197
-6.548027210884353
-6.548027210884353
-6.548027210884353
-6.548027210884353
-6.315827664399091
-6.315827664399091
-6.315827664399091
-6.315827664399091
-6.153287981859414
-6.24616780045352
-6.24616780045352
