OnSet desviation
0
-1.0448979591836736
-0.8823582766439908
-0.5340589569160996
-0.4876190476190474
-0.6733786848072563
-0.8126984126984134
-0.5804988662131523
-0.4643990929705213
-0.5340589569161001
-0.37151927437641863
-0.37151927437641774
-0.3250793650793664
-0.37151927437641774
-0.32507936507936463
-0.20897959183673542
-0.20897959183673542
-0.23219954648526198
-0.23219954648526198
-0.2321995464852602
-0.2786394557823133
-0.30185941043083986
-0.3018594104308381
-0.20897959183673542
-0.23219954648526198
-0.3018594104308381
-0.25541950113378675
-0.25541950113378675
-0.25541950113378853
-0.25541950113378675
-0.25541950113378675
-0.25541950113378675
-0.25541950113378675
-0.25541950113378675
-0.25541950113378675
-0.25541950113378675
-0.25541950113378675
-0.25541950113378853
-0.25541950113378853
-0.25541950113378675
-0.25541950113378675
-0.25541950113378675
-0.25541950113378675
-0.2786394557823151
-0.2786394557823151
-0.27863945578231153
-0.27863945578231153
-0.34829931972789296
-0.23219954648526198
-0.23219954648526198
-0.23219954648525842
-0.23219954648526198
-0.23219954648526198
-0.23219954648526198
-0.23219954648526198
-0.23219954648526198
-0.23219954648525842
-0.2786394557823151
-0.30185941043083986
-0.30185941043083986
-0.30185941043083986
-0.34829931972789296
-0.3482993197278894
-0.3482993197278894
-0.3482993197278894
-0.34829931972789296
-0.34829931972789296
-0.37151927437641774
-0.4179591836734673
-0.41795918367347085
-0.41795918367347085
-0.41795918367347085
-0.4179591836734673
-0.41795918367347085
-0.41795918367347085
-0.41795918367347085
-0.4179591836734673
-0.4179591836734673
-0.41795918367347085
-0.41795918367347085
-0.46439909297052395
-0.46439909297052395
-0.46439909297052395
-0.46439909297052395
-0.46439909297052395
-0.46439909297052395
-0.4643990929705204
-0.27863945578231153
-0.27863945578231153
-0.2786394557823151
-0.25541950113378675
-0.6037188208616762
-0.6037188208616762
-0.6037188208616762
-0.6037188208616762
-0.6037188208616797
-0.6037188208616797
-0.6037188208616797
-0.6037188208616797
-1.1145578231292497
-1.1145578231292497
-1.1145578231292497
-1.1145578231292497
-1.1145578231292532
-1.1145578231292532
-1.1145578231292532
-1.1145578231292532
-1.1145578231292532
-1.4628571428571462
-1.4628571428571462
-1.4628571428571462
-1.4628571428571462
-1.5325170068027205
-1.5325170068027205
-1.5325170068027205
-1.5325170068027205
-1.5325170068027205
-1.5557369614512488
-1.5557369614512488
-1.5557369614512488
-1.5557369614512488
-1.7879365079365073
-1.7879365079365073
-1.7879365079365073
-1.7879365079365073
-1.8111564625850356
-1.8111564625850356
-1.8111564625850356
-1.8111564625850356
-1.9969160997732445
-1.9969160997732445
-1.9969160997732445
-1.9969160997732445
-1.9969160997732445
-1.996916099773241
-1.996916099773241
-1.996916099773241
-1.996916099773241
-2.670294784580502
-2.670294784580502
-2.670294784580502
-2.670294784580502
-2.9257142857142817
-3.065034013605441
-3.065034013605441
