OnSet desviation
0
-0.9984580498866212
-0.6965986394557824
-0.39473922902494296
-0.37151927437641685
-0.3715192743764173
-0.37151927437641774
0.0
0.023219954648526553
0.04643990929705222
0.16253968253968143
0.30185941043083897
0.4643990929705204
0.5804988662131514
0.5572789115646266
0.7894784580498868
0.6733786848072558
0.6501587301587293
0.6501587301587293
0.650158730158731
0.3482993197278894
0.2321995464852602
0.13931972789115754
0.13931972789115576
0.11609977324262921
-0.04643990929705133
-0.18575963718820887
-0.18575963718820887
-0.18575963718820887
-0.18575963718820887
-0.18575963718820887
-0.18575963718820887
-0.5572789115646266
-0.5572789115646266
-1.021678004535147
-1.021678004535147
-1.021678004535147
-1.0216780045351506
-1.0216780045351506
-1.021678004535147
-1.1609977324263028
-1.1609977324263028
-1.5557369614512488
-1.5789569160997736
-1.5789569160997736
-1.5789569160997736
-1.5789569160997736
-1.6486167800453515
-1.7182766439909294
-1.7182766439909294
-1.7182766439909294
-1.7182766439909294
-1.7182766439909294
-1.7182766439909294
-2.205895691609978
-2.205895691609978
-2.6006349206349206
-2.73995464852608
-2.7631746031746047
-2.7863945578231295
-2.7863945578231295
-2.8560544217687074
-2.8560544217687074
-2.8560544217687074
-2.8560544217687074
-3.2507936507936535
-3.2507936507936535
-3.2740136054421782
-3.320453514739228
-3.4365532879818588
-3.4365532879818623
-3.4365532879818623
-3.4365532879818588
-3.4365532879818588
-3.4365532879818588
-3.4365532879818623
-3.784852607709748
-3.784852607709748
-4.202811791383219
-4.202811791383223
-4.2724716553288005
-4.2724716553288005
-4.2724716553288005
-4.109931972789116
-3.9706122448979606
-3.9706122448979606
-3.8312925170068013
-3.529433106575965
-3.529433106575965
-3.529433106575965
-3.5758730158730145
-5.061950113378682
-5.061950113378682
-5.061950113378682
-5.061950113378682
-5.735328798185943
-5.735328798185943
-5.735328798185943
-5.735328798185943
-5.7353287981859395
-5.7353287981859395
-5.7353287981859395
-5.7353287981859395
-5.735328798185943
-5.804988662131517
-5.804988662131517
-5.804988662131517
-5.804988662131517
-6.59446712018141
-6.59446712018141
-6.59446712018141
-6.59446712018141
-6.664126984126984
-6.664126984126984
-6.664126984126984
-6.664126984126984
-6.66412698412698
-6.733786848072562
-6.733786848072562
-6.733786848072562
-6.733786848072562
-7.012426303854877
-7.012426303854877
-7.012426303854877
-7.012426303854877
-7.035646258503402
-7.035646258503402
-7.035646258503402
-7.035646258503402
-7.291065759637192
-7.546485260770975
-7.546485260770975
-7.546485260770975
-7.546485260770975
-7.685804988662127
-7.685804988662127
-7.685804988662127
-7.685804988662127
-8.126984126984127
-8.126984126984127
-8.126984126984127
-8.126984126984127
-8.21986394557823
-8.452063492063495
-8.452063492063495
