OnSet desviation
0
-0.6965986394557822
-0.7894784580498864
-0.4643990929705213
-0.3715192743764173
-0.41795918367346996
-0.3947392290249434
-0.046439909297053106
0.0
-8.881784197001252e-16
0.11609977324263099
0.2786394557823133
0.25541950113378675
0.37151927437641774
0.37151927437641774
0.6269387755102045
0.650158730158731
0.6501587301587293
0.6269387755102027
0.6269387755102027
0.5340589569161001
0.41795918367346907
0.3947392290249443
0.3018594104308381
0.25541950113378675
0.2321995464852602
0.2321995464852602
0.2321995464852602
0.2321995464852602
0.23219954648526198
0.23219954648526198
0.2321995464852602
0.2321995464852602
0.2321995464852602
0.23219954648526198
0.23219954648526198
0.23219954648526198
0.23219954648525842
0.23219954648525842
0.23219954648525842
0.23219954648526198
0.23219954648526198
0.23219954648526198
0.23219954648525842
0.23219954648525842
0.18575963718820532
0.16253968253968054
0.16253968253968054
0.023219954648524777
0.023219954648524777
-0.046439909297053106
-0.046439909297053106
-0.046439909297053106
-0.046439909297053106
-0.04643990929704955
-0.04643990929704955
-0.046439909297053106
-0.046439909297053106
-0.046439909297053106
-0.11609977324263099
-0.11609977324263099
-0.11609977324263099
-0.11609977324263099
-0.11609977324263099
-0.11609977324262744
-0.11609977324263099
-0.11609977324263099
-0.11609977324263099
-0.11609977324263099
-0.13931972789115932
-0.13931972789115576
-0.13931972789115576
-0.13931972789115576
-0.06965986394557788
-0.06965986394557788
-0.06965986394557788
-0.09287981859410621
-0.09287981859410621
-0.20897959183673365
-0.20897959183673365
-0.2786394557823151
-0.27863945578231153
-0.27863945578231153
-0.09287981859410621
-0.046439909297053106
-0.046439909297053106
0.11609977324263099
0.13931972789115576
0.13931972789115576
0.06965986394557788
-0.046439909297053106
-0.25541950113378675
-0.25541950113378675
-0.25541950113378675
-0.25541950113378675
-0.25541950113378675
-0.25541950113378675
-0.25541950113378675
-0.25541950113378675
-0.25541950113378675
-0.25541950113378675
-0.25541950113378675
-0.25541950113378675
-0.25541950113378675
-0.25541950113378675
-0.25541950113378675
-0.25541950113378675
-0.25541950113378675
-0.25541950113378675
-0.25541950113378675
-0.25541950113378675
-0.25541950113378675
-0.25541950113378675
-0.25541950113378675
-0.25541950113378675
-0.25541950113378675
-0.25541950113378675
-0.25541950113378675
-0.25541950113378675
-0.25541950113378675
-0.25541950113378675
-0.2554195011337903
-0.2554195011337903
-0.2554195011337903
-0.2554195011337903
-0.4179591836734673
-0.4179591836734673
-0.4179591836734673
-0.4179591836734673
-0.41795918367347085
-0.4179591836734673
-0.4179591836734673
-0.4179591836734673
-0.4179591836734673
-0.41795918367347085
-0.41795918367347085
-0.41795918367347085
-0.41795918367347085
-0.41795918367347085
-0.41795918367347085
-0.41795918367347085
-0.41795918367347085
-0.41795918367347085
-0.905578231292516
-0.905578231292516
