OnSet desviation
0
-0.7894784580498867
-0.9055782312925169
-0.6501587301587297
-0.7430385487528346
-0.5804988662131518
-0.5340589569161001
-0.30185941043083986
-0.3482993197278912
-0.37151927437641774
-0.3482993197278912
-0.18575963718820887
-0.1625396825396841
-0.09287981859410444
-0.18575963718820887
0.0
-0.04643990929705133
-0.046439909297053106
-0.046439909297053106
-0.046439909297053106
-0.18575963718820887
-0.37151927437641774
-0.3947392290249425
-0.4411791383219956
-0.5108390022675735
-0.4411791383219956
-0.37151927437641774
-0.37151927437641774
-0.37151927437641774
-0.3947392290249425
-0.3947392290249425
-0.6037188208616779
-0.6965986394557824
-0.6965986394557824
-0.7662585034013603
-0.8359183673469399
-0.9752380952380939
-0.9752380952380975
-0.9752380952380975
-0.9752380952380975
-1.021678004535147
-1.021678004535147
-1.137777777777778
-1.137777777777778
-1.137777777777778
-1.0681179138322001
-0.9984580498866222
-1.0448979591836753
-1.0448979591836718
-1.0448979591836718
-1.0448979591836753
-1.0448979591836753
-1.0448979591836753
-1.0448979591836718
-1.1842176870748276
-1.1842176870748276
-1.300317460317462
-1.4396371882086179
-1.4396371882086179
-1.4396371882086179
-1.4396371882086179
-1.4396371882086179
-1.4396371882086179
-1.4396371882086179
-1.4396371882086143
-1.4396371882086179
-1.4396371882086179
-1.4396371882086179
-1.4396371882086143
-1.486077097505671
-1.6253968253968267
-1.6253968253968267
-1.6486167800453515
-1.5789569160997736
-1.5789569160997736
-1.5789569160997736
-1.5789569160997736
-1.5789569160997736
-1.5557369614512488
-1.5557369614512453
-1.5557369614512488
-1.5325170068027205
-1.5325170068027205
-1.3467573696145116
-1.3931972789115648
-1.3931972789115648
-1.36997732426304
-1.3003174603174585
-1.3003174603174585
-1.4164172335600895
-1.532517006802724
-1.927256235827663
-1.927256235827663
-1.927256235827663
-1.927256235827663
-2.043356009070294
-2.043356009070294
-2.043356009070294
-2.043356009070294
-2.043356009070294
-2.043356009070294
-2.043356009070294
-2.043356009070294
-2.043356009070294
-2.0433560090702976
-2.0433560090702976
-2.0433560090702976
-2.0433560090702976
-2.043356009070294
-2.043356009070294
-2.043356009070294
-2.043356009070294
-2.043356009070294
-2.043356009070294
-2.043356009070294
-2.043356009070294
-2.043356009070294
-2.043356009070294
-2.043356009070294
-2.043356009070294
-2.043356009070294
-2.0433560090702976
-2.0433560090702976
-2.0433560090702976
-2.0433560090702976
-2.043356009070294
-2.043356009070294
-2.043356009070294
-2.043356009070294
-2.0433560090702976
-2.043356009070294
-2.043356009070294
-2.043356009070294
-2.043356009070294
-2.043356009070294
-2.043356009070294
-2.043356009070294
-2.043356009070294
-2.0433560090702976
-2.0433560090702976
-2.0433560090702976
-2.0433560090702976
-2.0433560090702976
-1.3931972789115648
-1.3931972789115648
