OnSet desviation
0
0.2621311859410431
0.15274309750566917
0.32199446485260763
0.2126063764172339
0.3354178344671208
0.24924970068027186
0.2559613854875291
0.35555288888888903
0.38548452834467106
0.5082959863945575
0.37568794331065725
0.35917967346938795
0.3194514489795921
0.535142725623583
0.37931472789115617
0.31636654875283376
0.3081124138322
0.323078233560091
0.3148240986394555
0.30656996371881995
0.15899610090703042
0.1507419659863949
0.11926787641723458
0.08779378684807249
0.018780014739229856
-0.05023375736961455
-0.05023375736961455
-0.0495876655328793
-0.048941573696145824
-0.048941573696145824
-0.04829548185941057
-0.047649390022677096
-0.047649390022677096
-0.04700329818594007
-0.06957716099773137
-0.0689310691609979
-0.06828497732426086
-0.06828497732426086
-0.06763888548752739
-0.06699279365079391
-0.06699279365079391
-0.06634670181406044
-0.06570060997732341
-0.06570060997732341
-0.15793433673469437
-0.29660797278911843
-0.2959618809523832
-0.29531578911564793
-0.29531578911564793
-0.2946696972789127
-0.2940236054421774
-0.2940236054421774
-0.2933775136054422
-0.2927314217687105
-0.2927314217687105
-0.2920853299319752
-0.29143923809523997
-0.2907931462585047
-0.29014705442176947
-0.29014705442176947
-0.28950096258503777
-0.28885487074829896
-0.28885487074829896
-0.28820877891156726
-0.287562687074832
-0.287562687074832
-0.28691659523809676
-0.2862705034013615
-0.28562441156462626
-0.28497831972789456
-0.28497831972789456
-0.2843322278911593
-0.35334600000000194
-0.35334600000000194
-0.3526999081632667
-0.35205381632653143
-0.35205381632653143
-0.3746276791383245
-0.37398158730158926
-0.373335495464854
-0.3959093582766471
-0.3959093582766471
-0.5810229036281171
-0.6500366757369633
-0.6500366757369633
-0.8583701757369617
-0.9970438117913858
-0.9970438117913858
-0.9963977199546505
-0.9957516281179153
-0.9944594444444483
-0.9944594444444483
-0.9944594444444483
-0.9944594444444483
-0.9931672607709778
-0.9931672607709778
-0.9931672607709778
-0.9931672607709778
-0.9918750770975073
-0.9918750770975073
-0.9918750770975073
-0.9918750770975073
-0.9905828934240368
-0.9892907097505663
-0.9892907097505663
-0.9892907097505663
-0.9892907097505663
-0.9879985260770994
-0.9879985260770994
-0.9879985260770994
-0.9879985260770994
-0.9867063424036289
-0.9867063424036289
-0.9867063424036289
-0.9867063424036289
-0.9854141587301619
-0.9841219750566914
-0.9841219750566914
-0.9841219750566914
-0.9841219750566914
-0.9828297913832209
-0.9828297913832209
-0.9828297913832209
-0.9828297913832209
-0.981537607709754
-0.981537607709754
-0.981537607709754
-0.981537607709754
-0.9802454240362835
-0.9789532403628165
-0.9789532403628165
-0.9789532403628165
-0.9789532403628165
-0.9776610566893424
-0.9776610566893424
-0.9776610566893424
-0.9776610566893424
-0.9763688730158719
-0.9763688730158719
-0.9763688730158719
-0.9763688730158719
-0.9982966439909298
-0.27589368253968516
-0.27589368253968516
