OnSet desviation
0
0.3317910498866212
0.10630318820861695
0.5309740566893426
0.328706149659864
0.6140572902494337
0.5743290657596365
0.813240297052154
0.8663918911564625
0.873103575963718
1.019134988662131
1.049066628117913
1.0557783129251685
1.0857099523809524
1.2085214104308388
1.2384530498866209
1.1290649614512471
1.1208108265306116
1.1357766462585026
1.127522511337867
0.9799486485260758
0.6466151485260774
0.6151410589569171
0.5372270600907036
0.4360931065759637
0.4367391984126989
0.4373852902494324
0.4373852902494324
0.43803138208616765
0.41545751927437635
0.41545751927437635
0.20712401927437618
0.11489029251700522
0.11489029251700522
0.04587652040816437
-0.04635720634920659
-0.1850308424036271
-0.18438475056689363
-0.18438475056689363
-0.18373865873016015
-0.22953247619047623
-0.22953247619047623
-0.34498615759637374
-0.34434006575963494
-0.34434006575963494
-0.366913928571428
-0.4359277006802742
-0.48172151814059205
-0.48107542630385325
-0.48107542630385325
-0.48042933446712155
-0.4797832426303863
-0.4797832426303863
-0.4791371507936475
-0.6178107868480716
-0.6178107868480716
-0.7332644682539708
-0.8719381043083914
-0.8712920124716561
-0.8706459206349209
-0.8706459206349209
-0.8699998287981892
-0.8693537369614504
-0.8693537369614504
-0.8687076451247151
-0.8680615532879834
-0.8680615532879834
-0.8674154614512481
-0.8667693696145093
-0.9125631870748308
-1.0512368231292548
-1.0512368231292548
-1.0738106859410443
-1.073164594104309
-1.073164594104309
-1.0725185022675738
-1.0718724104308386
-1.0718724104308386
-1.0712263185941069
-1.070580226757368
-1.0699341349206364
-1.0692880430839011
-1.0692880430839011
-1.0686419512471623
-1.1840956326530616
-1.1840956326530616
-1.3692091780045352
-1.4382229501133779
-1.4382229501133779
-1.5536766315192736
-1.6691303129251729
-2.062577358276645
-2.062577358276645
-2.062577358276645
-2.062577358276645
-2.1773849478458054
-2.1773849478458054
-2.1773849478458054
-2.1773849478458054
-2.176092764172335
-2.176092764172335
-2.176092764172335
-2.176092764172335
-2.1748005804988644
-2.1735083968253974
-2.1735083968253974
-2.1735083968253974
-2.1735083968253974
-2.172216213151927
-2.172216213151927
-2.172216213151927
-2.172216213151927
-2.1709240294784564
-2.1709240294784564
-2.1709240294784564
-2.1709240294784564
-2.1696318458049895
-2.168339662131519
-2.168339662131519
-2.168339662131519
-2.168339662131519
-2.167047478458052
-2.167047478458052
-2.167047478458052
-2.167047478458052
-2.1657552947845815
-2.1657552947845815
-2.1657552947845815
-2.1657552947845815
-2.1644631111111146
-2.163170927437644
-2.163170927437644
-2.163170927437644
-2.163170927437644
-2.16187874376417
-2.16187874376417
-2.16187874376417
-2.16187874376417
-2.160586560090703
-2.160586560090703
-2.160586560090703
-2.160586560090703
-2.182514331065761
-0.8099526394557834
-0.8099526394557834
