OnSet desviation
0
-0.9752380952380953
-0.9984580498866213
-1.0681179138321992
-1.253877551020408
-1.0448979591836731
-1.021678004535148
-1.137777777777778
-1.2306575963718824
-1.253877551020408
-1.3467573696145134
-1.3467573696145134
-1.300317460317462
-1.3467573696145134
-1.4396371882086179
-1.5092970521541957
-1.5789569160997736
-1.5789569160997736
-1.555736961451247
-1.555736961451247
-1.6021768707483002
-1.671836734693878
-1.671836734693878
-1.625396825396825
-1.6486167800453515
-1.555736961451247
-1.4860770975056692
-1.4860770975056692
-1.4860770975056692
-1.5092970521541957
-1.5092970521541957
-1.7182766439909294
-1.8111564625850338
-1.8111564625850338
-1.8808163265306135
-1.9504761904761931
-2.089795918367347
-2.089795918367347
-2.089795918367347
-2.089795918367347
-2.1362358276644002
-2.1362358276644002
-2.252335600907031
-2.2523356009070277
-2.2523356009070277
-2.1362358276643967
-2.043356009070294
-2.089795918367347
-1.9504761904761878
-1.9504761904761878
-1.8808163265306135
-1.8808163265306135
-1.8808163265306135
-1.88081632653061
-2.0201360544217692
-2.0201360544217692
-2.1362358276644002
-2.275555555555556
-2.275555555555556
-2.205895691609978
-2.205895691609978
-2.205895691609978
-2.205895691609978
-2.205895691609978
-2.205895691609978
-2.205895691609978
-2.205895691609978
-2.205895691609978
-2.2058956916099746
-2.229115646258503
-2.368435374149662
-2.368435374149662
-2.391655328798187
-2.391655328798187
-2.391655328798187
-2.391655328798187
-2.3684353741496587
-2.3684353741496587
-2.2291156462585064
-2.229115646258503
-2.159455782312925
-2.1362358276644002
-2.1362358276644002
-2.1362358276643967
-2.229115646258503
-2.229115646258503
-2.368435374149662
-2.3219954648526056
-2.3219954648526056
-2.3684353741496587
-2.368435374149662
-2.5541950113378675
-2.5541950113378675
-2.5541950113378675
-2.5541950113378675
-2.6702947845804985
-2.6702947845804985
-2.6702947845804985
-2.6702947845804985
-2.6702947845804985
-2.6702947845804985
-2.6702947845804985
-2.6702947845804985
-2.6702947845804985
-2.670294784580502
-2.670294784580502
-2.670294784580502
-2.670294784580502
-2.6702947845804985
-2.6702947845804985
-2.6702947845804985
-2.6702947845804985
-2.6702947845804985
-2.6702947845804985
-2.6702947845804985
-2.6702947845804985
-2.6702947845804985
-2.6702947845804985
-2.6702947845804985
-2.6702947845804985
-2.6702947845804985
-2.6702947845804985
-2.6702947845804985
-2.6702947845804985
-2.6702947845804985
-2.507755102040818
-2.507755102040818
-2.507755102040818
-2.507755102040818
-2.507755102040818
-2.507755102040818
-2.507755102040818
-2.507755102040818
-2.507755102040818
-2.5077551020408144
-2.5077551020408144
-2.5077551020408144
-2.5077551020408144
-2.507755102040818
-2.507755102040818
-2.507755102040818
-2.507755102040818
-2.507755102040818
-1.36997732426304
-1.36997732426304
