OnSet desviation
0
-0.7198185941043085
-0.557278911564626
-0.5340589569160992
-0.48761904761904784
-0.41795918367346996
-0.3482993197278921
-0.2786394557823133
-0.30185941043083897
-0.11609977324263099
-0.2786394557823133
-0.18575963718820798
-0.023219954648524777
0.2786394557823151
0.3250793650793664
0.3250793650793664
0.32507936507936463
0.3947392290249443
0.30185941043083986
0.3018594104308381
0.2786394557823133
0.2786394557823133
0.2786394557823133
0.18575963718820887
0.11609977324263099
0.09287981859410444
0.09287981859410444
0.09287981859410444
0.09287981859410444
0.09287981859410444
0.09287981859410444
0.09287981859410621
0.09287981859410444
0.09287981859410444
0.09287981859410444
0.25541950113378675
0.25541950113378853
0.25541950113378853
0.25541950113378853
0.25541950113378675
0.25541950113378675
0.25541950113378675
0.25541950113378853
0.20897959183673365
0.20897959183673365
0.13931972789115576
0.13931972789115932
0.16253968253968054
0.23219954648526198
0.23219954648526198
0.23219954648526198
0.23219954648526198
0.23219954648526198
0.23219954648525842
0.23219954648526198
0.23219954648526198
0.23219954648526198
0.23219954648526198
0.30185941043083986
0.37151927437641774
0.37151927437641774
0.37151927437641774
0.37151927437641774
0.37151927437641774
0.37151927437641774
0.41795918367347085
0.41795918367347085
0.48761904761904873
0.4876190476190452
0.48761904761904873
0.5108390022675735
0.5108390022675735
0.6037188208616762
0.6037188208616797
0.6037188208616797
0.6037188208616797
0.6037188208616762
0.6037188208616762
0.6733786848072576
0.6733786848072576
0.6269387755102045
0.6037188208616797
0.6037188208616797
0.6733786848072576
0.8359183673469381
0.8359183673469381
0.9520181405895691
1.0448979591836753
1.0448979591836753
1.137777777777778
1.1145578231292532
1.1145578231292532
1.1145578231292532
1.1145578231292532
1.1145578231292532
1.1145578231292532
1.1145578231292532
1.1145578231292532
1.1145578231292532
1.1145578231292497
1.1145578231292497
1.1145578231292497
1.1145578231292497
1.1145578231292532
1.091337868480725
1.091337868480725
1.091337868480725
1.091337868480725
1.2074376417233559
1.2074376417233559
1.2074376417233559
1.2074376417233559
1.2770975056689338
1.2770975056689338
1.2770975056689338
1.2770975056689338
1.2770975056689338
1.36997732426304
1.36997732426304
1.36997732426304
1.36997732426304
1.36997732426304
1.36997732426304
1.36997732426304
1.36997732426304
1.36997732426304
1.36997732426304
1.36997732426304
1.36997732426304
1.3931972789115648
1.4396371882086179
1.4396371882086179
1.4396371882086179
1.4396371882086179
1.4396371882086143
1.4396371882086143
1.4396371882086143
1.4396371882086143
1.4396371882086179
1.4396371882086179
1.4396371882086179
1.4396371882086179
2.1362358276644002
2.2523356009070277
2.2523356009070277
