OnSet desviation
0
-1.2770975056689342
-1.1609977324263037
-0.20897959183673498
-0.27863945578231286
-0.5572789115646257
-0.8126984126984125
-0.7662585034013603
-0.9287981859410435
-1.021678004535148
-1.2074376417233559
-0.9984580498866213
-1.3699773242630382
-1.3931972789115648
-1.555736961451247
-1.5325170068027223
-1.509297052154194
-1.4396371882086179
-1.3467573696145116
-1.3467573696145116
-1.439637188208616
-1.4628571428571426
-1.509297052154194
-1.3931972789115648
-1.3235374149659869
-1.2770975056689338
-1.4860770975056692
-1.4860770975056692
-1.6950566893424028
-1.9040362811791383
-1.9040362811791383
-2.0665759637188224
-2.0665759637188206
-2.0665759637188206
-2.0665759637188206
-2.0665759637188206
-1.9969160997732445
-1.9969160997732427
-1.9969160997732427
-1.9969160997732427
-1.996916099773241
-1.996916099773241
-1.9969160997732445
-1.9504761904761896
-1.9504761904761896
-1.88081632653061
-1.9504761904761914
-2.0665759637188206
-2.20589569160998
-2.20589569160998
-2.4148752834467135
-2.507755102040816
-2.507755102040816
-2.5077551020408144
-2.507755102040818
-2.507755102040818
-2.507755102040818
-2.5077551020408144
-2.577414965986396
-2.693514739229027
-2.693514739229027
-2.7167346938775516
-2.716734693877548
-2.716734693877548
-2.7167346938775516
-2.7631746031746047
-2.7631746031746047
-2.832834467120179
-2.832834467120179
-2.8328344671201826
-2.8328344671201826
-2.8328344671201826
-2.8560544217687074
-2.9721541950113384
-2.9721541950113384
-2.9721541950113384
-2.9721541950113384
-2.9721541950113384
-3.0418140589569163
-3.0418140589569163
-2.995374149659863
-2.9257142857142853
-2.9257142857142853
-2.9257142857142853
-3.0882539682539694
-3.0882539682539694
-3.181133786848072
-3.181133786848072
-3.181133786848072
-3.366893424036281
-3.482993197278912
-3.8080725623582765
-3.8080725623582765
-3.8080725623582765
-3.8080725623582765
-3.8777324263038544
-3.8777324263038544
-3.8777324263038544
-3.8777324263038544
-3.8777324263038544
-3.8777324263038544
-3.8777324263038544
-3.8777324263038544
-3.8777324263038544
-3.8545124716553296
-3.8545124716553296
-3.8545124716553296
-3.8545124716553296
-4.179591836734694
-4.179591836734694
-4.179591836734694
-4.179591836734694
-4.342131519274375
-4.342131519274375
-4.342131519274375
-4.342131519274375
-4.435011337868481
-4.62077097505669
-4.62077097505669
-4.62077097505669
-4.62077097505669
-4.969070294784579
-4.969070294784579
-4.969070294784579
-4.969070294784579
-4.969070294784583
-4.969070294784583
-4.969070294784583
-4.969070294784583
-4.969070294784579
-4.969070294784579
-4.969070294784579
-4.969070294784579
-4.969070294784579
-4.969070294784579
-4.969070294784579
-4.969070294784579
-4.969070294784579
-4.969070294784579
-4.969070294784579
-4.969070294784579
-4.969070294784579
-5.665668934240362
-5.781768707482993
-5.781768707482993
