OnSet desviation
0
-1.1609977324263039
-0.8823582766439908
0.09287981859410444
0.06965986394557833
-0.13931972789115665
-0.3250793650793655
-0.20897959183673454
-0.3947392290249434
-0.30185941043083986
-0.6501587301587302
-0.3482993197278903
-0.5572789115646248
-0.27863945578231153
-0.3947392290249425
-0.37151927437641774
-0.3482993197278912
-0.20897959183673542
-0.20897959183673365
-0.20897959183673542
-0.32507936507936463
-0.3482993197278912
-0.3947392290249425
-0.37151927437641774
-0.37151927437641774
-0.3482993197278912
-0.5572789115646266
-0.5572789115646266
-0.7662585034013603
-0.9752380952380957
-0.9752380952380957
-1.137777777777778
-1.137777777777778
-1.137777777777778
-1.137777777777778
-0.9752380952380957
-0.9055782312925178
-0.905578231292516
-0.905578231292516
-0.9055782312925178
-0.905578231292516
-0.905578231292516
-0.9055782312925178
-0.9055782312925178
-0.9055782312925178
-0.905578231292516
-0.9752380952380939
-1.068117913832202
-1.1377777777777798
-1.1377777777777798
-1.3467573696145134
-1.439637188208616
-1.439637188208616
-1.4396371882086179
-1.4396371882086179
-1.4396371882086179
-1.4396371882086179
-1.4396371882086143
-1.4396371882086179
-1.486077097505671
-1.486077097505671
-1.5092970521541957
-1.5092970521541922
-1.5092970521541922
-1.5092970521541957
-1.5092970521541957
-1.5092970521541957
-1.5092970521541922
-1.5092970521541957
-1.5092970521541957
-1.486077097505671
-1.486077097505671
-1.416417233560093
-1.5325170068027205
-1.5325170068027205
-1.5325170068027205
-1.532517006802724
-1.532517006802724
-1.5325170068027205
-1.5325170068027205
-1.5325170068027205
-1.4860770975056674
-1.4860770975056674
-1.4164172335600895
-1.416417233560093
-1.416417233560093
-1.3931972789115648
-1.3003174603174585
-1.3003174603174585
-1.3931972789115648
-1.5325170068027205
-1.8575963718820852
-1.8575963718820852
-1.8575963718820852
-1.8575963718820852
-1.927256235827663
-1.927256235827663
-1.927256235827663
-1.927256235827663
-1.9272562358276666
-1.9272562358276666
-1.9272562358276666
-1.9272562358276666
-1.927256235827663
-1.9272562358276666
-1.9272562358276666
-1.9272562358276666
-1.9272562358276666
-2.1362358276644002
-2.1362358276644002
-2.1362358276644002
-2.1362358276644002
-2.229115646258503
-2.229115646258503
-2.229115646258503
-2.229115646258503
-2.321995464852609
-2.4148752834467118
-2.4148752834467118
-2.4148752834467118
-2.4148752834467118
-2.763174603174601
-2.763174603174601
-2.763174603174601
-2.763174603174601
-2.7631746031746047
-2.7631746031746047
-2.7631746031746047
-2.7631746031746047
-2.7399546485260764
-2.6935147392290233
-2.6935147392290233
-2.6935147392290233
-2.6935147392290233
-2.693514739229027
-2.693514739229027
-2.693514739229027
-2.693514739229027
-2.6935147392290233
-2.6935147392290233
-2.6935147392290233
-2.6935147392290233
-2.6935147392290233
-2.693514739229027
-2.693514739229027
