OnSet desviation
0
-0.8591383219954647
-1.0448979591836736
-0.9984580498866213
-0.7894784580498864
-0.9752380952380957
-0.9287981859410435
-1.021678004535147
-0.9752380952380948
-1.0448979591836736
-1.2074376417233559
-1.2770975056689355
-1.1145578231292514
-1.2306575963718824
-1.2770975056689338
-1.4164172335600913
-1.3931972789115648
-1.439637188208616
-1.4164172335600913
-1.3699773242630382
-1.3699773242630382
-1.4164172335600895
-1.4164172335600895
-1.4164172335600913
-1.4164172335600913
-1.4164172335600895
-1.4164172335600913
-1.4164172335600913
-1.4164172335600895
-1.4164172335600913
-1.4164172335600913
-1.4164172335600913
-1.4396371882086179
-1.4396371882086179
-1.439637188208616
-1.439637188208616
-1.439637188208616
-1.4396371882086196
-1.4396371882086196
-1.4628571428571409
-1.4396371882086179
-1.4396371882086179
-1.4628571428571426
-1.4628571428571462
-1.4628571428571462
-1.4628571428571462
-1.4628571428571426
-1.4628571428571462
-1.4628571428571462
-1.4628571428571462
-1.4628571428571426
-1.4628571428571426
-1.4628571428571426
-1.4628571428571462
-1.5092970521541957
-1.5092970521541957
-1.5092970521541957
-1.5092970521541957
-1.5092970521541993
-1.5092970521541957
-1.5092970521541957
-1.5092970521541957
-1.5789569160997736
-1.5789569160997736
-1.6718367346938798
-1.6718367346938798
-1.6718367346938798
-1.6718367346938798
-1.6718367346938798
-1.6718367346938798
-1.6718367346938798
-1.6718367346938798
-1.6718367346938763
-1.6718367346938798
-1.6718367346938798
-1.6718367346938798
-1.6718367346938763
-1.6718367346938763
-1.6718367346938798
-1.6718367346938798
-1.6718367346938798
-1.6718367346938798
-1.6718367346938798
-1.6718367346938798
-1.6718367346938798
-1.6718367346938798
-1.6718367346938798
-1.6718367346938763
-1.6718367346938763
-1.6718367346938798
-1.6718367346938798
-1.6718367346938798
-1.6718367346938798
-1.6718367346938798
-1.6718367346938798
-1.6718367346938798
-1.6718367346938798
-1.6718367346938798
-1.6718367346938798
-1.6718367346938798
-1.6718367346938798
-1.6718367346938798
-1.6718367346938798
-1.6718367346938763
-1.6718367346938798
-1.6718367346938798
-1.6718367346938798
-1.6718367346938798
-1.6718367346938798
-1.6718367346938798
-1.6718367346938798
-1.6718367346938798
-1.6718367346938798
-1.6718367346938798
-1.6718367346938798
-1.6718367346938798
-1.6950566893424046
-1.6950566893424046
-1.6950566893424046
-1.6950566893424046
-1.6950566893424046
-1.7647165532879825
-1.7647165532879825
-1.7647165532879825
-1.7647165532879825
-1.7647165532879825
-1.7647165532879825
-1.7647165532879825
-1.7647165532879825
-1.9969160997732445
-1.9969160997732445
-1.9969160997732445
-1.9969160997732445
-1.9969160997732445
-2.205895691609978
-2.205895691609978
-2.205895691609978
-2.205895691609978
-2.2058956916099746
-2.2058956916099746
-2.2058956916099746
-2.2058956916099746
-2.2987755102040808
-2.9257142857142924
-2.9257142857142924
