OnSet desviation
0
0.4478908231292519
0.15274309750566917
0.5309740566893426
0.3054861950113379
0.6140572902494337
0.4582292925170064
0.6739205691609973
0.6341923446712014
0.6641239841269835
0.9030352154195018
1.0026267188208617
0.9164585850340128
1.0160500884353745
1.0459817278911565
1.284892959183674
1.2219447800453516
1.2601305544217674
1.2518764195011336
1.0810826020408157
0.84062892063492
0.6466151485260774
0.6383610136054418
0.6301068786848081
0.6450726984126991
0.6457187902494326
0.6463648820861678
0.6463648820861678
0.6470109739229013
0.6476570657596366
0.6476570657596366
0.6483031575963718
0.6953891587301584
0.6953891587301584
0.6960352505668936
0.6734613877551023
0.6741074795918358
0.6747535714285728
0.6747535714285728
0.6986196179138311
0.8385854376417239
0.8385854376417239
0.8624514841269821
0.8630975759637209
0.8630975759637209
0.8637436678004526
0.8643897596371843
0.8650358514739231
0.8656819433106584
0.8656819433106584
0.8663280351473901
0.8669741269841253
0.8669741269841253
0.8676202188208642
0.914706219954649
0.914706219954649
0.9153523117913807
0.9159984036281159
0.9166444954648547
0.9172905873015864
0.9172905873015864
0.9179366791383181
1.081122453514741
1.081122453514741
1.174648363945579
1.2913942290249416
1.2913942290249416
1.2920403208616769
1.2926864126984157
1.2933325045351474
1.293978596371879
1.293978596371879
1.2946246882086143
1.2952707800453531
1.2952707800453531
1.2959168718820848
1.29656296371882
1.29656296371882
1.2972090555555553
1.2978551473922906
1.2985012392290223
1.299147331065761
1.299147331065761
1.2997934229024963
1.2772195600907033
1.2772195600907033
1.2778656519274385
1.2785117437641702
1.2785117437641702
1.279157835600909
1.2798039274376407
2.0473546145124715
2.0473546145124715
2.0473546145124715
2.0473546145124715
2.0486467981859384
2.0486467981859384
2.0486467981859384
2.0486467981859384
2.0499389818594125
2.0499389818594125
2.0499389818594125
2.0499389818594125
2.0512311655328794
2.05252334920635
2.05252334920635
2.05252334920635
2.05252334920635
2.0538155328798204
2.0538155328798204
2.0538155328798204
2.0538155328798204
2.0551077165532874
2.0551077165532874
2.0551077165532874
2.0551077165532874
2.0796198548752827
2.080912038548753
2.080912038548753
2.080912038548753
2.080912038548753
2.151864086167798
2.151864086167798
2.151864086167798
2.151864086167798
2.1531562698412685
2.1531562698412685
2.1531562698412685
2.1531562698412685
2.4330879092970505
2.434380092970521
2.434380092970521
2.434380092970521
2.434380092970521
2.830411505668934
2.830411505668934
2.830411505668934
2.830411505668934
2.831703689342401
2.831703689342401
2.831703689342401
2.831703689342401
2.9026557369614494
4.902156204081635
4.902156204081635
