OnSet desviation
0
0.471110777777778
-0.009796585034013594
0.41487428344671207
0.3983660136054423
0.5211774716553288
0.4117893832199542
0.5346008412698415
0.5413125260770979
0.5015843015873012
0.5779558503401372
0.6078874897959174
0.6842590385487526
0.6677507687074833
0.651242498866214
0.7508340022675739
0.7111057777777781
0.7028516428571425
0.7178174625850335
0.5934635544217688
0.35300987301587305
0.1125561916099791
0.10430205668934356
0.09604792176870802
0.11101374149659904
0.11165983333333429
0.11230592517006777
0.11230592517006777
0.11295201700680302
0.1135981088435365
0.1135981088435365
0.11424420068027175
0.13811024716553177
0.13811024716553177
0.1387563390022688
0.1161824761904775
0.11682856802721098
0.11747465986394445
0.11747465986394445
0.11812075170068148
0.2813065260770973
0.2813065260770973
0.28195261791383075
0.282598709750566
0.282598709750566
0.2832448015872977
0.28389089342403295
0.2845369852607682
0.28518307709750346
0.28518307709750346
0.2858291689342387
0.28647526077097396
0.28647526077097396
0.2871213526077092
0.28776744444444446
0.28776744444444446
0.28841353628117616
0.2890596281179114
0.28970571995464667
0.2903518117913819
0.2903518117913819
0.2909979036281136
0.38452381405895864
0.38452381405895864
0.38516990589569033
0.501915770975053
0.501915770975053
0.5025618628117883
0.5032079546485271
0.5038540464852588
0.5045001383219905
0.5045001383219905
0.5051462301587293
0.5057923219954645
0.5057923219954645
0.5064384138321962
0.507084505668935
0.507084505668935
0.5077305975056667
0.508376689342402
0.5090227811791337
0.5096688730158725
0.5096688730158725
0.5103149648526077
0.48774110204081467
0.48774110204081467
0.4883871938775499
0.48903328571428517
0.48903328571428517
0.4896793775510204
0.4903254693877521
1.2578761564625829
1.2578761564625829
1.2578761564625829
1.2578761564625829
1.2591683401360498
1.2591683401360498
1.2591683401360498
1.2591683401360498
1.260460523809524
1.260460523809524
1.260460523809524
1.260460523809524
1.2617527074829944
1.2630448911564613
1.2630448911564613
1.2630448911564613
1.2630448911564613
1.2643370748299319
1.2643370748299319
1.2643370748299319
1.2643370748299319
1.2656292585033988
1.2656292585033988
1.2656292585033988
1.2656292585033988
1.2669214421768693
1.2682136258503398
1.2682136258503398
1.2682136258503398
1.2682136258503398
1.2695058095238068
1.2695058095238068
1.2695058095238068
1.2695058095238068
1.2707979931972773
1.2707979931972773
1.2707979931972773
1.2707979931972773
1.3185300861677973
1.3198222698412678
1.3198222698412678
1.3198222698412678
1.3198222698412678
1.5068740907029472
1.5068740907029472
1.5068740907029472
1.5068740907029472
1.5081662743764177
1.5081662743764177
1.5081662743764177
1.5081662743764177
1.4862385034013599
2.8588001950113338
2.8588001950113338
