OnSet desviation
0
-0.4411791383219952
-0.7198185941043085
-0.5804988662131518
-0.4876190476190474
-0.6269387755102045
-0.5572789115646257
-0.5108390022675735
-0.5340589569160992
-0.5572789115646257
-0.5804988662131505
-0.5340589569161001
-0.3947392290249425
-0.48761904761904873
-0.48761904761904695
-0.41795918367346907
-0.5340589569161001
-0.5340589569161001
-0.5340589569161001
-0.5804988662131514
-0.8126984126984116
-0.9752380952380939
-0.9752380952380939
-0.9287981859410426
-0.905578231292516
-0.905578231292516
-0.9055782312925178
-0.9055782312925178
-0.905578231292516
-0.9055782312925178
-0.9055782312925178
-0.905578231292516
-0.8823582766439912
-0.8823582766439912
-0.8823582766439912
-0.8823582766439895
-0.882358276643993
-0.882358276643993
-0.882358276643993
-0.8823582766439895
-0.7198185941043072
-0.7198185941043072
-0.7198185941043107
-0.6733786848072576
-0.6733786848072576
-0.626938775510208
-0.6269387755102045
-0.5804988662131549
-0.5108390022675771
-0.5108390022675771
-0.5108390022675735
-0.5108390022675735
-0.5108390022675735
-0.5108390022675771
-0.5108390022675735
-0.5108390022675735
-0.5108390022675735
-0.5108390022675771
-0.5108390022675771
-0.46439909297052395
-0.46439909297052395
-0.46439909297052395
-0.37151927437641774
-0.37151927437641774
-0.37151927437641774
-0.2554195011337903
-0.2554195011337903
-0.2554195011337903
-0.25541950113378675
-0.2554195011337903
-0.2554195011337903
-0.2554195011337903
-0.25541950113378675
-0.25541950113378675
-0.25541950113378675
-0.2554195011337903
-0.25541950113378675
-0.25541950113378675
-0.25541950113378675
-0.2554195011337903
-0.09287981859410621
0.06965986394557788
0.06965986394557788
0.23219954648525842
0.23219954648525842
0.23219954648525842
0.23219954648525842
0.23219954648526198
0.23219954648526198
0.23219954648525842
0.23219954648525842
0.7430385487528319
0.7430385487528319
0.7430385487528319
0.7430385487528319
0.7430385487528319
0.7430385487528319
0.7430385487528319
0.7430385487528319
0.7430385487528319
0.7430385487528319
0.7430385487528319
0.7430385487528319
0.7430385487528355
0.7430385487528319
0.7430385487528319
0.7430385487528319
0.7430385487528319
0.7430385487528355
0.7430385487528355
0.7430385487528355
0.7430385487528355
0.7430385487528319
0.7430385487528319
0.7430385487528319
0.7430385487528319
0.7430385487528319
0.7430385487528355
0.7430385487528355
0.7430385487528355
0.7430385487528355
0.7430385487528319
0.7430385487528319
0.7430385487528319
0.7430385487528319
0.7430385487528355
0.7430385487528355
0.7430385487528355
0.7430385487528355
0.789478458049885
0.789478458049885
0.789478458049885
0.789478458049885
0.789478458049885
0.9752380952380939
0.9752380952380939
0.9752380952380939
0.9752380952380939
0.9752380952380939
0.9752380952380939
0.9752380952380939
0.9752380952380939
0.9752380952380939
2.3452154195011303
2.3452154195011303
