OnSet desviation
0
-0.4643990929705213
-0.5572789115646257
-0.4643990929705213
-0.5804988662131518
-0.5340589569160996
-0.5108390022675735
-0.37151927437641774
-0.4411791383219956
-0.3947392290249434
-0.25541950113378586
-0.13931972789115576
-0.16253968253968232
-0.13931972789115754
-0.09287981859410444
0.11609977324263099
-0.023219954648526553
0.023219954648524777
0.0
-0.09287981859410444
-0.32507936507936463
-0.4411791383219956
-0.4411791383219956
-0.3947392290249425
-0.37151927437641596
-0.37151927437641774
-0.37151927437641774
-0.37151927437641774
-0.37151927437641774
-0.37151927437641774
-0.37151927437641774
-0.37151927437641596
-0.32507936507936463
-0.32507936507936463
-0.3250793650793664
-0.32507936507936463
-0.3250793650793682
-0.32507936507936463
-0.32507936507936463
-0.30185941043083986
-0.16253968253968054
-0.16253968253968054
-0.13931972789115932
-0.09287981859410266
-0.09287981859410266
-0.046439909297053106
-0.046439909297053106
0.0
0.06965986394557788
0.06965986394557788
0.06965986394557788
0.06965986394557788
0.06965986394557788
0.06965986394557788
0.11609977324263099
0.11609977324263099
0.11609977324263099
0.11609977324262744
0.11609977324263099
0.16253968253968054
0.16253968253968054
0.16253968253968054
0.32507936507936463
0.32507936507936463
0.41795918367347085
0.5340589569160983
0.5340589569160983
0.5340589569160983
0.5340589569161018
0.5340589569160983
0.5340589569160983
0.5340589569160983
0.5340589569160983
0.5340589569161018
0.5340589569161018
0.5340589569160983
0.5340589569160983
0.5340589569160983
0.5340589569161018
0.5340589569160983
0.6965986394557824
0.8591383219954665
0.8591383219954665
1.021678004535147
1.021678004535147
1.021678004535147
1.021678004535147
1.021678004535147
1.021678004535147
1.021678004535147
1.021678004535147
1.5325170068027205
1.5325170068027205
1.5325170068027205
1.5325170068027205
1.5325170068027205
1.5325170068027205
1.5325170068027205
1.5325170068027205
1.5325170068027205
1.5325170068027205
1.5325170068027205
1.5325170068027205
1.5325170068027205
1.5325170068027205
1.5325170068027205
1.5325170068027205
1.5325170068027205
1.532517006802724
1.532517006802724
1.532517006802724
1.532517006802724
1.5325170068027205
1.5325170068027205
1.5325170068027205
1.5325170068027205
1.5557369614512453
1.5557369614512488
1.5557369614512488
1.5557369614512488
1.5557369614512488
1.6253968253968232
1.6253968253968232
1.6253968253968232
1.6253968253968232
1.6253968253968267
1.6253968253968267
1.6253968253968267
1.6253968253968267
1.9040362811791383
1.9040362811791383
1.9040362811791383
1.9040362811791383
1.9040362811791383
2.2987755102040808
2.2987755102040808
2.2987755102040808
2.2987755102040808
2.298775510204077
2.298775510204077
2.298775510204077
2.298775510204077
2.3916553287981834
4.3885714285714315
4.3885714285714315
