OnSet desviation
0
-1.1609977324263039
-1.0681179138321992
-1.3003174603174603
-1.3931972789115648
-1.3931972789115652
-1.6718367346938776
-1.671836734693878
-2.0201360544217692
-2.0665759637188206
-2.205895691609978
-2.4148752834467118
-2.3684353741496604
-2.5541950113378693
-2.461315192743765
-2.507755102040816
-2.4845351473922896
-2.2058956916099763
-2.345215419501134
-2.3452154195011357
-2.345215419501134
-2.577414965986394
-2.623854875283447
-2.739954648526078
-2.809614512471656
-2.8096145124716543
-2.809614512471658
-2.809614512471658
-2.809614512471656
-2.809614512471656
-2.809614512471656
-2.8096145124716543
-2.809614512471656
-2.809614512471656
-2.809614512471656
-2.809614512471656
-2.8096145124716543
-2.809614512471656
-2.809614512471656
-2.763174603174603
-2.763174603174603
-2.763174603174603
-2.832834467120181
-2.7863945578231295
-2.7863945578231295
-2.786394557823126
-2.786394557823126
-2.763174603174601
-2.8328344671201826
-2.8328344671201826
-2.832834467120179
-2.832834467120179
-2.832834467120179
-2.832834467120179
-2.8328344671201826
-2.8328344671201826
-2.832834467120179
-2.832834467120179
-2.8328344671201826
-2.763174603174601
-2.763174603174601
-2.6935147392290233
-2.6935147392290233
-2.6935147392290233
-2.6935147392290233
-2.6935147392290233
-2.6935147392290233
-2.6935147392290233
-2.693514739229027
-2.64707482993197
-2.64707482993197
-2.64707482993197
-2.6470748299319737
-2.64707482993197
-2.64707482993197
-2.64707482993197
-2.6470748299319737
-2.6470748299319737
-2.716734693877548
-2.7167346938775516
-2.600634920634917
-2.4845351473922896
-2.4845351473922896
-2.3219954648526056
-2.1594557823129215
-2.1594557823129215
-1.927256235827663
-1.695056689342401
-1.695056689342401
-1.695056689342401
-1.6950566893424046
-2.1594557823129215
-2.1594557823129215
-2.1594557823129215
-2.1594557823129215
-2.229115646258503
-2.229115646258503
-2.229115646258503
-2.229115646258503
-2.2291156462584993
-2.2291156462584993
-2.2291156462584993
-2.2291156462584993
-2.2987755102040808
-2.2987755102040808
-2.2987755102040808
-2.2987755102040808
-2.2987755102040808
-2.3452154195011303
-2.3452154195011303
-2.3452154195011303
-2.3452154195011303
-2.345215419501134
-2.345215419501134
-2.345215419501134
-2.345215419501134
-2.3452154195011303
-2.345215419501134
-2.345215419501134
-2.345215419501134
-2.345215419501134
-2.345215419501134
-2.345215419501134
-2.345215419501134
-2.345215419501134
-2.3452154195011303
-2.3452154195011303
-2.3452154195011303
-2.3452154195011303
-2.345215419501134
-2.3452154195011303
-2.3452154195011303
-2.3452154195011303
-2.3452154195011303
-2.2755555555555524
-2.2755555555555524
-2.2755555555555524
-2.2755555555555524
-2.275555555555556
-2.275555555555556
-2.275555555555556
-2.275555555555556
-1.764716553287979
0.673378684807254
0.673378684807254
