OnSet desviation
0
-0.9287981859410431
-0.9520181405895691
-1.0913378684807258
-0.9984580498866209
-0.9752380952380952
-0.8823582766439908
-0.7894784580498868
-0.6965986394557824
-0.5804988662131523
-0.5108390022675744
-0.3947392290249443
-0.5804988662131532
-0.5804988662131514
-0.6037188208616779
-0.766258503401362
-0.9055782312925178
-1.1145578231292532
-1.1145578231292514
-0.9984580498866205
-0.9984580498866222
-1.0681179138322001
-1.0448979591836736
-1.021678004535147
-0.9520181405895691
-0.9520181405895709
-1.021678004535147
-1.021678004535147
-1.0913378684807267
-1.091337868480725
-1.091337868480725
-1.0913378684807267
-1.0913378684807267
-1.0913378684807267
-1.0681179138322001
-1.0448979591836736
-1.0448979591836753
-1.0448979591836753
-1.0448979591836753
-1.0681179138322001
-1.1145578231292532
-1.1145578231292532
-1.1145578231292532
-1.1842176870748276
-1.1842176870748276
-1.184217687074831
-1.184217687074831
-1.2074376417233559
-1.253877551020409
-1.253877551020409
-1.253877551020409
-1.253877551020409
-1.253877551020409
-1.253877551020409
-1.2538775510204054
-1.2538775510204054
-1.253877551020409
-1.253877551020409
-1.2538775510204054
-1.2770975056689373
-1.2770975056689373
-1.2770975056689338
-1.2770975056689338
-1.2770975056689338
-1.2770975056689373
-1.2770975056689338
-1.2770975056689338
-1.2770975056689338
-1.2770975056689338
-1.2770975056689338
-1.300317460317462
-1.300317460317462
-1.3003174603174585
-1.300317460317462
-1.300317460317462
-1.300317460317462
-1.3003174603174585
-1.3003174603174585
-1.3467573696145116
-1.3467573696145116
-1.36997732426304
-1.3699773242630364
-1.3699773242630364
-1.36997732426304
-1.36997732426304
-1.36997732426304
-1.486077097505671
-1.4628571428571426
-1.4628571428571426
-1.4628571428571426
-1.4628571428571426
-1.253877551020409
-1.253877551020409
-1.253877551020409
-1.253877551020409
-1.184217687074831
-1.184217687074831
-1.184217687074831
-1.184217687074831
-1.184217687074831
-1.184217687074831
-1.184217687074831
-1.184217687074831
-1.184217687074831
-1.184217687074831
-1.184217687074831
-1.184217687074831
-1.184217687074831
-1.137777777777778
-1.137777777777778
-1.137777777777778
-1.137777777777778
-1.137777777777778
-1.137777777777778
-1.137777777777778
-1.137777777777778
-1.137777777777778
-1.2074376417233559
-1.2074376417233559
-1.2074376417233559
-1.2074376417233559
-1.2074376417233559
-1.2074376417233559
-1.2074376417233559
-1.2074376417233559
-1.2074376417233559
-1.2074376417233559
-1.2074376417233559
-1.2074376417233559
-1.2074376417233559
-1.2074376417233559
-1.2074376417233559
-1.2074376417233559
-1.2074376417233559
-1.2770975056689373
-1.2770975056689373
-1.2770975056689373
-1.2770975056689373
-1.2770975056689338
-1.2770975056689338
-1.2770975056689338
-1.2770975056689338
-1.6253968253968232
-1.4628571428571462
-1.4628571428571462
