OnSet desviation
0
-1.114557823129252
-1.0448979591836731
-1.4164172335600909
-1.4164172335600904
-1.3931972789115652
-1.5789569160997732
-1.4860770975056692
-1.741496598639456
-1.671836734693878
-1.7414965986394568
-1.8343764172335604
-1.973696145124718
-2.159455782312925
-2.089795918367347
-2.2987755102040826
-2.4148752834467118
-2.345215419501134
-2.4845351473922896
-2.3684353741496604
-2.3684353741496604
-2.6702947845804985
-2.693514739229025
-2.7863945578231295
-2.7863945578231295
-2.7863945578231295
-2.856054421768709
-2.856054421768709
-2.925714285714287
-2.9257142857142853
-2.9257142857142853
-2.9257142857142853
-2.925714285714287
-2.925714285714287
-2.9024943310657605
-2.879274376417234
-2.879274376417234
-2.8792743764172357
-2.8792743764172357
-2.8560544217687074
-2.9024943310657605
-2.9024943310657605
-2.9721541950113384
-2.995374149659863
-2.995374149659863
-2.995374149659863
-2.995374149659863
-2.995374149659863
-3.1114739229024977
-3.1114739229024977
-3.111473922902494
-3.111473922902494
-3.111473922902494
-3.111473922902494
-3.111473922902494
-3.111473922902494
-3.111473922902494
-3.111473922902494
-3.111473922902494
-3.0650340136054446
-3.0650340136054446
-2.995374149659863
-2.995374149659863
-2.995374149659863
-2.9953741496598667
-2.995374149659863
-2.995374149659863
-2.995374149659863
-2.9953741496598667
-2.94893424036281
-2.9721541950113384
-2.9721541950113384
-2.9721541950113384
-2.9721541950113384
-2.9721541950113384
-2.9721541950113384
-2.9721541950113384
-2.9721541950113384
-3.088253968253966
-3.0882539682539694
-2.995374149659863
-2.879274376417232
-2.879274376417232
-2.7167346938775516
-2.5541950113378675
-2.5541950113378675
-2.43809523809524
-2.18267573696145
-2.18267573696145
-2.18267573696145
-2.1826757369614533
-2.4380952380952365
-2.4380952380952365
-2.4380952380952365
-2.4380952380952365
-2.43809523809524
-2.43809523809524
-2.43809523809524
-2.43809523809524
-2.4380952380952365
-2.4380952380952365
-2.4380952380952365
-2.4380952380952365
-2.507755102040818
-2.507755102040818
-2.507755102040818
-2.507755102040818
-2.507755102040818
-2.5077551020408144
-2.5077551020408144
-2.5077551020408144
-2.5077551020408144
-2.507755102040818
-2.507755102040818
-2.507755102040818
-2.507755102040818
-2.5077551020408144
-2.577414965986396
-2.577414965986396
-2.577414965986396
-2.577414965986396
-2.577414965986396
-2.577414965986396
-2.577414965986396
-2.577414965986396
-2.5774149659863923
-2.5774149659863923
-2.5774149659863923
-2.5774149659863923
-2.577414965986396
-2.5774149659863923
-2.5774149659863923
-2.5774149659863923
-2.5774149659863923
-2.577414965986396
-2.577414965986396
-2.577414965986396
-2.577414965986396
-2.577414965986396
-2.577414965986396
-2.577414965986396
-2.577414965986396
-2.414875283446708
0.18575963718820532
0.18575963718820532
