OnSet desviation
0
0.006711684807256257
0.05986327891156473
0.02013505442176866
-0.13569294331065773
0.10321828798185928
-0.16870948299319766
-0.1852177528344674
-0.34104575056689423
-0.35755402040816353
-0.4437221541950116
-0.5763301972789119
-0.5463985578231298
-0.5396868730158726
-0.46331532426303923
-0.29406395691609966
-0.3337921814058955
0.0294729580498867
0.06765873242630249
0.059404597505666956
0.051150462585033196
-0.11964335487528288
-0.17433739909296975
-0.29869130725623627
-0.35338535147392314
-0.3527392596371879
-0.3520931678004544
-0.3520931678004544
-0.35144707596371916
-0.3508009841269857
-0.3508009841269857
-0.35015489229025043
-0.3495088004535152
-0.3495088004535152
-0.3488627086167799
-0.3714365714285712
-0.370790479591836
-0.3701443877551007
-0.3701443877551007
-0.32305838662131414
-0.27597238548752756
-0.27597238548752756
-0.2753262936507941
-0.20502033786847917
-0.20502033786847917
-0.20437424603174392
-0.20372815419501222
-0.20308206235827697
-0.3417556984126975
-0.3417556984126975
-0.34110960657596223
-0.340463514739227
-0.340463514739227
-0.33981742290249173
-0.33917133106576003
-0.33917133106576003
-0.3385252392290248
-0.3378791473922895
-0.3372330555555543
-0.336586963718819
-0.336586963718819
-0.3359408718820873
-0.3352947800453485
-0.3352947800453485
-0.33464868820861327
-0.33400259637188157
-0.33400259637188157
-0.3333565045351463
-0.33271041269841106
-0.3320643208616758
-0.3314182290249441
-0.3314182290249441
-0.33077213718820886
-0.33012604535147005
-0.33012604535147005
-0.32947995351473836
-0.3288338616780031
-0.3288338616780031
-0.2353079512471652
-0.23466185941042994
-0.2804556768707478
-0.32624949433106565
-0.32624949433106565
-0.32560340249432684
-0.3481772653061199
-0.3481772653061199
-0.23143140022675368
0.0014142380952399947
0.0014142380952399947
0.0020603299319752466
0.002706421768706946
-0.2049809863945562
-0.2049809863945562
-0.2049809863945562
-0.2049809863945562
-0.27334866666666713
-0.27334866666666713
-0.27334866666666713
-0.27334866666666713
-0.27205648299319307
-0.27205648299319307
-0.27205648299319307
-0.27205648299319307
-0.2707642993197261
-0.2694721156462556
-0.2694721156462556
-0.2694721156462556
-0.2694721156462556
-0.3146198412698382
-0.3146198412698382
-0.3146198412698382
-0.3146198412698382
-0.31332765759637127
-0.31332765759637127
-0.31332765759637127
-0.31332765759637127
-0.31203547392290076
-0.3107432902494338
-0.3107432902494338
-0.3107432902494338
-0.3107432902494338
-0.3094511065759633
-0.3094511065759633
-0.3094511065759633
-0.3094511065759633
-0.3081589229024928
-0.3081589229024928
-0.3081589229024928
-0.3081589229024928
-0.30686673922902585
-0.30557455555555535
-0.30557455555555535
-0.30557455555555535
-0.30557455555555535
-0.2346225079365034
-0.2346225079365034
-0.2346225079365034
-0.2346225079365034
-0.23333032426303646
-0.23333032426303646
-0.23333032426303646
-0.23333032426303646
0.2555809070294792
2.812360285714284
2.812360285714284
