OnSet desviation
0
0.5407706417233561
0.6403621451247163
0.7863935578231294
0.4912458321995463
0.49795751700680224
0.06349006349206299
-0.13877784353741518
-0.3642657052154199
-0.6129735215419512
-0.6527017460317461
-0.9014095623582774
-1.0340176054421777
-1.0737458299319718
-1.2063538730158712
-1.3389619160997732
-1.5412298231292514
-1.549483958049887
-1.5577380929705207
-1.6820920011337872
-2.0154255011337874
-2.3487590011337858
-2.3570131360544213
-2.620686772108842
-2.6289409070294774
-2.628294815192744
-2.6276487233560086
-2.6276487233560086
-2.6270026315192734
-2.62635653968254
-2.62635653968254
-2.6257104478458047
-2.625064356009071
-2.625064356009071
-2.624418264172334
-2.6469921269841254
-2.646346035147392
-2.6456999433106567
-2.6456999433106567
-2.6450538514739215
-2.644407759637188
-2.644407759637188
-2.6437616678004527
-2.6431155759637175
-2.6431155759637175
-2.642469484126984
-2.665043346938777
-2.8037169829931976
-2.8727307551020402
-2.8727307551020402
-2.8720846632653068
-2.8714385714285697
-2.8714385714285697
-2.8707924795918345
-2.870146387755101
-2.870146387755101
-2.8695002959183675
-2.8688542040816323
-2.868208112244897
-2.8675620204081618
-2.8675620204081618
-2.86691592857143
-2.8662698367346913
-2.8662698367346913
-2.8656237448979596
-2.8649776530612243
-2.8649776530612243
-2.864331561224489
-2.863685469387754
-2.8630393775510186
-2.862393285714287
-2.862393285714287
-2.8617471938775516
-2.861101102040813
-2.861101102040813
-2.860455010204081
-2.859808918367346
-2.859808918367346
-2.859162826530614
-2.9281765986394532
-3.0900701893424056
-3.228743825396826
-3.228743825396826
-3.2280977335600873
-3.2506715963718804
-3.2506715963718804
-3.250025504535145
-3.2493794126984135
-3.2493794126984135
-3.2487333208616747
-3.248087229024943
-3.246795045351476
-3.246795045351476
-3.246795045351476
-3.246795045351476
-3.2455028616780055
-3.2455028616780055
-3.2455028616780055
-3.2455028616780055
-3.2442106780045314
-3.2442106780045314
-3.2442106780045314
-3.2442106780045314
-3.2429184943310645
-3.241626310657594
-3.241626310657594
-3.241626310657594
-3.241626310657594
-3.240334126984127
-3.240334126984127
-3.240334126984127
-3.240334126984127
-3.2390419433106565
-3.2390419433106565
-3.2390419433106565
-3.2390419433106565
-3.237749759637186
-3.236457575963719
-3.236457575963719
-3.236457575963719
-3.236457575963719
-3.2351653922902486
-3.2351653922902486
-3.2351653922902486
-3.2351653922902486
-3.2338732086167816
-3.2338732086167816
-3.2338732086167816
-3.2338732086167816
-3.232581024943311
-3.231288841269844
-3.231288841269844
-3.231288841269844
-3.231288841269844
-3.22999665759637
-3.22999665759637
-3.22999665759637
-3.22999665759637
-3.2287044739228996
-3.2287044739228996
-3.2287044739228996
-3.2287044739228996
-3.2274122902494327
-3.224827922902495
-3.224827922902495
