OnSet desviation
0
-0.9520181405895691
-1.1609977324263037
-1.1377777777777776
-1.137777777777778
-1.346757369614512
-1.230657596371882
-1.1145578231292514
-1.0913378684807258
-1.021678004535147
-1.0681179138322001
-0.9752380952380957
-0.835918367346939
-0.9984580498866213
-0.9287981859410426
-0.789478458049885
-0.7430385487528337
-0.7430385487528337
-0.7198185941043089
-0.6269387755102027
-0.6269387755102027
-0.6037188208616779
-0.6501587301587293
-0.6269387755102045
-0.6733786848072558
-0.673378684807254
-0.7894784580498868
-0.7894784580498868
-0.7894784580498868
-0.789478458049885
-0.789478458049885
-0.7894784580498868
-0.789478458049885
-0.789478458049885
-0.7894784580498868
-0.7894784580498868
-0.789478458049885
-0.7894784580498868
-0.7894784580498868
-0.7894784580498868
-0.789478458049885
-0.789478458049885
-0.7894784580498868
-0.789478458049885
-0.789478458049885
-0.7894784580498868
-0.8126984126984116
-0.7430385487528337
-0.7430385487528337
-0.7430385487528337
-0.7430385487528337
-0.7430385487528355
-0.7430385487528355
-0.7430385487528337
-0.7430385487528355
-0.7430385487528355
-0.7430385487528337
-0.8126984126984116
-0.8823582766439895
-0.882358276643993
-0.882358276643993
-0.8823582766439912
-0.8823582766439912
-0.8823582766439912
-0.8823582766439912
-0.8823582766439948
-0.8823582766439948
-0.8823582766439912
-0.8823582766439912
-0.8823582766439948
-0.8823582766439912
-0.8823582766439912
-0.8823582766439912
-0.8823582766439948
-0.8823582766439948
-0.8823582766439912
-0.8823582766439912
-0.8823582766439912
-0.8823582766439912
-0.8126984126984169
-0.6501587301587293
-0.5804988662131514
-0.5804988662131514
-0.7430385487528355
-0.7894784580498886
-0.7894784580498886
-0.7894784580498886
-0.7894784580498886
-0.7894784580498886
-0.7894784580498886
-0.7894784580498886
-0.5804988662131514
-0.5804988662131514
-0.5804988662131514
-0.5804988662131514
-0.5804988662131514
-0.5804988662131514
-0.5804988662131514
-0.5804988662131514
-0.5804988662131549
-0.5804988662131549
-0.5804988662131549
-0.5804988662131549
-0.5804988662131514
-0.5804988662131549
-0.5804988662131549
-0.5804988662131549
-0.5804988662131549
-0.5804988662131514
-0.5804988662131514
-0.5804988662131514
-0.5804988662131514
-0.5804988662131549
-0.5804988662131549
-0.5804988662131549
-0.5804988662131549
-0.5804988662131549
-0.5804988662131514
-0.5804988662131514
-0.5804988662131514
-0.5804988662131514
-0.5804988662131549
-0.5804988662131549
-0.5804988662131549
-0.5804988662131549
-0.5804988662131514
-0.5804988662131514
-0.5804988662131514
-0.5804988662131514
-0.5804988662131549
-0.5804988662131514
-0.5804988662131514
-0.5804988662131514
-0.5804988662131514
-0.5804988662131514
-0.5804988662131514
-0.5804988662131514
-0.5804988662131514
-0.5804988662131549
-0.5804988662131549
-0.5804988662131549
-0.5804988662131549
-0.48761904761904873
-0.48761904761904873
-0.48761904761904873
