OnSet desviation
0
0.42467086848072577
0.3152827800453515
0.4845341473922904
0.18938642176870735
-0.01288148526077082
-0.33124916553288
-0.4174172993197276
-0.6196852063492067
-0.7987331587301592
-0.8849012925170072
-1.040729290249434
-1.0340176054421777
-1.236285512471654
-1.2992336916099756
-1.2925220068027201
-1.448350004535147
-1.4566041394557825
-1.4416383197278915
-1.4731124092970518
-1.806445909297052
-2.1165594546485256
-2.1712534988662124
-2.411707180272108
-2.466401224489795
-2.46575513265306
-2.5812088140589573
-2.5812088140589573
-2.580562722222222
-2.579916630385487
-2.579916630385487
-2.5792705385487533
-2.578624446712018
-2.578624446712018
-2.577978354875283
-2.600552217687074
-2.599906125850339
-2.5992600340136054
-2.5992600340136054
-2.59861394217687
-2.597967850340135
-2.597967850340135
-2.5973217585034014
-2.5966756666666644
-2.5966756666666644
-2.5960295748299327
-2.6418233922902505
-2.710837164399093
-2.779850936507936
-2.779850936507936
-2.7792048446712023
-2.778558752834467
-2.778558752834467
-2.77791266099773
-2.7772665691609983
-2.7772665691609983
-2.776620477324263
-2.8456342494331057
-2.9146480215419484
-2.9140019297052167
-2.9140019297052167
-2.913355837868483
-2.9127097460317444
-2.9127097460317444
-2.9120636541950127
-2.911417562358281
-2.911417562358281
-2.910771470521542
-2.910125378684807
-2.909479286848075
-2.90883319501134
-2.90883319501134
-2.9081871031746047
-2.9075410113378695
-2.9075410113378695
-2.906894919501134
-2.906248827664399
-2.906248827664399
-2.9056027358276673
-2.904956643990932
-2.9043105521541968
-2.9733243242630394
-2.9733243242630394
-3.1352179149659847
-3.204231687074831
-3.204231687074831
-3.2035855952380956
-3.202939503401364
-3.202939503401364
-3.202293411564625
-3.2016473197278934
-2.9913755442176893
-2.9913755442176893
-2.9913755442176893
-2.9913755442176893
-2.9900833605442187
-2.9900833605442187
-2.9900833605442187
-2.9900833605442187
-2.9887911768707482
-2.9887911768707482
-2.9887911768707482
-2.9887911768707482
-2.9874989931972777
-2.986206809523811
-2.986206809523811
-2.986206809523811
-2.986206809523811
-2.9849146258503403
-2.9849146258503403
-2.9849146258503403
-2.9849146258503403
-2.9836224421768733
-2.9836224421768733
-2.9836224421768733
-2.9836224421768733
-2.982330258503403
-2.9810380748299323
-2.9810380748299323
-2.9810380748299323
-2.9810380748299323
-2.9797458911564654
-2.9797458911564654
-2.9797458911564654
-2.9797458911564654
-2.978453707482995
-2.978453707482995
-2.978453707482995
-2.978453707482995
-2.977161523809528
-2.9758693401360574
-2.9758693401360574
-2.9758693401360574
-2.9758693401360574
-2.9745771564625834
-2.9745771564625834
-2.9745771564625834
-2.9745771564625834
-2.9732849727891164
-2.9732849727891164
-2.9732849727891164
-2.9732849727891164
-2.8791129705215432
-2.876528603174606
-2.876528603174606
