OnSet desviation
0
-0.7198185941043083
-0.6733786848072563
-0.6269387755102036
-0.6501587301587302
-0.928798185941043
-1.0216780045351475
-1.1609977324263037
-1.3003174603174603
-1.5092970521541949
-1.4628571428571435
-1.6486167800453524
-1.555736961451248
-1.6950566893424037
-1.811156462585032
-1.7414965986394542
-1.8111564625850338
-1.8111564625850338
-1.8343764172335604
-1.8575963718820852
-2.1362358276643985
-2.391655328798187
-2.4148752834467118
-2.461315192743763
-2.530975056689341
-2.5077551020408144
-2.623854875283447
-2.623854875283447
-2.6238548752834454
-2.6238548752834454
-2.6238548752834454
-2.623854875283447
-2.6238548752834454
-2.6238548752834454
-2.623854875283447
-2.623854875283447
-2.6238548752834454
-2.623854875283447
-2.623854875283447
-2.6238548752834454
-2.6238548752834454
-2.6238548752834454
-2.6238548752834454
-2.623854875283447
-2.623854875283447
-2.623854875283447
-2.6702947845804967
-2.6702947845804967
-2.739954648526078
-2.739954648526078
-2.7399546485260764
-2.7399546485260764
-2.7399546485260764
-2.739954648526078
-2.739954648526078
-2.739954648526078
-2.7399546485260746
-2.8096145124716525
-2.879274376417234
-2.879274376417234
-2.879274376417234
-2.879274376417232
-2.8792743764172357
-2.8792743764172357
-2.8792743764172357
-2.8792743764172357
-2.8792743764172357
-2.8792743764172357
-2.8792743764172357
-2.8792743764172357
-2.879274376417232
-2.879274376417232
-2.8792743764172357
-2.8792743764172357
-2.8792743764172357
-2.879274376417232
-2.8792743764172357
-2.8792743764172357
-2.8792743764172357
-2.8792743764172357
-2.879274376417232
-2.8792743764172357
-2.8792743764172357
-2.9024943310657605
-2.8328344671201826
-2.8328344671201826
-2.7863945578231295
-2.786394557823133
-2.786394557823133
-2.7863945578231295
-2.7863945578231295
-2.7863945578231295
-2.7863945578231295
-2.7863945578231295
-2.7863945578231295
-2.7863945578231295
-2.7863945578231295
-2.7863945578231295
-2.7863945578231295
-2.809614512471658
-2.809614512471658
-2.809614512471658
-2.809614512471658
-2.8096145124716543
-2.809614512471658
-2.809614512471658
-2.809614512471658
-2.809614512471658
-2.809614512471658
-2.809614512471658
-2.809614512471658
-2.809614512471658
-2.809614512471658
-2.809614512471658
-2.809614512471658
-2.809614512471658
-2.9953741496598667
-2.995374149659863
-2.995374149659863
-2.995374149659863
-2.995374149659863
-2.9953741496598667
-2.9953741496598667
-2.9953741496598667
-2.9953741496598667
-2.995374149659863
-2.995374149659863
-2.995374149659863
-2.995374149659863
-3.0650340136054446
-3.111473922902494
-3.111473922902494
-3.111473922902494
-3.111473922902494
-3.111473922902494
-3.111473922902494
-3.111473922902494
-3.111473922902494
-3.1114739229024977
-3.1114739229024977
-3.1114739229024977
-3.1114739229024977
-3.0650340136054446
-3.0650340136054446
-3.0650340136054446
