OnSet desviation
0
-0.6037188208616779
-0.3482993197278914
-0.32507936507936463
-0.3482993197278912
-0.41795918367346996
-0.6269387755102045
-0.8823582766439912
-1.0448979591836736
-1.3235374149659869
-1.2306575963718824
-1.5092970521541957
-1.555736961451248
-1.5325170068027214
-1.7182766439909276
-1.7879365079365073
-1.9040362811791383
-1.9040362811791383
-1.9504761904761896
-2.0665759637188206
-2.345215419501134
-2.623854875283447
-2.6006349206349206
-2.6702947845804967
-2.6935147392290233
-2.6702947845804985
-2.6702947845804985
-2.6702947845804985
-2.6702947845804967
-2.6702947845804985
-2.6702947845804985
-2.6702947845804985
-2.6702947845804985
-2.6702947845804985
-2.6702947845804985
-2.6702947845804985
-2.6702947845804985
-2.6702947845804985
-2.6702947845804985
-2.6702947845804967
-2.6702947845804985
-2.6702947845804985
-2.6702947845804967
-2.6702947845805003
-2.6702947845805003
-2.6702947845804985
-2.6935147392290233
-2.763174603174601
-2.8328344671201826
-2.8328344671201826
-2.832834467120181
-2.832834467120179
-2.832834467120179
-2.8328344671201826
-2.832834467120181
-2.832834467120181
-2.832834467120179
-2.832834467120179
-2.8328344671201826
-2.832834467120179
-2.832834467120179
-2.832834467120179
-2.8328344671201826
-2.8328344671201826
-2.8328344671201826
-2.832834467120179
-2.832834467120179
-2.8328344671201826
-2.8328344671201826
-2.832834467120179
-2.832834467120179
-2.832834467120179
-2.8328344671201826
-2.832834467120179
-2.832834467120179
-2.832834467120179
-2.8328344671201826
-2.8328344671201826
-2.8328344671201826
-2.902494331065757
-3.065034013605441
-3.1346938775510225
-3.1346938775510225
-2.995374149659863
-2.879274376417232
-2.879274376417232
-2.832834467120179
-2.8328344671201826
-2.8328344671201826
-2.832834467120179
-2.832834467120179
-3.0418140589569163
-3.0418140589569163
-3.0418140589569163
-3.0418140589569163
-3.0418140589569163
-3.0418140589569163
-3.0418140589569163
-3.0418140589569163
-3.065034013605441
-3.065034013605441
-3.065034013605441
-3.065034013605441
-3.065034013605441
-3.065034013605441
-3.065034013605441
-3.065034013605441
-3.065034013605441
-3.0650340136054446
-3.0650340136054446
-3.0650340136054446
-3.0650340136054446
-3.065034013605441
-3.065034013605441
-3.065034013605441
-3.065034013605441
-3.25079365079365
-3.25079365079365
-3.25079365079365
-3.25079365079365
-3.25079365079365
-3.25079365079365
-3.25079365079365
-3.25079365079365
-3.25079365079365
-3.25079365079365
-3.25079365079365
-3.25079365079365
-3.25079365079365
-3.320453514739228
-3.366893424036281
-3.366893424036281
-3.366893424036281
-3.366893424036281
-3.366893424036281
-3.366893424036281
-3.366893424036281
-3.366893424036281
-3.366893424036281
-3.366893424036281
-3.366893424036281
-3.366893424036281
-3.413333333333334
-3.413333333333334
-3.413333333333334
