OnSet desviation
0
0.14603141269841258
-0.28843604081632646
-0.14240462811791366
-0.4607723083900228
-0.45406062358276644
-0.7724283038548752
-0.8818163922902489
-1.0608643446712014
-1.170252433106576
-1.326080430839002
-1.4586884739229022
-1.6377364263038556
-1.840004333333332
-1.8797325578231279
-1.9194607823129264
-2.1217286893424046
-2.12998282426304
-2.115017004535149
-2.1232711394557846
-2.340504866213154
-2.6506184115646256
-2.6820925011337877
-2.829666363945579
-2.8611404535147393
-2.9301542256235837
-2.952728088435375
-2.952728088435375
-2.95208199659864
-2.9514359047619063
-2.9514359047619063
-2.950789812925171
-2.9501437210884376
-2.9501437210884376
-2.9494976292517006
-2.972071492063492
-3.064305218820863
-3.086879081632654
-3.086879081632654
-3.086232989795919
-3.0855868979591836
-3.0855868979591836
-3.08494080612245
-3.084294714285713
-3.084294714285713
-3.0836486224489814
-3.083002530612248
-3.1520163027210906
-3.360349802721089
-3.360349802721089
-3.45258352947846
-3.451937437641723
-3.451937437641723
-3.4512913458049876
-3.450645253968254
-3.450645253968254
-3.4499991621315225
-3.4493530702947854
-3.44870697845805
-3.5177207505668964
-3.5177207505668964
-3.586734522675739
-3.586088430839
-3.586088430839
-3.5854423390022685
-3.5847962471655332
-3.5847962471655332
-3.584150155328796
-3.583504063492061
-3.629297880952379
-3.698311653061225
-3.698311653061225
-3.6976655612244897
-3.6970194693877545
-3.6970194693877545
-3.6963733775510192
-3.695727285714284
-3.695727285714284
-3.6950811938775523
-3.717655056689342
-3.856328692743766
-3.855682600907027
-3.855682600907027
-3.855036509070292
-3.877610371882085
-3.877610371882085
-3.8769642800453497
-3.876318188208618
-3.876318188208618
-3.875672096371879
-3.8982459591836722
-3.8969537755102053
-3.8969537755102053
-3.8969537755102053
-3.8969537755102053
-3.8956615918367348
-3.8956615918367348
-3.8956615918367348
-3.8956615918367348
-3.8943694081632643
-3.8943694081632643
-3.8943694081632643
-3.8943694081632643
-4.055616907029478
-4.054324723356007
-4.054324723356007
-4.054324723356007
-4.054324723356007
-4.053032539682537
-4.053032539682537
-4.053032539682537
-4.053032539682537
-4.144620174603173
-4.144620174603173
-4.144620174603173
-4.144620174603173
-4.143327990929706
-4.142035807256235
-4.142035807256235
-4.142035807256235
-4.142035807256235
-4.187183532879818
-4.187183532879818
-4.187183532879818
-4.187183532879818
-4.185891349206351
-4.185891349206351
-4.185891349206351
-4.185891349206351
-4.18459916553288
-4.18330698185941
-4.18330698185941
-4.18330698185941
-4.18330698185941
-4.182014798185939
-4.182014798185939
-4.182014798185939
-4.182014798185939
-4.180722614512469
-4.180722614512469
-4.180722614512469
-4.180722614512469
-4.202650385487527
-4.200066018140589
-4.200066018140589
