OnSet desviation
0
-0.7894784580498865
-0.9984580498866209
-1.0913378684807258
-1.2770975056689342
-1.4860770975056687
-1.6486167800453515
-1.6950566893424033
-1.9040362811791378
-2.043356009070296
-2.089795918367347
-2.1362358276643993
-2.043356009070296
-2.1362358276644002
-2.2523356009070303
-2.3684353741496604
-2.5309750566893428
-2.577414965986394
-2.647074829931972
-2.693514739229025
-2.9024943310657605
-3.065034013605443
-3.111473922902496
-3.2043537414965986
-3.227573696145125
-3.041814058956918
-2.8328344671201826
-2.8328344671201826
-2.623854875283447
-2.623854875283447
-2.623854875283447
-2.623854875283447
-2.623854875283447
-2.623854875283447
-2.623854875283447
-2.623854875283447
-2.623854875283447
-2.7167346938775516
-2.7167346938775516
-2.739954648526078
-2.7399546485260764
-2.7399546485260764
-2.7863945578231295
-2.7863945578231295
-2.7863945578231295
-2.763174603174603
-2.71673469387755
-2.739954648526078
-2.739954648526078
-2.739954648526078
-2.7863945578231295
-2.809614512471656
-2.809614512471656
-2.809614512471656
-2.809614512471656
-2.809614512471656
-2.8096145124716543
-2.7631746031746047
-2.647074829931972
-2.600634920634919
-2.600634920634919
-2.4148752834467135
-2.3684353741496587
-2.3684353741496587
-2.368435374149662
-2.3684353741496604
-2.3684353741496604
-2.3684353741496587
-2.368435374149662
-2.275555555555556
-2.066575963718819
-2.066575963718819
-2.0201360544217692
-2.0201360544217692
-2.0201360544217692
-2.0201360544217657
-2.0201360544217692
-2.0201360544217692
-2.0201360544217692
-1.5092970521541957
-1.3235374149659869
-1.1609977324263063
-1.1609977324263063
-0.9984580498866187
-0.8591383219954629
-0.8591383219954629
-0.6965986394557824
-0.5108390022675735
-0.5108390022675735
-0.34829931972789296
-0.3482993197278894
-0.34829931972789296
-0.34829931972789296
-0.34829931972789296
-0.34829931972789296
-0.34829931972789296
-0.34829931972789296
-0.34829931972789296
-0.34829931972789296
-0.3482993197278894
-0.3482993197278894
-0.3482993197278894
-0.3482993197278894
-0.13931972789115576
0.2786394557823151
0.2786394557823151
0.2786394557823151
0.2786394557823151
0.5804988662131514
0.5804988662131514
0.5804988662131514
0.5804988662131514
0.5804988662131514
0.5804988662131514
0.5804988662131514
0.5804988662131514
0.5804988662131514
0.5804988662131514
0.5804988662131514
0.5804988662131514
0.5804988662131514
0.5804988662131514
0.5804988662131514
0.5804988662131514
0.5804988662131514
0.5804988662131514
0.5804988662131514
0.5804988662131514
0.5804988662131514
0.5804988662131514
0.789478458049885
0.789478458049885
0.789478458049885
0.789478458049885
0.8126984126984134
0.8126984126984134
0.8126984126984134
0.8126984126984134
0.8126984126984134
0.8126984126984134
0.8126984126984134
0.8126984126984134
0.9984580498866222
1.3003174603174585
1.3003174603174585
