OnSet desviation
0
-0.7662585034013604
-0.8126984126984125
-0.8591383219954651
-0.9752380952380948
-1.1145578231292514
-1.0913378684807258
-1.114557823129252
-1.1842176870748298
-1.3003174603174612
-1.2770975056689347
-1.2306575963718824
-1.137777777777778
-1.1609977324263046
-1.3003174603174612
-1.3699773242630382
-1.4860770975056692
-1.5325170068027205
-1.6021768707482984
-1.6486167800453515
-1.6486167800453515
-1.6486167800453515
-1.671836734693878
-1.625396825396825
-1.671836734693878
-1.6021768707483002
-1.5789569160997736
-1.5789569160997736
-1.5789569160997736
-1.5789569160997736
-1.5789569160997736
-1.5789569160997736
-1.5789569160997736
-1.5789569160997736
-1.5789569160997736
-1.5789569160997736
-1.4860770975056692
-1.555736961451247
-1.555736961451247
-1.5789569160997736
-1.5789569160997736
-1.5789569160997736
-1.625396825396825
-1.6253968253968267
-1.6253968253968267
-1.7182766439909294
-1.7182766439909294
-1.741496598639456
-1.741496598639456
-1.741496598639456
-1.857596371882087
-1.8808163265306135
-1.8808163265306135
-1.8808163265306117
-1.8808163265306135
-1.8808163265306135
-1.8808163265306117
-1.8808163265306135
-1.8808163265306117
-1.9040362811791365
-1.9040362811791365
-1.8343764172335622
-1.8343764172335604
-1.8343764172335604
-1.8343764172335604
-1.8343764172335622
-1.8343764172335622
-1.8343764172335604
-1.8343764172335604
-1.7879365079365108
-1.7182766439909294
-1.7182766439909294
-1.7182766439909294
-1.7182766439909294
-1.7182766439909294
-1.7182766439909294
-1.7182766439909294
-1.7182766439909294
-1.7182766439909294
-1.2306575963718807
-1.091337868480725
-1.0913378684807284
-1.0913378684807284
-1.091337868480725
-1.091337868480725
-1.091337868480725
-1.091337868480725
-1.091337868480725
-1.091337868480725
-1.0913378684807284
-1.0681179138322001
-1.0681179138322001
-1.0681179138322001
-1.0681179138322001
-1.0681179138322001
-1.0681179138322001
-1.0681179138322001
-1.0681179138322001
-1.0681179138322001
-1.0681179138321966
-1.0681179138321966
-1.0681179138321966
-1.0681179138321966
-0.905578231292516
-0.905578231292516
-0.905578231292516
-0.905578231292516
-0.905578231292516
-0.9055782312925196
-0.9055782312925196
-0.9055782312925196
-0.9055782312925196
-0.8126984126984134
-0.8126984126984134
-0.8126984126984134
-0.8126984126984134
-0.8126984126984134
-0.8126984126984134
-0.8126984126984134
-0.8126984126984134
-0.8126984126984134
-0.7662585034013603
-0.7662585034013603
-0.7662585034013603
-0.7662585034013603
-0.7662585034013603
-0.7662585034013603
-0.7662585034013603
-0.7662585034013603
-0.7662585034013603
-0.7662585034013638
-0.7662585034013638
-0.7662585034013638
-0.7662585034013638
-0.7662585034013603
-0.7662585034013603
-0.7662585034013603
-0.7662585034013603
-0.7662585034013603
-0.7662585034013603
-0.7662585034013603
-0.7662585034013603
-0.5804988662131514
-0.5804988662131514
-0.5804988662131514
