OnSet desviation
0
-0.9287981859410431
-1.0913378684807253
-1.1377777777777776
-1.2074376417233563
-1.2770975056689342
-1.4628571428571426
-1.4860770975056683
-1.625396825396825
-1.6486167800453515
-1.7182766439909294
-1.8111564625850338
-1.8111564625850347
-1.8808163265306126
-1.857596371882086
-1.90403628117914
-1.9504761904761914
-1.9504761904761914
-1.9504761904761914
-1.9504761904761914
-2.159455782312927
-2.321995464852609
-2.3452154195011357
-2.4845351473922914
-2.461315192743765
-2.3452154195011357
-2.159455782312927
-2.159455782312927
-1.9504761904761914
-1.9504761904761914
-1.9504761904761914
-1.9504761904761914
-1.9504761904761914
-1.9504761904761914
-1.9504761904761914
-1.9504761904761914
-2.043356009070296
-2.0665759637188224
-2.0665759637188224
-2.0665759637188224
-2.0665759637188206
-2.0665759637188206
-2.0665759637188224
-2.0665759637188206
-2.0665759637188206
-1.9504761904761914
-1.9040362811791383
-1.90403628117914
-1.90403628117914
-1.90403628117914
-1.8343764172335604
-1.8343764172335604
-1.8343764172335604
-1.8343764172335622
-1.8343764172335604
-1.8343764172335604
-1.8343764172335604
-1.787936507936509
-1.671836734693878
-1.6021768707483002
-1.6021768707483002
-1.4860770975056692
-1.439637188208616
-1.439637188208616
-1.4396371882086196
-1.439637188208616
-1.439637188208616
-1.4396371882086143
-1.4396371882086179
-1.3931972789115612
-1.2538775510204054
-1.2538775510204054
-1.2074376417233559
-1.2074376417233559
-1.2074376417233559
-1.2074376417233523
-1.2074376417233559
-1.2074376417233559
-1.2074376417233559
-1.184217687074831
-1.137777777777778
-0.9752380952380939
-0.9752380952380939
-0.8126984126984098
-0.673378684807254
-0.673378684807254
-0.5108390022675735
-0.32507936507936463
-0.32507936507936463
-0.16253968253968054
-0.18575963718820532
-0.18575963718820887
-0.18575963718820887
-0.18575963718820887
-0.18575963718820887
-0.18575963718820887
-0.18575963718820887
-0.18575963718820887
-0.18575963718820887
-0.18575963718820887
-0.18575963718820887
-0.18575963718820887
-0.18575963718820887
-0.13931972789115576
0.2786394557823151
0.2786394557823151
0.2786394557823151
0.2786394557823151
0.5804988662131549
0.5804988662131549
0.5804988662131549
0.5804988662131549
0.48761904761904873
0.48761904761904873
0.48761904761904873
0.48761904761904873
0.48761904761904873
0.48761904761904873
0.48761904761904873
0.48761904761904873
0.48761904761904873
0.4411791383219956
0.4411791383219956
0.4411791383219956
0.4411791383219956
0.4411791383219956
0.4411791383219956
0.4411791383219956
0.4411791383219956
0.4411791383219956
0.6501587301587328
0.6501587301587328
0.6501587301587328
0.6501587301587328
0.6733786848072576
0.6733786848072576
0.6733786848072576
0.6733786848072576
0.6733786848072576
0.6733786848072576
0.6733786848072576
0.6733786848072576
0.6733786848072576
0.9752380952380939
0.9752380952380939
