OnSet desviation
0
0.28535114058956923
-0.19555622222222202
-0.09596471882086188
-0.5304321723356007
-0.663040215419501
-0.958187941043084
-1.0907959841269839
-1.3395038004535142
-1.5649916621315203
-1.6975997052154197
-1.7837678390022678
-1.8699359727891167
-2.0954238344671197
-2.274471786848072
-2.383859875283447
-2.702227555555556
-2.756921599773243
-2.8116156439909297
-2.8663096882086183
-3.0835434149659875
-3.3936569603174593
-3.448351004535148
-3.549484958049886
-3.6273989569160996
-3.626752865079366
-3.626106773242631
-3.626106773242631
-3.6254606814058956
-3.624814589569162
-3.624814589569162
-3.624168497732427
-3.6235224058956934
-3.6235224058956934
-3.6228763140589564
-3.6454501768707477
-3.644804085034014
-3.7370378117913834
-3.7370378117913834
-3.7596116746031747
-3.7589655827664394
-3.7589655827664394
-3.8047594002267573
-3.804113308390022
-3.804113308390022
-3.896347035147393
-3.8957009433106595
-3.9879346700680287
-4.196268170068027
-4.196268170068027
-4.404601670068029
-4.427175532879819
-4.427175532879819
-4.4265294410430815
-4.42588334920635
-4.42588334920635
-4.425237257369616
-4.424591165532881
-4.423945073696144
-4.516178800453515
-4.516178800453515
-4.515532708616783
-4.514886616780043
-4.514886616780043
-4.514240524943311
-4.513594433106578
-4.513594433106578
-4.512948341269841
-4.512302249433105
-4.511656157596374
-4.511010065759638
-4.511010065759638
-4.510363973922903
-4.509717882086168
-4.509717882086168
-4.509071790249433
-4.508425698412697
-4.508425698412697
-4.507779606575966
-4.0427344217687065
-4.042088329931975
-4.0414422380952395
-4.0414422380952395
-4.040796146258501
-4.063370009070294
-4.063370009070294
-4.0627239172335585
-4.062077825396827
-4.062077825396827
-4.061431733560092
-4.060785641723356
-4.059493458049889
-4.059493458049889
-4.059493458049889
-4.059493458049889
-4.058201274376419
-4.058201274376419
-4.058201274376419
-4.058201274376419
-4.056909090702945
-4.056909090702945
-4.056909090702945
-4.056909090702945
-4.055616907029478
-4.054324723356007
-4.054324723356007
-4.054324723356007
-4.054324723356007
-4.05303253968254
-4.05303253968254
-4.05303253968254
-4.05303253968254
-4.05174035600907
-4.05174035600907
-4.05174035600907
-4.05174035600907
-4.050448172335603
-4.049155988662132
-4.049155988662132
-4.049155988662132
-4.049155988662132
-4.047863804988662
-4.047863804988662
-4.047863804988662
-4.047863804988662
-4.046571621315195
-4.046571621315195
-4.046571621315195
-4.046571621315195
-4.0452794376417245
-4.0439872539682575
-4.0439872539682575
-4.0439872539682575
-4.0439872539682575
-4.0426950702947835
-4.0426950702947835
-4.0426950702947835
-4.0426950702947835
-4.041402886621313
-4.041402886621313
-4.041402886621313
-4.041402886621313
-3.877571020408162
-3.8749866530612245
-3.8749866530612245
