OnSet desviation
0
0.1924713219954648
-0.07945644897959148
-0.21206449206349198
-0.3678924897959184
-0.361180804988662
-0.656328530612245
-0.69605675510204
-0.8286647981859412
-0.9148329319727893
-1.0938808843537409
-1.1336091088435376
-1.266217151927438
-1.3291653310657594
-1.2527937823129243
-1.2460820975056688
-1.3090302766439912
-1.1779646836734692
-1.046899090702949
-1.0551532256235827
-1.318826861678005
-1.6289404070294768
-1.660414496598639
-1.7847684047619037
-1.862682403628117
-1.8620363117913836
-1.8613902199546484
-1.8613902199546484
-1.8607441281179131
-1.8600980362811796
-1.8600980362811796
-1.8594519444444444
-1.858805852607711
-1.858805852607711
-1.858159760770974
-1.8807336235827652
-1.8800875317460317
-1.8794414399092965
-1.8794414399092965
-1.8787953480725612
-1.8781492562358277
-1.8781492562358277
-1.8775031643990925
-1.8768570725623572
-1.8768570725623572
-1.8762109807256238
-1.875564888888892
-1.9677986156462595
-2.10647225170068
-2.10647225170068
-2.1058261598639465
-2.1051800680272112
-2.1051800680272112
-2.1045339761904724
-2.1038878843537407
-2.1038878843537407
-2.103241792517011
-2.1025957006802756
-2.125169563492065
-2.263843199546489
-2.263843199546489
-2.263197107709754
-2.262551015873015
-2.262551015873015
-2.2619049240362834
-2.261258832199548
-2.261258832199548
-2.260612740362813
-2.2599666485260776
-2.2593205566893424
-2.2586744648526107
-2.2586744648526107
-2.2580283730158754
-2.25738228117914
-2.25738228117914
-2.256736189342405
-2.2560900975056697
-2.2560900975056697
-2.255444005668938
-2.254797913832199
-2.2541518219954675
-2.2535057301587322
-2.2535057301587322
-2.252859638321997
-2.182553682539684
-2.182553682539684
-2.1819075907029486
-2.181261498866217
-2.181261498866217
-2.1341754977324285
-2.1335294058956933
-2.1322372222222263
-2.1322372222222263
-2.1322372222222263
-2.1322372222222263
-2.130945038548756
-2.130945038548756
-2.130945038548756
-2.130945038548756
-2.1296528548752818
-2.1296528548752818
-2.1296528548752818
-2.1296528548752818
-2.128360671201815
-2.1270684875283443
-2.1270684875283443
-2.1270684875283443
-2.1270684875283443
-2.1257763038548774
-2.1257763038548774
-2.1257763038548774
-2.1257763038548774
-2.124484120181407
-2.124484120181407
-2.124484120181407
-2.124484120181407
-2.2392917097505673
-2.377319253968256
-2.377319253968256
-2.377319253968256
-2.377319253968256
-2.3760270702947857
-2.3760270702947857
-2.3760270702947857
-2.3760270702947857
-2.3747348866213187
-2.3747348866213187
-2.3747348866213187
-2.3747348866213187
-2.373442702947848
-2.3721505192743813
-2.3721505192743813
-2.3721505192743813
-2.3721505192743813
-2.370858335600907
-2.370858335600907
-2.370858335600907
-2.370858335600907
-2.323126242630387
-2.323126242630387
-2.323126242630387
-2.323126242630387
-2.3450540136054414
-1.6226510521541968
-1.6226510521541968
