OnSet desviation
0
0.006711684807256257
-0.19555622222222224
-0.5139239024943312
-0.6465319455782317
-0.6862601700680271
-1.0046278503401362
-1.1604558480725622
-1.3627237551020412
-1.5649916621315203
-1.6975997052154197
-1.8766476575963722
-2.148575428571429
-2.32762338095238
-2.413791514739229
-2.5231796031746025
-2.7254475102040825
-2.7337016451247163
-2.6258560068027226
-2.6341101417233563
-2.8977837777777786
-3.1846773684807257
-3.2393714126984126
-3.3405053662131525
-3.418419365079364
-3.464213182539682
-3.4635670907029485
-3.4635670907029485
-3.4629209988662133
-3.46227490702948
-3.46227490702948
-3.4616288151927446
-3.4609827233560093
-3.4609827233560093
-3.460336631519274
-3.4829104943310654
-3.5054843571428567
-3.504838265306123
-3.504838265306123
-3.504192173469388
-3.5035460816326527
-3.5035460816326527
-3.502899989795919
-3.502253897959182
-3.502253897959182
-3.5712676700680284
-3.570621578231295
-3.662855304988664
-3.7086491224489784
-3.7086491224489784
-3.7080030306122467
-3.7073569387755096
-3.7073569387755096
-3.7067108469387744
-3.706064755102041
-3.706064755102041
-3.7054186632653074
-3.704772571428572
-3.704126479591835
-3.7731402517006813
-3.7731402517006813
-3.8421540238095258
-3.841507931972787
-3.841507931972787
-3.8408618401360552
-3.84021574829932
-3.84021574829932
-3.8395696564625847
-3.8389235646258477
-3.8382774727891125
-3.9072912448979586
-3.9072912448979586
-3.9066451530612234
-3.905999061224488
-3.905999061224488
-3.905352969387753
-3.9047068775510176
-3.9047068775510176
-3.904060785714286
-3.9034146938775507
-4.042088329931971
-4.157542011337867
-4.157542011337867
-4.1801158741496565
-4.2026897369614495
-4.2026897369614495
-4.202043645124714
-4.201397553287979
-4.201397553287979
-4.270411325396822
-4.292985188208615
-4.291693004535148
-4.291693004535148
-4.291693004535148
-4.291693004535148
-4.290400820861677
-4.290400820861677
-4.290400820861677
-4.290400820861677
-4.289108637188207
-4.289108637188207
-4.289108637188207
-4.289108637188207
-4.287816453514736
-4.286524269841266
-4.286524269841266
-4.286524269841266
-4.286524269841266
-4.285232086167799
-4.285232086167799
-4.285232086167799
-4.285232086167799
-4.283939902494328
-4.283939902494328
-4.283939902494328
-4.283939902494328
-4.561287174603173
-4.652874809523809
-4.652874809523809
-4.652874809523809
-4.652874809523809
-4.651582625850338
-4.651582625850338
-4.651582625850338
-4.651582625850338
-4.650290442176871
-4.650290442176871
-4.650290442176871
-4.650290442176871
-4.741878077097507
-4.810245757369614
-4.810245757369614
-4.810245757369614
-4.810245757369614
-4.808953573696144
-4.808953573696144
-4.808953573696144
-4.808953573696144
-4.807661390022673
-4.807661390022673
-4.807661390022673
-4.807661390022673
-4.876029070294781
-4.8966646575963715
-4.8966646575963715
