OnSet desviation
0
-0.7430385487528344
-0.7430385487528344
-0.7662585034013605
-0.7894784580498868
-0.7430385487528341
-0.8359183673469386
-0.7894784580498868
-0.8359183673469381
-0.7894784580498859
-0.8823582766439904
-0.8823582766439904
-0.8591383219954647
-0.8126984126984125
-0.8823582766439904
-0.7894784580498877
-0.9520181405895682
-0.7430385487528355
-0.7198185941043089
-0.7198185941043089
-0.7894784580498868
-0.7894784580498868
-0.7430385487528355
-0.8126984126984134
-0.8359183673469399
-0.8359183673469399
-0.8359183673469381
-0.8359183673469381
-0.8359183673469399
-0.8359183673469381
-0.8359183673469381
-0.8359183673469399
-0.8359183673469399
-0.8359183673469399
-0.8359183673469399
-0.8359183673469399
-0.8126984126984134
-0.8126984126984134
-0.8126984126984134
-0.8126984126984134
-0.8126984126984134
-0.8126984126984134
-0.8126984126984134
-0.8126984126984134
-0.8126984126984134
-0.7430385487528355
-0.766258503401362
-0.7894784580498868
-0.882358276643993
-0.882358276643993
-0.8823582766439912
-0.8823582766439912
-0.8823582766439912
-0.8823582766439912
-0.8823582766439912
-0.8823582766439912
-0.882358276643993
-0.8823582766439912
-0.9287981859410444
-0.9520181405895691
-0.9520181405895691
-0.882358276643993
-0.8823582766439912
-0.8823582766439912
-0.8823582766439912
-0.8823582766439912
-0.8823582766439912
-0.8823582766439912
-0.8823582766439912
-0.8823582766439948
-0.8591383219954665
-0.8591383219954665
-0.8591383219954665
-0.8591383219954629
-0.8591383219954629
-0.8591383219954665
-0.8591383219954665
-0.8591383219954665
-0.8591383219954665
-0.8591383219954629
-0.7430385487528355
-0.6733786848072576
-0.6733786848072576
-0.6501587301587293
-0.6501587301587328
-0.6501587301587328
-0.6501587301587293
-0.6501587301587328
-0.6501587301587328
-0.5804988662131549
-0.5340589569161018
-0.5340589569160983
-0.5340589569160983
-0.5340589569160983
-0.5340589569160983
-0.5340589569161018
-0.5340589569161018
-0.5340589569161018
-0.5340589569161018
-0.5340589569160983
-0.5340589569160983
-0.5340589569160983
-0.5340589569160983
-0.5340589569161018
-0.5340589569161018
-0.5340589569161018
-0.5340589569161018
-0.5340589569161018
-0.5340589569160983
-0.5340589569160983
-0.5340589569160983
-0.5340589569160983
-0.5340589569161018
-0.5340589569161018
-0.5340589569161018
-0.5340589569161018
-0.3947392290249425
-0.30185941043083986
-0.30185941043083986
-0.30185941043083986
-0.30185941043083986
-0.30185941043083986
-0.30185941043083986
-0.30185941043083986
-0.30185941043083986
-0.30185941043083986
-0.30185941043083986
-0.30185941043083986
-0.30185941043083986
-0.3947392290249425
-0.32507936507936463
-0.32507936507936463
-0.32507936507936463
-0.32507936507936463
-0.32507936507936463
-0.32507936507936463
-0.32507936507936463
-0.32507936507936463
-0.2786394557823151
-0.2786394557823151
-0.2786394557823151
-0.2786394557823151
-0.23219954648526198
0.6269387755102045
0.6269387755102045
