OnSet desviation
0
-0.6733786848072564
-0.7430385487528341
-0.5340589569160996
-0.5340589569160996
-0.5340589569160996
-0.41795918367346907
-0.3482993197278903
-0.2321995464852611
-0.16253968253968232
-0.1160997732426301
0.023219954648525665
0.13931972789115665
0.20897959183673365
0.4411791383219956
0.4643990929705222
0.7662585034013603
0.6965986394557824
0.6965986394557824
0.6965986394557824
0.7662585034013603
0.7430385487528355
0.7198185941043089
0.766258503401362
0.7894784580498868
0.8359183673469381
0.8359183673469381
0.8359183673469381
0.8359183673469399
0.8359183673469381
0.8359183673469381
0.8359183673469399
0.8359183673469381
0.8359183673469381
0.8359183673469399
0.8359183673469399
0.8359183673469381
0.8359183673469399
0.8359183673469399
0.8359183673469399
0.8359183673469381
0.8359183673469381
0.8359183673469399
0.8359183673469381
0.8359183673469381
0.8359183673469399
0.8591383219954647
0.8823582766439912
0.8823582766439912
0.8823582766439912
0.8823582766439912
0.8823582766439895
0.8823582766439895
0.882358276643993
0.8823582766439912
0.8823582766439912
0.8823582766439895
0.8823582766439877
0.9055782312925142
0.8591383219954611
0.8591383219954611
0.8591383219954647
0.8591383219954629
0.8591383219954629
0.8591383219954629
0.8591383219954629
0.8591383219954629
0.8591383219954629
0.8591383219954629
0.8591383219954665
0.905578231292516
0.905578231292516
0.905578231292516
0.9055782312925125
0.9055782312925125
0.905578231292516
0.905578231292516
0.905578231292516
0.905578231292516
0.905578231292516
0.9287981859410408
0.9752380952380939
0.9752380952380939
0.9752380952380904
1.0681179138322001
1.0681179138322001
1.0681179138321966
1.0681179138321966
1.0681179138321966
1.1145578231292497
1.091337868480725
1.0913378684807213
1.0913378684807213
1.0913378684807213
1.0913378684807213
1.091337868480725
1.091337868480725
1.091337868480725
1.091337868480725
1.091337868480725
1.091337868480725
1.091337868480725
1.091337868480725
1.091337868480725
1.091337868480725
1.091337868480725
1.091337868480725
1.091337868480725
1.0913378684807213
1.0913378684807213
1.0913378684807213
1.0913378684807213
1.091337868480725
1.091337868480725
1.091337868480725
1.091337868480725
1.1145578231292497
0.9752380952380939
0.9752380952380939
0.9752380952380939
0.9752380952380939
0.9752380952380939
0.9752380952380939
0.9752380952380939
0.9752380952380939
0.9752380952380939
0.9752380952380939
0.9752380952380939
0.9752380952380939
1.1609977324263028
1.1609977324262992
1.1609977324262992
1.1609977324262992
1.1609977324262992
1.1609977324263028
1.1609977324263028
1.1609977324263028
1.1609977324263028
1.1609977324263028
1.1609977324263028
1.1609977324263028
1.1609977324263028
1.1609977324263028
1.0448979591836718
1.0448979591836718
