OnSet desviation
0
-0.603718820861678
-0.6733786848072558
-0.4876190476190474
-0.5108390022675735
-0.4643990929705213
-0.4411791383219952
-0.32507936507936463
-0.25541950113378675
-0.13931972789115576
-0.18575963718820798
-0.04643990929705222
0.09287981859410444
0.20897959183673365
0.37151927437641774
0.48761904761904695
0.6269387755102045
0.7662585034013603
0.7894784580498868
0.7894784580498868
0.7894784580498868
0.766258503401362
0.7894784580498868
0.766258503401362
0.7662585034013603
0.8126984126984116
0.8126984126984134
0.8126984126984134
0.8126984126984134
0.8126984126984134
0.8126984126984134
0.8126984126984134
0.8126984126984116
0.8126984126984116
0.8126984126984134
0.8126984126984134
0.8359183673469381
0.8359183673469399
0.8359183673469399
0.8359183673469399
0.8359183673469381
0.8359183673469381
0.8359183673469399
0.8359183673469381
0.8359183673469381
0.9055782312925178
0.905578231292516
0.9055782312925178
0.8126984126984116
0.8126984126984116
0.8126984126984134
0.8126984126984116
0.8126984126984116
0.8126984126984151
0.8126984126984134
0.8126984126984134
0.8126984126984098
0.8126984126984098
0.7894784580498833
0.7198185941043054
0.7198185941043054
0.789478458049885
0.789478458049885
0.789478458049885
0.789478458049885
0.789478458049885
0.789478458049885
0.789478458049885
0.789478458049885
0.789478458049885
0.8591383219954629
0.8591383219954629
0.8591383219954629
0.8591383219954629
0.8591383219954629
0.8591383219954629
0.8591383219954629
0.8591383219954629
0.8591383219954629
0.8591383219954665
0.9984580498866187
1.1145578231292497
1.1145578231292497
1.1377777777777744
1.2306575963718807
1.2306575963718807
1.2306575963718807
1.230657596371877
1.230657596371877
1.346757369614508
1.3699773242630364
1.3699773242630364
1.3699773242630364
1.3699773242630364
1.3699773242630364
1.3699773242630364
1.3699773242630364
1.3699773242630364
1.3699773242630364
1.36997732426304
1.36997732426304
1.36997732426304
1.36997732426304
1.3699773242630364
1.3699773242630364
1.3699773242630364
1.3699773242630364
1.3699773242630364
1.3699773242630364
1.3699773242630364
1.3699773242630364
1.3699773242630364
1.3699773242630364
1.3699773242630364
1.3699773242630364
1.3699773242630364
1.5325170068027205
1.4860770975056674
1.4860770975056674
1.4860770975056674
1.4860770975056674
1.4860770975056674
1.4860770975056674
1.4860770975056674
1.4860770975056674
1.4860770975056674
1.4860770975056674
1.4860770975056674
1.4860770975056674
1.5789569160997736
1.648616780045348
1.648616780045348
1.648616780045348
1.648616780045348
1.6486167800453515
1.6486167800453515
1.6486167800453515
1.6486167800453515
1.695056689342401
1.695056689342401
1.695056689342401
1.695056689342401
1.7414965986394542
2.4845351473922896
2.4845351473922896
