OnSet desviation
0
0.053151594104308475
-0.14911631292517002
-0.49070394784580507
-0.6465319455782317
-0.6398202607709749
-1.0510677596371885
-1.1604558480725622
-1.4091636643990926
-1.5649916621315194
-1.7904795238095232
-1.9695274761904757
-2.218235292517007
-2.3508433356009055
-2.5066713333333324
-2.5231796031746034
-2.887987192743764
-2.687261735827665
-2.5561961428571447
-2.5644502777777785
-2.8977837777777786
-3.1846773684807257
-3.1929315034013612
-3.363725320861679
-3.4648592743764173
-3.510653091836735
-3.510007
-3.510007
-3.5093609081632664
-3.508714816326531
-3.508714816326531
-3.5080687244897977
-3.5074226326530624
-3.5074226326530624
-3.506776540816327
-3.5293504036281185
-3.528704311791383
-3.5280582199546497
-3.5280582199546497
-3.5274121281179145
-3.5267660362811792
-3.5267660362811792
-3.5261199444444458
-3.5254738526077087
-3.5254738526077087
-3.524827760770977
-3.54740162358277
-3.662855304988664
-3.8015289410430846
-3.8015289410430846
-3.800882849206351
-3.800236757369614
-3.800236757369614
-3.799590665532879
-3.7989445736961454
-3.7989445736961454
-3.7982984818594137
-3.7976523900226766
-3.8434462074829927
-3.9356799342403637
-3.9356799342403637
-3.935033842403632
-3.9343877505668914
-3.9343877505668914
-3.9337416587301597
-3.9330955668934244
-3.9330955668934244
-3.932449475056689
-3.931803383219954
-3.9311572913832222
-3.97695110884354
-3.97695110884354
-3.976305017006805
-3.975658925170066
-3.975658925170066
-3.9750128333333343
-3.974366741496599
-3.974366741496599
-3.9737206496598674
-3.9730745578231286
-3.9956484206349216
-4.0414422380952395
-4.0414422380952395
-4.040796146258501
-4.063370009070297
-4.063370009070297
-4.0627239172335585
-4.062077825396827
-4.062077825396827
-4.061431733560092
-4.0375656870748315
-4.036273503401361
-4.036273503401361
-4.036273503401361
-4.036273503401361
-4.034981319727894
-4.034981319727894
-4.034981319727894
-4.034981319727894
-4.03368913605442
-4.03368913605442
-4.03368913605442
-4.03368913605442
-4.032396952380953
-4.031104768707483
-4.031104768707483
-4.031104768707483
-4.031104768707483
-4.029812585034012
-4.029812585034012
-4.029812585034012
-4.029812585034012
-4.028520401360545
-4.028520401360545
-4.028520401360545
-4.028520401360545
-4.16654794557823
-4.165255761904763
-4.165255761904763
-4.165255761904763
-4.165255761904763
-4.163963578231293
-4.163963578231293
-4.163963578231293
-4.163963578231293
-4.162671394557826
-4.162671394557826
-4.162671394557826
-4.162671394557826
-4.347138848072564
-4.345846664399094
-4.345846664399094
-4.345846664399094
-4.345846664399094
-4.344554480725623
-4.344554480725623
-4.344554480725623
-4.344554480725623
-4.296822387755103
-4.296822387755103
-4.296822387755103
-4.296822387755103
-4.3187501587301576
-3.480247424036282
-3.480247424036282
