OnSet desviation
0
0.9122899160997736
1.4762805124716556
2.3421305192743764
2.72036147845805
3.795191077097506
4.335961718820862
5.016052088435374
5.67292250340136
6.30657296371882
7.12598306122449
7.75963352154195
8.50938375510204
9.003714487528343
9.730244766439908
10.294235362811788
10.765346140589566
10.966071597505668
11.050697281179135
10.949563327664396
10.941309192743761
10.86339519387755
10.739041285714286
10.707567196145122
10.676093106575962
10.676739198412696
10.584505471655326
10.584505471655326
10.469051790249432
10.469697882086166
10.469697882086166
10.4703439739229
10.470990065759636
10.470990065759636
10.378756339002265
10.263302657596372
10.263948749433105
10.264594841269838
10.264594841269838
10.265240933106575
10.265887024943309
10.265887024943309
10.196873252834465
10.174299390022675
10.174299390022675
10.082065663265304
10.082711755102036
10.013697982993193
9.805364482993195
9.805364482993195
9.597030982993193
9.574457120181403
9.574457120181403
9.575103212018142
9.575749303854874
9.575749303854874
9.506735531746028
9.41450180498866
9.39192794217687
9.2996942154195
9.2996942154195
9.277120352607707
9.277766444444445
9.277766444444445
9.255192581632652
9.162958854875281
9.162958854875281
9.117165037414964
9.117811129251702
8.932697583900225
8.724364083900223
8.724364083900223
8.725010175736958
8.725656267573697
8.725656267573697
8.726302359410429
8.726948451247164
8.726948451247164
8.727594543083896
8.728240634920635
8.566347044217682
8.381233498866212
8.381233498866212
8.381879590702948
8.359305727891154
8.359305727891154
8.35995181972789
8.360597911564621
8.360597911564621
8.36124400340136
8.315450185941039
8.316742369614513
8.316742369614513
8.316742369614513
8.316742369614513
8.31803455328798
8.31803455328798
8.31803455328798
8.31803455328798
7.924587507936508
7.924587507936508
7.924587507936508
7.924587507936508
7.577580371882089
7.462772782312925
7.462772782312925
7.462772782312925
7.462772782312925
7.464064965986392
7.464064965986392
7.464064965986392
7.464064965986392
7.465357149659866
7.465357149659866
7.465357149659866
7.465357149659866
7.466649333333333
7.4679415170068
7.4679415170068
7.4679415170068
7.4679415170068
7.144154335600906
7.144154335600906
7.144154335600906
7.144154335600906
6.79714719954648
6.79714719954648
6.79714719954648
6.79714719954648
6.798439383219954
6.799731566893421
6.799731566893421
6.799731566893421
6.799731566893421
6.801023750566891
6.801023750566891
6.801023750566891
6.801023750566891
6.802315934240365
6.802315934240365
6.802315934240365
6.802315934240365
6.780388163265307
7.595670943310658
7.595670943310658
