OnSet desviation
0
-0.7662585034013603
-0.6501587301587297
-0.3947392290249434
-0.30185941043083897
0.023219954648526553
0.11609977324263099
0.3018594104308381
0.4411791383219956
0.6269387755102045
0.8359183673469381
1.0913378684807267
1.3467573696145116
1.462857142857139
1.7879365079365073
1.8575963718820816
1.9504761904761878
1.9504761904761878
2.0201360544217657
1.9736961451247161
2.1594557823129215
2.2523356009070277
2.113015873015872
2.1594557823129215
2.1362358276643967
2.1594557823129215
2.2291156462584993
2.2291156462584993
2.205895691609978
2.2058956916099746
2.2058956916099746
2.2755555555555524
2.391655328798187
2.391655328798187
2.298775510204077
2.2058956916099746
2.229115646258503
2.298775510204077
2.298775510204077
2.3684353741496587
2.3684353741496587
2.3684353741496587
2.2987755102040808
2.2755555555555524
2.2755555555555524
2.3219954648526056
2.3684353741496587
2.414875283446708
2.414875283446708
2.414875283446708
2.414875283446708
2.414875283446708
2.414875283446708
2.4148752834467118
2.4148752834467118
2.4148752834467118
2.3452154195011303
2.2755555555555524
2.3684353741496587
2.3916553287981834
2.3916553287981834
2.461315192743765
2.4613151927437613
2.4613151927437613
2.4380952380952365
2.345215419501134
2.345215419501134
2.3219954648526056
2.3684353741496587
2.3916553287981834
2.3916553287981834
2.3916553287981834
2.4613151927437613
2.461315192743765
2.461315192743765
2.4613151927437613
2.4613151927437613
2.4613151927437613
2.4613151927437613
2.461315192743765
2.484535147392286
2.4380952380952365
2.4380952380952365
2.4380952380952365
2.4380952380952365
2.4380952380952365
2.4380952380952365
2.438095238095233
2.438095238095233
2.4380952380952365
2.3916553287981834
2.391655328798187
2.391655328798187
2.391655328798187
2.391655328798187
2.391655328798187
2.391655328798187
2.391655328798187
2.391655328798187
1.996916099773241
1.996916099773241
1.996916099773241
1.996916099773241
1.7182766439909294
1.764716553287979
1.764716553287979
1.764716553287979
1.764716553287979
1.9504761904761878
1.9504761904761878
1.9504761904761878
1.9504761904761878
1.9504761904761914
1.9504761904761914
1.9504761904761914
1.9504761904761914
1.9504761904761878
2.1130158730158684
2.1130158730158684
2.1130158730158684
2.1130158730158684
1.7879365079365073
1.7879365079365073
1.7879365079365073
1.7879365079365073
1.8343764172335568
1.8343764172335568
1.8343764172335568
1.8343764172335568
2.066575963718819
2.252335600907031
2.252335600907031
2.252335600907031
2.252335600907031
2.252335600907024
2.252335600907024
2.252335600907024
2.252335600907024
2.252335600907031
2.252335600907031
2.252335600907031
2.252335600907031
2.252335600907031
1.718276643990933
1.718276643990933
