OnSet desviation
0
0.8194100975056692
1.2673009206349206
1.8777314263038551
2.1630825668934244
2.912832800453515
3.360723623582766
3.855054356009071
4.3726050430839
4.820495866213151
5.430926371882087
5.809157331065759
6.303488063492063
6.68171902267574
7.083169936507934
7.57750066893424
7.955731628117912
8.156457085034013
8.171422904761902
8.116728860544214
7.922715088435373
7.751921270975055
7.766887090702948
7.6889730918367345
7.680718956916099
7.658145094104308
7.496251503401361
7.496251503401361
7.404017776643988
7.404663868480725
7.404663868480725
7.3356500963718805
7.220196414965983
7.220196414965983
7.220842506802722
7.1982686439909305
7.175694781179136
7.106681009070295
7.106681009070295
7.03766723696145
7.038313328798184
7.038313328798184
7.038959420634917
7.039605512471656
7.039605512471656
6.900931876417232
6.855138058956911
6.7396843775510185
6.53135087755102
6.53135087755102
6.323017377551018
6.300443514739229
6.300443514739229
6.301089606575964
6.3017356984126955
6.3017356984126955
6.302381790249431
6.279807927437641
6.1643542460317455
6.04890056462585
6.04890056462585
5.956666837868475
5.957312929705218
5.957312929705218
5.957959021541949
5.958605113378681
5.958605113378681
5.9360312505668915
5.890237433106577
5.681903933106575
5.473570433106573
5.473570433106573
5.404556660997731
5.405202752834466
5.405202752834466
5.405848844671201
5.406494936507936
5.406494936507936
5.407141028344668
5.407787120181403
5.22267357482993
5.083999938775509
5.083999938775509
5.0846460306122445
5.062072167800451
5.062072167800451
5.062718259637187
5.063364351473922
5.063364351473922
5.064010443310657
5.064656535147389
5.065948718820859
5.065948718820859
5.065948718820859
5.065948718820859
5.067240902494326
5.067240902494326
5.067240902494326
5.067240902494326
5.0685330861678
5.0685330861678
5.0685330861678
5.0685330861678
5.000165405895693
4.838917907029479
4.838917907029479
4.838917907029479
4.838917907029479
4.6544504535147375
4.6544504535147375
4.6544504535147375
4.6544504535147375
4.655742637188208
4.655742637188208
4.655742637188208
4.655742637188208
4.6570348208616785
4.495787321995465
4.495787321995465
4.495787321995465
4.495787321995465
4.497079505668932
4.497079505668932
4.497079505668932
4.497079505668932
4.103632460317456
4.103632460317456
4.103632460317456
4.103632460317456
3.8727250975056684
3.688257643990923
3.688257643990923
3.688257643990923
3.688257643990923
3.6895498276644005
3.6895498276644005
3.6895498276644005
3.6895498276644005
3.6908420113378675
3.6908420113378675
3.6908420113378675
3.6908420113378675
3.6689142403628097
5.018255977324259
5.018255977324259
