OnSet desviation
0
-0.6037188208616775
-0.3018594104308385
0.0
0.2786394557823133
0.7430385487528346
0.8591383219954647
1.2306575963718807
1.4860770975056692
1.8343764172335604
2.275555555555556
2.4380952380952383
2.832834467120181
3.018594104308388
3.3901133786848057
3.622312925170064
3.691972789115642
3.6687528344671207
3.5294331065759614
3.3436734693877526
3.1114739229024906
2.9257142857142817
2.6238548752834454
2.298775510204077
2.2523356009070277
2.2523356009070277
2.1594557823129215
2.1594557823129215
2.043356009070294
2.043356009070294
2.043356009070294
2.043356009070294
2.043356009070294
2.043356009070294
1.9504761904761878
1.8575963718820852
1.8575963718820852
1.8575963718820816
1.8575963718820816
1.8575963718820852
1.8575963718820852
1.8575963718820852
1.7879365079365073
1.764716553287979
1.764716553287979
1.6718367346938763
1.6718367346938763
1.695056689342401
1.695056689342401
1.695056689342401
1.6021768707482948
1.57895691609977
1.57895691609977
1.5789569160997736
1.57895691609977
1.57895691609977
1.5092970521541922
1.4164172335600895
1.3931972789115648
1.3931972789115648
1.3931972789115648
1.3699773242630364
1.3699773242630364
1.3699773242630364
1.3467573696145116
1.253877551020409
1.253877551020409
1.2074376417233523
1.2074376417233559
1.1609977324263028
0.9520181405895691
0.9520181405895691
0.9520181405895656
0.9520181405895691
0.9520181405895691
0.9520181405895691
0.9520181405895656
0.9520181405895656
0.9520181405895656
0.9752380952380939
0.9752380952380904
0.9752380952380939
0.9752380952380939
1.1377777777777744
1.1377777777777744
1.1377777777777744
1.1377777777777744
1.1377777777777744
1.1377777777777744
1.137777777777778
1.0913378684807213
1.0913378684807284
1.0913378684807284
1.0913378684807284
1.0913378684807284
1.091337868480725
1.091337868480725
1.091337868480725
1.091337868480725
0.8823582766439877
0.8823582766439877
0.8823582766439877
0.8823582766439877
0.5340589569160983
0.4179591836734673
0.4179591836734673
0.4179591836734673
0.4179591836734673
0.4179591836734673
0.4179591836734673
0.4179591836734673
0.4179591836734673
0.4179591836734744
0.4179591836734744
0.4179591836734744
0.4179591836734744
0.4179591836734673
0.4179591836734673
0.4179591836734673
0.4179591836734673
0.4179591836734673
0.09287981859410621
0.09287981859410621
0.09287981859410621
0.09287981859410621
-0.16253968253968765
-0.16253968253968765
-0.16253968253968765
-0.16253968253968765
0.06965986394558144
0.06965986394557433
0.06965986394557433
0.06965986394557433
0.06965986394557433
0.06965986394557433
0.06965986394557433
0.06965986394557433
0.06965986394557433
0.06965986394558144
0.06965986394558144
0.06965986394558144
0.06965986394558144
0.06965986394558144
0.8823582766439912
0.8823582766439912
