OnSet desviation
0
-0.6965986394557819
-0.5108390022675735
-0.4643990929705213
-0.2786394557823124
-0.13931972789115665
-0.11609977324263099
0.06965986394557788
0.18575963718820887
0.3482993197278912
0.5804988662131532
0.48761904761904695
0.6269387755102045
0.6965986394557842
0.7430385487528319
0.905578231292516
0.8823582766439877
0.8591383219954665
0.6501587301587293
0.51083900226757
0.09287981859410266
-0.18575963718821242
-0.34829931972789296
-0.7198185941043107
-0.7430385487528355
-0.7662585034013603
-0.9287981859410444
-0.9287981859410444
-1.0216780045351506
-1.021678004535147
-1.021678004535147
-1.091337868480725
-1.2074376417233594
-1.2074376417233594
-1.2074376417233559
-1.2074376417233559
-1.2306575963718842
-1.300317460317462
-1.300317460317462
-1.36997732426304
-1.36997732426304
-1.36997732426304
-1.36997732426304
-1.36997732426304
-1.36997732426304
-1.5092970521541957
-1.5557369614512488
-1.5789569160997736
-1.5789569160997736
-1.5789569160997736
-1.6718367346938798
-1.6950566893424046
-1.6950566893424046
-1.6950566893424046
-1.6950566893424082
-1.6950566893424082
-1.6950566893424046
-1.7182766439909294
-1.8343764172335604
-1.8575963718820852
-1.8575963718820852
-1.950476190476195
-1.9504761904761914
-1.9504761904761914
-1.9504761904761914
-1.9504761904761914
-1.9504761904761914
-1.9736961451247197
-2.0201360544217692
-2.089795918367347
-2.2987755102040808
-2.2987755102040808
-2.368435374149662
-2.368435374149662
-2.368435374149662
-2.3684353741496587
-2.368435374149662
-2.368435374149662
-2.368435374149662
-2.3452154195011374
-2.368435374149662
-2.321995464852609
-2.321995464852609
-2.1594557823129286
-2.1594557823129286
-2.1594557823129286
-2.1594557823129286
-2.159455782312925
-2.159455782312925
-2.159455782312925
-2.1594557823129286
-2.159455782312925
-2.159455782312925
-2.159455782312925
-2.159455782312925
-2.1594557823129286
-2.1594557823129286
-2.1594557823129286
-2.1594557823129286
-1.9736961451247197
-1.9736961451247197
-1.9736961451247197
-1.9736961451247197
-2.0433560090702976
-2.205895691609978
-2.205895691609978
-2.205895691609978
-2.205895691609978
-2.391655328798187
-2.391655328798187
-2.391655328798187
-2.391655328798187
-2.3916553287981834
-2.3916553287981834
-2.3916553287981834
-2.3916553287981834
-2.391655328798187
-2.5541950113378675
-2.5541950113378675
-2.5541950113378675
-2.5541950113378675
-2.5541950113378675
-2.5541950113378675
-2.5541950113378675
-2.5541950113378675
-2.856054421768711
-2.856054421768711
-2.856054421768711
-2.856054421768711
-2.856054421768704
-3.0418140589569234
-3.0418140589569234
-3.0418140589569234
-3.0418140589569234
-3.0418140589569163
-3.0418140589569163
-3.0418140589569163
-3.0418140589569163
-3.0418140589569163
-3.0418140589569163
-3.0418140589569163
-3.0418140589569163
-3.0418140589569163
-1.6950566893424082
-1.6950566893424082
