OnSet desviation
0
0.6568704149659864
0.9190016009070294
1.4829921972789117
1.582583700680272
2.193014206349207
2.6176850748299323
2.9262561700680285
3.3277070839002265
3.6130582244897953
3.9912891836734694
4.462399961451247
4.817410965986394
5.125982061224491
5.4809930657596375
5.812784115646259
6.214235029478457
6.43818044104308
6.662125852607707
6.746751536281177
6.970696947845804
7.078542586167801
7.256048088435374
7.549653363945579
7.564619183673468
7.5652652755102014
7.5659113673469385
7.5659113673469385
7.566557459183672
7.567203551020405
7.567203551020405
7.567849642857139
7.568495734693876
7.568495734693876
7.569141826530611
7.54656796371882
7.547214055555553
7.54786014739229
7.54786014739229
7.548506239229024
7.549152331065757
7.549152331065757
7.549798422902491
7.55044451473923
7.55044451473923
7.551090606575961
7.551736698412693
7.459502971655326
7.251169471655327
7.251169471655327
7.1357157902494315
7.136361882086167
7.136361882086167
7.137007973922902
7.137654065759637
7.137654065759637
7.138300157596369
7.138946249433104
7.139592341269839
7.0473586145124685
7.0473586145124685
7.048004706349204
7.0486507981859425
7.0486507981859425
7.049296890022674
7.049942981859406
7.049942981859406
7.050589073696145
7.05123516553288
6.912561529478456
6.913207621315188
6.913207621315188
6.913853713151926
6.914499804988662
6.914499804988662
6.915145896825393
6.915791988662132
6.915791988662132
6.916438080498864
6.893864217687074
6.7319706269841255
6.546857081632652
6.546857081632652
6.384963490929707
6.3623896281179135
6.3623896281179135
6.363035719954649
6.3636818117913805
6.3636818117913805
6.364327903628116
6.364973995464851
6.366266179138318
6.366266179138318
6.366266179138318
6.366266179138318
6.367558362811788
6.367558362811788
6.367558362811788
6.367558362811788
6.183090909297054
6.183090909297054
6.183090909297054
6.183090909297054
6.184383092970524
6.185675276643991
6.185675276643991
6.185675276643991
6.185675276643991
6.186967460317458
6.186967460317458
6.186967460317458
6.186967460317458
6.188259643990925
6.188259643990925
6.188259643990925
6.188259643990925
6.189551827664399
6.190844011337866
6.190844011337866
6.190844011337866
6.190844011337866
6.192136195011333
6.192136195011333
6.192136195011333
6.192136195011333
6.100548560090701
6.100548560090701
6.100548560090701
6.100548560090701
5.869641197278906
5.87093338095238
5.87093338095238
5.87093338095238
5.87093338095238
5.87222556462585
5.87222556462585
5.87222556462585
5.87222556462585
5.873517748299317
5.873517748299317
5.873517748299317
5.873517748299317
5.8515899773242595
5.8541743446712005
5.8541743446712005
