OnSet desviation
0
0.42467086848072577
0.6171421904761905
0.6470738299319727
0.6537855147392291
1.0087965192743757
1.0387281587301578
1.0918797528344673
1.2379111655328794
1.3375026689342393
1.553193945578231
1.652785448979591
1.682717088435373
1.75908863718821
1.9051200498866212
2.004711553287981
2.0578631473922897
2.3282484682539675
2.3896541972789116
2.381400062358276
2.3731459274376405
2.155912200680273
2.1476580657596376
2.0000842029478463
1.9453901587301594
1.8995963412698398
1.9002424331065768
1.9002424331065768
1.9008885249433103
1.9015346167800438
1.9015346167800438
1.9021807086167808
1.9028268004535143
1.9028268004535143
1.8338130283446716
1.7183593469387741
1.5796857108843554
1.4874519841269827
1.4874519841269827
1.4880980759637197
1.4887441678004532
1.4887441678004532
1.5358301689342397
1.536476260770975
1.536476260770975
1.5371223526077102
1.537768444444442
1.4455347176870745
1.2836411269841257
1.2836411269841257
1.284287218820861
1.2849333106575962
1.2849333106575962
1.2855794024943314
1.2862254943310667
1.2862254943310667
1.2868715861677984
1.2178578140589558
1.0791841780045353
1.0333903605442174
1.0333903605442174
1.034036452380949
1.034682544217688
1.034682544217688
1.0353286360544232
1.0359747278911549
1.0359747278911549
1.03662081972789
1.037266911564629
0.9914730941043075
0.9921191859410392
0.9921191859410392
0.992765277777778
0.9934113696145133
0.9934113696145133
0.994057461451245
0.9947035532879838
0.9947035532879838
0.9953496451247155
0.9959957369614507
0.9966418287981824
1.7403264693877567
1.7403264693877567
1.740972561224492
1.7183986984126989
1.7183986984126989
1.7190447902494341
1.7196908820861658
1.7196908820861658
1.7203369739229046
1.7209830657596363
1.7222752494331033
1.7222752494331033
1.7222752494331033
1.7222752494331033
1.7235674331065738
1.7235674331065738
1.7235674331065738
1.7235674331065738
1.7248596167800478
1.7248596167800478
1.7248596167800478
1.7248596167800478
1.7261518004535148
1.7274439841269853
1.7274439841269853
1.7274439841269853
1.7274439841269853
1.7287361678004523
1.7287361678004523
1.7287361678004523
1.7287361678004523
1.7300283514739228
1.7300283514739228
1.7300283514739228
1.7300283514739228
1.7313205351473933
1.7326127188208602
1.7326127188208602
1.7326127188208602
1.7326127188208602
1.7339049024943307
1.7339049024943307
1.7339049024943307
1.7339049024943307
1.7351970861677977
1.7351970861677977
1.7351970861677977
1.7351970861677977
1.7364892698412682
1.7377814535147387
1.7377814535147387
1.7377814535147387
1.7377814535147387
1.7390736371882092
1.7390736371882092
1.7390736371882092
1.7390736371882092
2.2047649138322036
2.2047649138322036
2.2047649138322036
2.2047649138322036
2.182837142857146
2.1854215102040797
2.1854215102040797
