OnSet desviation
0
-0.8591383219954647
-0.5108390022675735
-0.8126984126984125
-0.719818594104308
-0.6037188208616779
-0.4411791383219956
-0.6501587301587302
-0.5108390022675744
-0.5572789115646257
0.13931972789115576
0.0
-0.2786394557823133
-0.25541950113378853
-0.30185941043083986
0.0
0.3018594104308381
0.5804988662131514
0.4643990929705204
0.4643990929705222
0.4643990929705222
0.16253968253968054
0.09287981859410621
-0.023219954648524777
-0.023219954648524777
-0.023219954648524777
0.0
0.0
0.0
3.552713678800501e-15
3.552713678800501e-15
0.0
0.0
0.0
0.0
-0.023219954648524777
0.0
0.0
0.0
3.552713678800501e-15
0.0
0.0
0.0
3.552713678800501e-15
3.552713678800501e-15
0.0
-0.023219954648524777
-0.06965986394557788
-0.25541950113378675
-0.25541950113378675
-0.32507936507936463
-0.32507936507936463
-0.32507936507936463
-0.32507936507936463
-0.32507936507936463
-0.32507936507936463
-0.4179591836734673
-0.2786394557823151
-0.13931972789115576
-0.11609977324263099
-0.11609977324263099
-0.11609977324263099
-0.11609977324262744
-0.11609977324262744
-0.11609977324263099
-0.11609977324263099
-0.11609977324263099
-0.13931972789115576
-0.13931972789115576
-0.1625396825396841
-0.20897959183673365
-0.20897959183673365
-0.20897959183673365
-0.20897959183673365
-0.20897959183673365
-0.20897959183673365
-0.20897959183673365
-0.20897959183673365
-0.20897959183673365
-0.20897959183673365
-0.20897959183673365
0.2786394557823151
0.2786394557823151
1.0681179138322037
1.0681179138322037
1.0681179138322037
1.0681179138322001
1.0681179138322001
1.0681179138322001
1.0681179138322001
1.0681179138322001
1.0681179138322001
1.0681179138322001
1.0681179138322001
1.0681179138322001
1.0681179138322001
1.0681179138322001
1.0681179138322001
1.0681179138322001
0.8359183673469381
0.8359183673469381
0.8359183673469381
0.8359183673469381
0.8359183673469381
0.8359183673469417
0.8359183673469417
0.8359183673469417
0.8359183673469417
0.4411791383219956
0.4411791383219956
0.4411791383219956
0.4411791383219956
0.4411791383219956
0.4411791383219956
0.4411791383219956
0.4411791383219956
0.39473922902494607
0.3947392290249425
0.3947392290249425
0.3947392290249425
0.3947392290249425
0.39473922902494607
0.39473922902494607
0.39473922902494607
0.39473922902494607
0.39473922902494607
0.39473922902494607
0.39473922902494607
0.39473922902494607
-0.06965986394558144
-0.06965986394558144
-0.06965986394558144
-0.06965986394558144
-0.06965986394558144
-0.06965986394557433
-0.06965986394557433
-0.06965986394557433
-0.06965986394557433
-0.6269387755102045
-0.6269387755102045
-0.6269387755102045
-0.6269387755102045
-0.09287981859410621
-0.0928798185940991
-0.0928798185940991
