OnSet desviation
0
-0.8823582766439908
-0.6733786848072558
-0.7430385487528341
-0.6733786848072558
-0.5340589569160992
-0.5108390022675735
-0.5340589569161001
-0.5340589569161001
-0.5108390022675726
0.023219954648524777
-0.09287981859410444
-0.37151927437641774
-0.34829931972789296
-0.37151927437641774
-0.09287981859410444
0.16253968253968232
0.25541950113378675
0.255419501133785
0.25541950113378675
0.25541950113378675
0.3482993197278894
0.3250793650793664
0.3947392290249443
0.4643990929705204
0.5108390022675771
0.5108390022675735
0.5108390022675735
0.5108390022675735
0.5108390022675771
0.5108390022675771
0.5108390022675735
0.5108390022675735
0.5108390022675735
0.5804988662131514
0.6501587301587328
0.6501587301587293
0.7430385487528355
0.7430385487528355
0.7430385487528355
0.7430385487528355
0.7430385487528355
0.6965986394557824
0.6965986394557859
0.6965986394557859
0.6965986394557824
0.6733786848072576
0.6501587301587293
0.6037188208616797
0.6037188208616797
0.5340589569160983
0.5340589569161018
0.5340589569161018
0.5340589569161018
0.5340589569160983
0.5340589569160983
0.4411791383219956
0.5108390022675735
0.6501587301587328
0.6965986394557824
0.6965986394557824
0.6965986394557824
0.6965986394557859
0.6965986394557859
0.6965986394557824
0.6965986394557824
0.6965986394557824
0.6733786848072576
0.673378684807254
0.6965986394557824
0.6501587301587328
0.6501587301587328
0.6501587301587293
0.6501587301587328
0.6501587301587328
0.6501587301587328
0.6501587301587293
0.6501587301587293
0.6501587301587293
0.6501587301587328
0.6501587301587328
0.5108390022675735
0.5108390022675735
1.300317460317462
1.300317460317462
1.300317460317462
1.300317460317462
1.300317460317462
1.300317460317462
1.3003174603174585
1.300317460317462
1.300317460317462
1.300317460317462
1.300317460317462
1.300317460317462
1.300317460317462
1.300317460317462
1.300317460317462
1.300317460317462
1.3003174603174585
1.3003174603174585
1.3003174603174585
1.3003174603174585
1.300317460317462
1.300317460317462
1.300317460317462
1.300317460317462
1.300317460317462
1.300317460317462
1.300317460317462
1.300317460317462
1.300317460317462
1.300317460317462
1.300317460317462
1.300317460317462
1.300317460317462
1.3931972789115648
1.3931972789115648
1.3931972789115648
1.3931972789115648
1.3931972789115648
1.3931972789115683
1.3931972789115683
1.3931972789115683
1.3931972789115683
1.3931972789115683
1.3931972789115683
1.3931972789115683
1.3931972789115683
1.3931972789115648
1.3931972789115612
1.3931972789115612
1.3931972789115612
1.3931972789115612
1.3931972789115683
1.3931972789115683
1.3931972789115683
1.3931972789115683
0.9287981859410408
0.9287981859410408
0.9287981859410408
0.9287981859410408
1.5557369614512453
1.5557369614512524
1.5557369614512524
