OnSet desviation
0
-0.8591383219954647
-0.7198185941043085
-0.9520181405895691
-0.928798185941043
-0.95201814058957
-0.8126984126984134
-0.9984580498866213
-0.8591383219954656
-0.9287981859410444
-0.7662585034013603
-0.7894784580498868
-0.7894784580498868
-0.7894784580498868
-0.8126984126984134
-0.7894784580498868
-0.7430385487528355
-0.5572789115646266
-0.6733786848072558
-0.6733786848072558
-0.6733786848072558
-1.0681179138322001
-1.1145578231292514
-1.3003174603174603
-1.3699773242630364
-1.416417233560093
-1.3931972789115648
-1.3931972789115648
-1.3931972789115648
-1.3931972789115648
-1.3931972789115648
-1.3931972789115648
-1.3931972789115648
-1.3931972789115648
-1.4628571428571426
-1.5557369614512488
-1.5325170068027205
-1.6253968253968267
-1.6253968253968267
-1.6253968253968232
-1.6253968253968267
-1.6253968253968267
-1.5789569160997736
-1.5789569160997736
-1.5789569160997736
-1.5789569160997736
-1.5789569160997736
-1.6021768707482984
-1.7414965986394577
-1.7414965986394577
-1.7414965986394542
-1.7414965986394577
-1.7414965986394577
-1.7414965986394577
-1.7414965986394542
-1.7414965986394542
-1.7414965986394542
-1.6718367346938798
-1.6718367346938798
-1.6950566893424046
-1.6950566893424046
-1.6950566893424046
-1.6950566893424046
-1.6950566893424046
-1.6950566893424046
-1.6950566893424046
-1.6950566893424046
-1.6950566893424046
-1.695056689342401
-1.7414965986394577
-1.7414965986394577
-1.7414965986394577
-1.7414965986394542
-1.7414965986394577
-1.7414965986394577
-1.7414965986394577
-1.7414965986394542
-1.7414965986394542
-1.7414965986394542
-1.7414965986394577
-1.7414965986394577
-1.1145578231292497
-1.1145578231292497
-1.1145578231292497
-1.1145578231292497
-1.1145578231292497
-1.1145578231292532
-1.1145578231292532
-1.1145578231292532
-1.1145578231292497
-1.1145578231292532
-1.1145578231292532
-1.1145578231292532
-1.1145578231292532
-1.1145578231292532
-1.1145578231292532
-1.1145578231292532
-1.1145578231292532
-1.1145578231292532
-1.3467573696145116
-1.3467573696145116
-1.3467573696145116
-1.3467573696145116
-1.3467573696145152
-1.3467573696145116
-1.3467573696145116
-1.3467573696145116
-1.3467573696145116
-1.7414965986394577
-1.7414965986394577
-1.7414965986394577
-1.7414965986394577
-1.7414965986394577
-1.7414965986394577
-1.7414965986394577
-1.7414965986394577
-1.88081632653061
-1.8808163265306135
-1.8808163265306135
-1.8808163265306135
-1.8808163265306135
-1.8808163265306135
-1.8808163265306135
-1.8808163265306135
-1.8808163265306135
-1.8808163265306135
-1.8808163265306135
-1.8808163265306135
-1.8808163265306135
-2.3452154195011374
-2.345215419501134
-2.345215419501134
-2.345215419501134
-2.345215419501134
-2.345215419501134
-2.345215419501134
-2.345215419501134
-2.345215419501134
-2.4380952380952365
-2.4380952380952365
-2.4380952380952365
-2.4380952380952365
-2.5309750566893428
-2.5309750566893428
-2.5309750566893428
