OnSet desviation
0
0.47111077777777777
0.3617226893424035
0.8560534217687072
0.9092050158730154
1.2642160204081634
1.4334673877551012
1.6723786190476186
1.8880698956916095
1.964441444444443
2.1801327210884356
2.419043952380953
2.5418554104308395
2.7343267324263056
3.0661177823129258
3.25858910430839
3.2653007891156474
3.55890606462585
3.6435317482993206
3.6352776133786833
3.6270234784580513
3.4330097063492087
3.37831566213152
3.277181708616782
3.1992677097505684
3.199913801587302
3.2005598934240354
3.2005598934240354
3.2012059852607724
3.201852077097506
3.201852077097506
3.2024981689342393
3.2031442607709764
3.2031442607709764
3.2037903526077116
3.1812164897959203
3.181862581632654
3.1592887188208625
3.1592887188208625
3.159934810657596
3.160580902494333
3.160580902494333
3.1612269943310665
3.1618730861678017
3.1618730861678017
3.046419404761906
3.0006255873015846
2.8851719058956924
2.8161581337868498
2.8161581337868498
2.8168042256235815
2.8174503174603167
2.8174503174603167
2.8180964092970555
2.818742501133787
2.818742501133787
2.819388592970519
2.8200346848072577
2.751020912698415
2.751667004535147
2.751667004535147
2.7523130963718785
2.752959188208621
2.752959188208621
2.7536052800453525
2.7542513718820842
2.7542513718820842
2.754897463718823
2.7555435555555583
2.75618964739229
2.7568357392290253
2.7568357392290253
2.6878219671201826
2.688468058956918
2.688468058956918
2.6891141507936496
2.6201003786848105
2.6201003786848105
2.597526515873014
2.5981726077097527
2.5988186995464844
3.1567437029478462
3.1567437029478462
3.1573897947845815
3.1348159319727884
3.1348159319727884
3.135462023809527
3.136108115646259
3.136108115646259
3.136754207482994
3.1374002993197294
3.1386924829931964
3.1386924829931964
3.1386924829931964
3.1386924829931964
3.139984666666667
3.139984666666667
3.139984666666667
3.139984666666667
3.1412768503401374
3.1412768503401374
3.1412768503401374
3.1412768503401374
3.0961291247165548
3.0974213083900253
3.0974213083900253
3.0974213083900253
3.0974213083900253
3.0987134920634922
3.0987134920634922
3.0987134920634922
3.0987134920634922
2.960685947845807
2.960685947845807
2.960685947845807
2.960685947845807
2.961978131519274
2.9632703151927444
2.9632703151927444
2.9632703151927444
2.9632703151927444
2.9645624988662114
2.9645624988662114
2.9645624988662114
2.9645624988662114
2.965854682539682
2.965854682539682
2.965854682539682
2.965854682539682
2.967146866213149
2.968439049886623
2.968439049886623
2.968439049886623
2.968439049886623
2.96973123356009
2.96973123356009
2.96973123356009
2.96973123356009
2.971023417233557
2.971023417233557
2.971023417233557
2.971023417233557
3.2509550566893424
3.2535394240362763
3.2535394240362763
