OnSet desviation
0
-0.8591383219954649
-0.9984580498866216
-0.8126984126984129
-0.7430385487528346
-0.719818594104308
-0.7430385487528355
-0.5804988662131523
-0.6501587301587302
-0.6965986394557833
-0.7430385487528337
-0.5804988662131514
-0.5804988662131514
-0.5572789115646248
-0.48761904761904695
-0.41795918367346907
-0.4179591836734673
-0.25541950113378675
-0.3482993197278894
-0.3482993197278912
-0.3482993197278894
-0.5804988662131514
-0.7662585034013603
-0.8591383219954629
-0.9520181405895691
-0.9520181405895691
-0.9520181405895691
-0.9520181405895691
-0.9520181405895691
-0.9520181405895691
-0.9520181405895691
-0.9520181405895691
-0.9752380952380939
-0.9752380952380939
-0.9752380952380939
-0.9752380952380939
-0.9752380952380939
-0.9984580498866222
-0.9984580498866222
-0.9984580498866222
-0.9984580498866187
-0.9984580498866187
-0.9984580498866187
-0.9984580498866222
-0.9984580498866222
-1.1145578231292497
-1.1609977324263028
-1.2306575963718807
-1.3003174603174585
-1.3003174603174585
-1.300317460317462
-1.300317460317462
-1.300317460317462
-1.3003174603174585
-1.3003174603174585
-1.3003174603174585
-1.300317460317462
-1.3003174603174585
-1.3699773242630364
-1.36997732426304
-1.36997732426304
-1.36997732426304
-1.3699773242630364
-1.3699773242630364
-1.3699773242630364
-1.36997732426304
-1.36997732426304
-1.3699773242630364
-1.3699773242630364
-1.4164172335600895
-1.4164172335600895
-1.4164172335600895
-1.4860770975056674
-1.4860770975056674
-1.4860770975056674
-1.486077097505671
-1.5557369614512453
-1.5557369614512453
-1.602176870748302
-1.6021768707482984
-1.6021768707482984
-0.9752380952380939
-0.9752380952380939
-0.9287981859410444
-0.9287981859410444
-0.9287981859410444
-0.9287981859410408
-0.9287981859410408
-0.9287981859410408
-0.9287981859410444
-0.9287981859410408
-0.9287981859410444
-0.9287981859410444
-0.9287981859410444
-0.9287981859410444
-0.9287981859410408
-0.9287981859410408
-0.9287981859410408
-0.9287981859410408
-0.9287981859410444
-0.9287981859410444
-0.9287981859410444
-0.9287981859410444
-0.9752380952380939
-0.9752380952380939
-0.9752380952380939
-0.9752380952380939
-0.9752380952380939
-0.9752380952380975
-0.9752380952380975
-0.9752380952380975
-0.9752380952380975
-1.1145578231292497
-1.1145578231292497
-1.1145578231292497
-1.1145578231292497
-1.1145578231292532
-1.1145578231292497
-1.1145578231292497
-1.1145578231292497
-1.1145578231292497
-1.1145578231292532
-1.1145578231292532
-1.1145578231292532
-1.1145578231292532
-1.1145578231292497
-1.1145578231292497
-1.1145578231292497
-1.1145578231292497
-1.1609977324263063
-1.1609977324262992
-1.1609977324262992
-1.1609977324262992
-1.1609977324262992
-1.1609977324263028
-1.1609977324263028
-1.1609977324263028
-1.1609977324263028
-1.1609977324263099
-1.1609977324263099
-1.1609977324263099
-1.1609977324263099
-0.8591383219954665
-0.8591383219954665
-0.8591383219954665
