OnSet desviation
0
-0.6965986394557824
-0.882358276643991
-0.6037188208616779
-0.650158730158731
-0.5572789115646257
-0.5804988662131523
-0.4411791383219965
-0.5340589569161001
-0.534058956916101
-0.5572789115646266
-0.48761904761904695
-0.37151927437641596
-0.3018594104308381
-0.2321995464852602
-0.20897959183673542
-0.20897959183673365
-0.2321995464852602
-0.20897959183673365
-0.20897959183673542
-0.20897959183673187
-0.09287981859410266
-0.046439909297053106
-0.023219954648524777
0.046439909297053106
0.06965986394557788
0.11609977324263099
0.11609977324263099
0.11609977324263099
0.11609977324263099
0.11609977324263099
0.11609977324263099
0.11609977324263099
0.11609977324263099
0.11609977324263099
0.11609977324263099
0.18575963718820887
0.1625396825396841
0.1625396825396841
0.16253968253968054
0.1625396825396841
0.1625396825396841
0.1625396825396841
0.1625396825396841
0.1625396825396841
0.18575963718820887
0.20897959183673365
0.2089795918367372
0.34829931972789296
0.34829931972789296
0.37151927437641774
0.37151927437641774
0.37151927437641774
0.37151927437641774
0.37151927437641774
0.37151927437641774
0.37151927437641774
0.37151927437641774
0.30185941043083986
0.37151927437641774
0.37151927437641774
0.37151927437641774
0.37151927437641774
0.37151927437641774
0.37151927437641774
0.37151927437641774
0.37151927437641774
0.37151927437641774
0.37151927437641774
0.37151927437641774
0.3715192743764213
0.3715192743764213
0.39473922902494607
0.3947392290249425
0.3947392290249425
0.3947392290249425
0.34829931972789296
0.34829931972789296
0.4411791383219956
0.4411791383219956
0.4411791383219956
0.9984580498866222
0.9984580498866222
0.9984580498866222
0.9984580498866222
0.9984580498866222
0.9984580498866222
0.9984580498866222
0.9984580498866222
0.9984580498866222
0.9984580498866222
0.9984580498866222
0.9984580498866222
0.9984580498866222
0.9984580498866222
0.9984580498866222
0.9984580498866222
0.9984580498866222
0.9984580498866222
1.2306575963718807
1.2306575963718807
1.2306575963718807
1.2306575963718807
1.184217687074831
1.184217687074831
1.184217687074831
1.184217687074831
1.184217687074831
1.184217687074831
1.184217687074831
1.184217687074831
1.184217687074831
1.2770975056689373
1.2770975056689373
1.2770975056689373
1.2770975056689373
1.2770975056689338
1.2770975056689338
1.2770975056689338
1.2770975056689338
1.2770975056689338
1.2770975056689338
1.2770975056689338
1.2770975056689338
1.2770975056689338
1.2770975056689338
1.2770975056689338
1.2770975056689338
1.2770975056689338
1.2770975056689338
1.2770975056689373
1.2770975056689373
1.2770975056689373
1.2770975056689373
1.2770975056689302
1.2770975056689302
1.2770975056689302
1.2770975056689302
1.2770975056689302
1.2770975056689302
1.2770975056689302
1.2770975056689302
1.3931972789115648
1.3931972789115576
1.3931972789115576
