OnSet desviation
0
-0.9055782312925169
-0.8591383219954651
-0.9520181405895696
-0.8359183673469381
-0.9055782312925169
-0.9055782312925178
-0.8823582766439904
-0.8591383219954647
-0.9055782312925169
-0.9287981859410408
-0.8359183673469381
-0.9520181405895691
-0.9984580498866205
-0.9984580498866205
-0.9520181405895674
-0.9520181405895674
-0.7662585034013603
-0.8823582766439895
-0.8823582766439895
-0.8823582766439912
-1.2306575963718824
-1.4628571428571409
-1.5789569160997718
-1.741496598639456
-1.7647165532879807
-1.8111564625850356
-1.8111564625850356
-1.8111564625850356
-1.8111564625850356
-1.8111564625850356
-1.8111564625850356
-1.8343764172335604
-1.8343764172335604
-1.8343764172335604
-1.8343764172335604
-1.9040362811791383
-1.9040362811791418
-1.9040362811791418
-1.9040362811791383
-1.9040362811791383
-1.9040362811791383
-1.9040362811791383
-1.9040362811791418
-1.9040362811791418
-2.043356009070294
-2.113015873015872
-2.1826757369614533
-2.391655328798187
-2.391655328798187
-2.4148752834467153
-2.4148752834467153
-2.4148752834467153
-2.4148752834467118
-2.4148752834467118
-2.4148752834467118
-2.4148752834467153
-2.4148752834467118
-2.4148752834467118
-2.484535147392293
-2.484535147392293
-2.484535147392293
-2.4845351473922896
-2.4845351473922896
-2.4845351473922896
-2.484535147392293
-2.484535147392293
-2.4845351473922896
-2.4845351473922896
-2.5309750566893428
-2.5309750566893463
-2.5309750566893463
-2.623854875283449
-2.6238548752834454
-2.6238548752834454
-2.623854875283449
-2.6470748299319737
-2.6470748299319737
-2.786394557823133
-2.7863945578231295
-2.7863945578231295
-2.7167346938775516
-2.7167346938775516
-2.670294784580502
-2.670294784580502
-2.670294784580502
-2.6702947845804985
-2.6702947845804985
-2.6702947845804985
-2.670294784580502
-2.6702947845804985
-2.670294784580502
-2.670294784580502
-2.670294784580502
-2.670294784580502
-2.6702947845804985
-2.6702947845804985
-2.6702947845804985
-2.6702947845804985
-2.9024943310657605
-2.9024943310657605
-2.9024943310657605
-2.9024943310657605
-2.9024943310657605
-2.9024943310657605
-2.9024943310657605
-2.9024943310657605
-2.9024943310657605
-2.902494331065764
-2.902494331065764
-2.902494331065764
-2.902494331065764
-3.1346938775510225
-3.1346938775510225
-3.1346938775510225
-3.1346938775510225
-3.1346938775510225
-3.134693877551019
-3.134693877551019
-3.134693877551019
-3.134693877551019
-3.1346938775510225
-3.1346938775510225
-3.1346938775510225
-3.1346938775510225
-3.134693877551019
-3.134693877551019
-3.134693877551019
-3.134693877551019
-3.1811337868480756
-3.181133786848072
-3.181133786848072
-3.181133786848072
-3.181133786848072
-3.1811337868480685
-3.1811337868480685
-3.1811337868480685
-3.1811337868480685
-3.1811337868480756
-3.1811337868480756
-3.1811337868480756
-3.1811337868480756
-2.9953741496598667
-2.9953741496598596
-2.9953741496598596
