OnSet desviation
0
0.42467086848072577
0.5010424172335599
0.7167336938775506
0.8163251972789118
1.0784563832199545
1.2709277052154189
1.3705192086167806
1.679090303854875
1.7554618526077093
1.9943730839002285
2.1636244512471663
2.1703361360544218
2.29314759410431
2.5552787800453522
2.724530147392292
2.7312418321995473
3.0480670623582764
3.1094727913832205
3.101218656462585
3.0929645215419495
2.7828509761904776
2.6817170226757394
2.557363114512473
2.4097892517006816
2.3872153888888903
2.341421571428569
2.341421571428569
2.342067663265306
2.3427137551020394
2.3427137551020394
2.343359846938773
2.34400593877551
2.34400593877551
2.344652030612245
2.322078167800454
2.2530643956916094
2.253710487528343
2.253710487528343
2.25435657936508
2.2550026712018134
2.2550026712018134
2.255648763038547
2.256294854875282
2.256294854875282
2.1176212188208616
2.0486074467120154
1.9331537653061197
1.7248202653061213
1.7248202653061213
1.7022464024943282
1.7028924943310635
1.7028924943310635
1.7035385861678023
1.704184678004534
1.704184678004534
1.7048307698412657
1.7054768616780045
1.7061229535147397
1.6371091814058936
1.6371091814058936
1.6377552732426253
1.6384013650793676
1.6384013650793676
1.6390474569160993
1.639693548752831
1.639693548752831
1.6403396405895698
1.640985732426305
1.6416318242630368
1.6422779160997685
1.6422779160997685
1.550044189342401
1.5506902811791399
1.5506902811791399
1.5513363730158716
1.528762510204082
1.528762510204082
1.4133088287981828
1.4139549206349216
1.4146010124716533
1.4152471043083885
1.4152471043083885
1.4158931961451238
1.3933193333333307
1.3933193333333307
1.3939654251700695
1.3946115170068012
1.3946115170068012
1.3952576088435364
1.3959037006802717
1.3971958843537386
1.3971958843537386
1.3971958843537386
1.3971958843537386
1.3984880680272092
1.3984880680272092
1.3984880680272092
1.3984880680272092
1.1675807052154212
1.1675807052154212
1.1675807052154212
1.1675807052154212
1.1688728888888882
1.1701650725623587
1.1701650725623587
1.1701650725623587
1.1701650725623587
1.1714572562358256
1.1714572562358256
1.1714572562358256
1.1714572562358256
0.9405498934240342
0.9405498934240342
0.9405498934240342
0.9405498934240342
0.9418420770975047
0.9431342607709752
0.9431342607709752
0.9431342607709752
0.9431342607709752
0.9444264444444421
0.9444264444444421
0.9444264444444421
0.9444264444444421
0.9457186281179126
0.9457186281179126
0.9457186281179126
0.9457186281179126
0.9470108117913796
0.9483029954648501
0.9483029954648501
0.9483029954648501
0.9483029954648501
0.9495951791383241
0.9495951791383241
0.9495951791383241
0.9495951791383241
0.9508873628117911
0.9508873628117911
0.9508873628117911
0.9508873628117911
1.1147192290249421
1.1173035963718831
1.1173035963718831
