OnSet desviation
0
0.1460314126984127
0.15274309750566872
0.34521441950113374
0.3054861950113379
0.5908373356009067
0.597549020408163
0.7668003877551026
0.843171936507936
0.8498836213151924
0.9726950793650788
1.1883863560090688
1.1254381768707482
1.2482496349206347
1.3942810476190477
1.6099723242630386
1.6166840090702959
1.7245296473922913
1.7859353764172337
1.7776812414965981
1.7694271065759626
1.4825335158730173
1.451059426303857
1.2802656088435374
1.202351609977324
1.2029977018140574
1.2036437936507944
1.2036437936507944
1.204289885487528
1.2049359773242614
1.2049359773242614
1.2055820691609949
1.206228160997732
1.206228160997732
1.2068742528344671
1.1843003900226758
1.1849464818594093
1.1855925736961428
1.1855925736961428
1.1862386655328798
1.1868847573696133
1.1868847573696133
1.0714310759637193
1.0024173038548767
1.0024173038548767
0.8869636224489774
0.8411698049886596
0.81859594217687
0.6799223061224495
0.6799223061224495
0.6805683979591812
0.6812144897959165
0.6812144897959165
0.6818605816326553
0.682506673469387
0.682506673469387
0.6831527653061187
0.6837988571428575
0.6612249943310644
0.6618710861677997
0.6618710861677997
0.6625171780045314
0.6631632698412702
0.6631632698412702
0.6638093616780054
0.6644554535147371
0.6644554535147371
0.6651015453514724
0.6657476371882112
0.6663937290249429
0.6670398208616746
0.6670398208616746
0.6676859126984098
0.6683320045351486
0.6683320045351486
0.6689780963718803
0.6696241882086156
0.6696241882086156
0.6702702800453508
0.6709163718820861
0.6715624637188178
0.6025486916099752
0.6025486916099752
0.603194783446714
0.5806209206349209
0.5806209206349209
0.5812670124716561
0.5819131043083878
0.5819131043083878
0.5825591961451266
0.5832052879818583
0.5844974716553253
0.5844974716553253
0.5844974716553253
0.5844974716553253
0.5857896553287958
0.5857896553287958
0.5857896553287958
0.5857896553287958
0.5870818390022698
0.5870818390022698
0.5870818390022698
0.5870818390022698
0.5883740226757368
0.5896662063492073
0.5896662063492073
0.5896662063492073
0.5896662063492073
0.5909583900226743
0.5909583900226743
0.5909583900226743
0.5909583900226743
0.5922505736961448
0.5922505736961448
0.5922505736961448
0.5922505736961448
0.5238828934240338
0.5251750770975043
0.5251750770975043
0.5251750770975043
0.5251750770975043
0.5264672607709748
0.5264672607709748
0.5264672607709748
0.5264672607709748
0.5277594444444418
0.5277594444444418
0.5277594444444418
0.5277594444444418
0.5987114920634902
0.6000036757369571
0.6000036757369571
0.6000036757369571
0.6000036757369571
0.6012958594104312
0.6012958594104312
0.6012958594104312
0.6012958594104312
0.6025880430839017
0.6025880430839017
0.6025880430839017
0.6025880430839017
0.5806602721088439
0.5832446394557849
0.5832446394557849
