OnSet desviation
0
-0.9287981859410432
-0.8126984126984125
-0.8126984126984125
-0.6733786848072563
-0.5108390022675735
-0.41795918367346996
-0.20897959183673542
-0.1160997732426301
-0.023219954648525665
-0.04643990929705222
0.18575963718820887
0.37151927437641774
0.48761904761904695
0.5108390022675735
0.8126984126984116
0.8359183673469399
0.8823582766439895
0.905578231292516
0.905578231292516
0.9055782312925178
0.6733786848072558
0.6733786848072576
0.48761904761904695
0.4643990929705222
0.4643990929705204
0.4643990929705222
0.4643990929705222
0.4643990929705222
0.4643990929705204
0.4643990929705204
0.4643990929705222
0.4643990929705204
0.4643990929705204
0.4643990929705222
0.5340589569161001
0.5340589569160983
0.5340589569160983
0.5340589569160983
0.5340589569161001
0.5108390022675753
0.5108390022675753
0.37151927437641774
0.32507936507936463
0.32507936507936463
0.23219954648526198
0.2554195011337832
0.25541950113378675
0.25541950113378675
0.25541950113378675
0.2554195011337832
0.25541950113378675
0.25541950113378675
0.2554195011337903
0.2554195011337832
0.2554195011337832
0.25541950113378675
0.30185941043083986
0.2786394557823151
0.2089795918367372
0.2089795918367372
0.20897959183673365
0.20897959183673365
0.20897959183673365
0.2089795918367372
0.20897959183673365
0.20897959183673365
0.20897959183673365
0.2089795918367372
0.11609977324262744
0.11609977324263099
0.11609977324263099
0.11609977324263099
0.11609977324262744
0.11609977324262744
0.11609977324263099
0.046439909297053106
0.046439909297053106
0.2786394557823151
0.27863945578231153
0.23219954648525842
0.20897959183673365
0.20897959183673365
0.3250793650793682
0.3947392290249425
0.3947392290249425
0.39473922902494607
0.39473922902493896
0.39473922902493896
0.3947392290249425
0.39473922902494607
0.3947392290249425
0.3947392290249425
0.3947392290249425
0.3947392290249425
0.3947392290249425
0.3947392290249425
0.3947392290249425
0.3947392290249425
0.39473922902494607
0.39473922902494607
0.39473922902494607
0.39473922902494607
0.3947392290249425
0.3947392290249425
0.3947392290249425
0.3947392290249425
0.3947392290249425
0.39473922902493896
0.39473922902493896
0.39473922902493896
0.39473922902493896
0.39473922902494607
0.39473922902494607
0.39473922902494607
0.39473922902494607
0.48761904761904873
0.48761904761904873
0.48761904761904873
0.48761904761904873
0.48761904761904873
0.4876190476190452
0.4876190476190452
0.4876190476190452
0.4876190476190452
0.48761904761904873
0.48761904761904873
0.48761904761904873
0.48761904761904873
0.48761904761904873
0.5340589569160983
0.5340589569160983
0.5340589569160983
0.5340589569160983
0.5340589569160947
0.5340589569160947
0.5340589569160947
0.5340589569160947
0.6037188208616797
0.6037188208616797
0.6037188208616797
0.6037188208616797
0.6037188208616797
0.23219954648525842
0.23219954648525842
