OnSet desviation
0
0.029931639455782144
-0.009796585034013594
0.04335500907029477
0.0036267845804989207
0.1728781519274376
0.06349006349206299
0.1630815668934238
0.16979325170068016
0.1997248911564622
0.2296565306122451
0.3292480340136059
0.3359597188208614
0.3194514489795921
0.3029431791383228
0.4721945464852606
0.4556862766439913
0.4938720510204071
0.5320578253968247
0.5238036904761891
0.4923296009070288
0.20543601020408175
0.197181875283448
-0.04327180612244952
-0.05152594104308328
-0.0508798492063498
-0.05023375736961455
-0.05023375736961455
-0.0495876655328793
-0.048941573696145824
-0.048941573696145824
-0.04829548185941057
-0.047649390022677096
-0.047649390022677096
-0.04700329818594007
-0.06957716099773137
-0.0689310691609979
-0.06828497732426442
-0.06828497732426442
-0.06763888548752739
-0.09021274829931869
-0.09021274829931869
-0.22888638435374098
-0.27468020181405883
-0.27468020181405883
-0.366913928571428
-0.36626783673469987
-0.36562174489796107
-0.36497565306122226
-0.36497565306122226
-0.3643295612244941
-0.3636834693877553
-0.3636834693877553
-0.3630373775510165
-0.36239128571428836
-0.36239128571428836
-0.3617451938775531
-0.3610991020408143
-0.4533328287981817
-0.5223466009070279
-0.5223466009070279
-0.5217005090702997
-0.5210544172335574
-0.5210544172335574
-0.5204083253968221
-0.519762233560094
-0.519762233560094
-0.5191161417233552
-0.5184700498866164
-0.6107037766439944
-0.6100576848072592
-0.6100576848072592
-0.6094115929705204
-0.6087655011337887
-0.6087655011337887
-0.6081194092970534
-0.5610334081632651
-0.5610334081632651
-0.32818776984126785
-0.32754167800453615
-0.37333549546485756
-0.5120091315192745
-0.5120091315192745
-0.5113630396825357
-0.5339369024943323
-0.5339369024943323
-0.5332908106575935
-0.5326447188208654
-0.5326447188208654
-0.5319986269841266
-0.5313525351473913
-0.5300603514739244
-0.5300603514739244
-0.5300603514739244
-0.5300603514739244
-0.5287681678004574
-0.5287681678004574
-0.5287681678004574
-0.5287681678004574
-0.5274759841269798
-0.5274759841269798
-0.5274759841269798
-0.5274759841269798
-0.5261838004535129
-0.5248916167800459
-0.5248916167800459
-0.5248916167800459
-0.5248916167800459
-0.523599433106579
-0.523599433106579
-0.523599433106579
-0.523599433106579
-0.5223072494331049
-0.5223072494331049
-0.5223072494331049
-0.5223072494331049
-0.5674549750566875
-0.5661627913832206
-0.5661627913832206
-0.5661627913832206
-0.5661627913832206
-0.5648706077097536
-0.5648706077097536
-0.5648706077097536
-0.5648706077097536
-0.5635784240362796
-0.5635784240362796
-0.5635784240362796
-0.5635784240362796
-0.5622862403628126
-0.5609940566893457
-0.5609940566893457
-0.5609940566893457
-0.5609940566893457
-0.5597018730158752
-0.5597018730158752
-0.5597018730158752
-0.5597018730158752
-0.5584096893424011
-0.5584096893424011
-0.5584096893424011
-0.5584096893424011
-0.5803374603174589
-0.9724923219954675
-0.9724923219954675
