OnSet desviation
0
-0.928798185941043
-0.8823582766439912
-0.7430385487528346
-0.7430385487528346
-0.6269387755102045
-0.5108390022675735
-0.44117913832199473
-0.37151927437641774
-0.3947392290249434
-0.30185941043083986
-0.18575963718821065
-0.25541950113378675
-0.11609977324263099
0.04643990929705133
0.09287981859410444
0.11609977324263099
0.18575963718821065
0.20897959183673542
0.20897959183673542
0.2321995464852602
0.23219954648526198
0.20897959183673542
0.2786394557823133
0.20897959183673365
0.20897959183673365
0.20897959183673542
0.20897959183673542
0.20897959183673365
0.20897959183673365
0.20897959183673365
0.20897959183673187
0.20897959183673542
0.20897959183673542
0.20897959183673365
0.20897959183673365
0.20897959183673365
0.20897959183673365
0.20897959183673365
0.20897959183673365
0.23219954648525842
0.23219954648525842
0.25541950113378675
0.23219954648526198
0.23219954648526198
0.20897959183673365
0.1625396825396841
0.13931972789115576
0.0
0.0
0.0
-3.552713678800501e-15
-3.552713678800501e-15
0.0
0.0
0.0
-3.552713678800501e-15
0.0
0.06965986394557433
0.13931972789115576
0.13931972789115576
0.13931972789115576
0.13931972789115576
0.13931972789115576
0.13931972789115576
0.13931972789115576
0.13931972789115576
0.13931972789115576
0.13931972789115576
0.23219954648526198
0.23219954648525842
0.23219954648525842
0.23219954648525842
0.23219954648526198
0.23219954648526198
0.23219954648525842
0.18575963718820532
0.18575963718820532
-0.046439909297053106
-0.046439909297053106
0.0
0.06965986394557433
0.06965986394557433
0.06965986394557788
0.06965986394557788
0.06965986394557788
0.06965986394557788
0.06965986394557788
0.06965986394557788
0.06965986394557788
0.06965986394557788
0.06965986394557433
0.06965986394557433
0.06965986394557433
0.06965986394557433
0.06965986394557788
0.06965986394557788
0.06965986394557788
0.06965986394557788
0.06965986394557788
0.06965986394557788
0.06965986394557788
0.06965986394557788
0.06965986394557788
0.06965986394557788
0.06965986394557788
0.06965986394557788
0.06965986394557788
0.06965986394557788
0.06965986394557788
0.06965986394557788
0.06965986394557788
0.06965986394557788
0.06965986394557788
0.06965986394557788
0.06965986394557788
0.04643990929704955
0.04643990929704955
0.04643990929704955
0.04643990929704955
0.04643990929704955
0.046439909297053106
0.046439909297053106
0.046439909297053106
0.046439909297053106
0.04643990929704955
0.04643990929704955
0.04643990929704955
0.04643990929704955
0.11609977324263099
0.11609977324262744
0.11609977324262744
0.11609977324262744
0.11609977324262744
0.11609977324263099
0.11609977324263099
0.11609977324263099
0.11609977324263099
0.11609977324263099
0.11609977324263099
0.11609977324263099
0.11609977324263099
0.11609977324263099
0.5108390022675771
0.5108390022675771
