OnSet desviation
0
-0.8126984126984127
-0.6501587301587302
-0.5108390022675735
-0.3715192743764173
-0.09287981859410444
0.1160997732426301
0.3947392290249434
0.5572789115646257
0.6269387755102045
0.6965986394557815
1.0448979591836718
1.1609977324263046
1.4164172335600895
1.6021768707482984
1.9504761904761896
1.9969160997732445
2.1130158730158737
2.159455782312925
2.159455782312925
2.1826757369614516
1.9504761904761914
1.9272562358276666
1.8111564625850338
1.7182766439909294
1.7182766439909276
1.7182766439909312
1.7182766439909312
1.7182766439909294
1.7182766439909276
1.7182766439909276
1.7182766439909276
1.7182766439909294
1.7182766439909294
1.7182766439909294
1.7879365079365073
1.7879365079365055
1.7879365079365055
1.7879365079365055
1.7879365079365073
1.7879365079365073
1.7879365079365073
1.671836734693878
1.6021768707483002
1.6021768707483002
1.4860770975056674
1.4628571428571426
1.4396371882086179
1.3003174603174585
1.3003174603174585
1.3003174603174585
1.3003174603174585
1.3003174603174585
1.300317460317462
1.3003174603174585
1.3003174603174585
1.3003174603174585
1.3467573696145116
1.3931972789115612
1.3931972789115648
1.3931972789115648
1.3931972789115648
1.3931972789115612
1.3931972789115612
1.3931972789115648
1.3931972789115648
1.3931972789115648
1.3931972789115612
1.3931972789115648
1.3931972789115648
1.3931972789115648
1.3931972789115648
1.3931972789115612
1.3931972789115648
1.3931972789115648
1.3931972789115648
1.2770975056689338
1.2770975056689338
1.2770975056689338
1.2770975056689338
1.2770975056689338
1.3235374149659833
1.3235374149659833
1.4396371882086179
1.5092970521541957
1.5092970521541957
1.5092970521541957
1.5092970521541922
1.5092970521541922
1.5092970521541957
1.5092970521541957
1.5092970521541922
1.5092970521541922
1.5092970521541922
1.5092970521541922
1.5092970521541957
1.5092970521541957
1.5092970521541957
1.5092970521541957
1.5092970521541957
1.5092970521541957
1.5092970521541957
1.5092970521541957
1.5092970521541922
1.5092970521541957
1.5092970521541957
1.5092970521541957
1.5092970521541957
1.5092970521541922
1.5092970521541922
1.5092970521541922
1.5092970521541922
1.5092970521541957
1.5092970521541957
1.5092970521541957
1.5092970521541957
1.57895691609977
1.5789569160997736
1.5789569160997736
1.5789569160997736
1.5789569160997736
1.5789569160997736
1.5789569160997736
1.5789569160997736
1.5789569160997736
1.57895691609977
1.57895691609977
1.57895691609977
1.57895691609977
1.6486167800453515
1.695056689342401
1.695056689342401
1.695056689342401
1.695056689342401
1.695056689342401
1.695056689342401
1.695056689342401
1.695056689342401
1.7647165532879825
1.7647165532879825
1.7647165532879825
1.7647165532879825
1.7647165532879825
1.7879365079365108
1.7879365079365108
