OnSet desviation
0
-0.7430385487528346
-0.7894784580498866
-0.7894784580498864
-0.7430385487528346
-0.719818594104308
-0.6733786848072558
-0.7430385487528346
-0.6269387755102036
-0.6269387755102045
-0.6037188208616788
-0.5572789115646266
-0.5340589569161001
-0.5572789115646266
-0.5340589569161001
-0.5572789115646266
-0.41795918367346907
-0.2321995464852602
-0.7662585034013603
-0.766258503401362
-0.7198185941043089
-0.7198185941043089
-0.7894784580498868
-0.8591383219954665
-0.8591383219954647
-0.8591383219954665
-0.6501587301587293
-0.6501587301587293
-0.650158730158731
-0.6501587301587293
-0.6501587301587293
-0.650158730158731
-0.7430385487528337
-0.7430385487528337
-0.8359183673469399
-0.8359183673469399
-0.8359183673469399
-0.8359183673469364
-0.8359183673469364
-0.8359183673469381
-0.8823582766439912
-0.8823582766439912
-1.0216780045351435
-1.021678004535147
-1.021678004535147
-1.021678004535147
-1.0216780045351435
-1.0216780045351435
-1.021678004535147
-1.021678004535147
-1.021678004535147
-1.0216780045351435
-1.0216780045351435
-1.021678004535147
-1.1609977324263028
-1.1609977324263028
-1.1842176870748276
-1.184217687074831
-1.1842176870748276
-1.1842176870748276
-1.1842176870748276
-1.184217687074831
-1.1842176870748276
-1.1842176870748276
-1.1842176870748276
-1.2770975056689338
-1.2770975056689338
-1.2538775510204054
-1.2538775510204054
-1.253877551020409
-1.2538775510204054
-1.2538775510204054
-1.2538775510204054
-1.253877551020409
-1.253877551020409
-1.2538775510204054
-1.3003174603174585
-1.3003174603174585
-1.0681179138322001
-1.0681179138321966
-1.0681179138321966
-1.0681179138322001
-1.0681179138322001
-1.0681179138321966
-1.0681179138321966
-1.0681179138321966
-1.0681179138321966
-0.9520181405895656
-0.9520181405895656
-0.9520181405895691
-0.44117913832199207
-0.27863945578231153
-0.27863945578231153
-0.27863945578231153
-0.27863945578231153
-0.27863945578231153
-0.27863945578231153
-0.27863945578231153
-0.27863945578231153
0.23219954648526198
0.23219954648526198
0.23219954648526198
0.23219954648526198
0.23219954648526198
0.23219954648526198
0.23219954648526198
0.23219954648526198
0.23219954648526198
0.23219954648526198
0.23219954648526198
0.23219954648526198
0.23219954648526198
0.23219954648526553
0.23219954648526553
0.23219954648526553
0.23219954648526553
0.4643990929705204
0.46439909297052395
0.46439909297052395
0.46439909297052395
0.46439909297052395
0.4643990929705204
0.4643990929705204
0.4643990929705204
0.4643990929705204
0.4643990929705275
0.4643990929705275
0.4643990929705275
0.4643990929705275
0.8591383219954665
1.0681179138322037
1.0681179138322037
1.0681179138322037
1.0681179138322037
1.0681179138321966
1.0681179138321966
1.0681179138321966
1.0681179138321966
1.0681179138322037
1.0681179138322037
1.0681179138322037
1.0681179138322037
2.0897959183673507
2.4613151927437613
2.4613151927437613
