OnSet desviation
0
-0.7662585034013607
-0.9287981859410432
-0.9055782312925174
-0.9055782312925169
-0.9520181405895691
-0.9752380952380948
-1.0681179138321992
-1.021678004535147
-1.137777777777778
-1.2306575963718824
-1.2074376417233559
-1.3931972789115639
-1.4860770975056692
-1.5325170068027223
-1.5325170068027223
-1.5557369614512488
-1.4164172335600913
-1.9040362811791383
-1.90403628117914
-1.8808163265306135
-1.8808163265306135
-1.8808163265306135
-1.973696145124718
-1.9504761904761914
-1.9504761904761914
-1.8111564625850338
-1.8111564625850338
-1.8111564625850356
-1.8111564625850338
-1.8111564625850338
-1.8111564625850356
-1.9504761904761914
-1.9504761904761914
-1.9272562358276648
-1.9272562358276666
-1.9272562358276648
-1.927256235827663
-1.927256235827663
-1.9272562358276666
-1.9504761904761914
-1.9504761904761914
-2.0201360544217692
-2.0201360544217692
-2.0201360544217692
-2.0201360544217692
-2.0201360544217692
-2.0201360544217692
-2.0201360544217692
-2.0201360544217692
-2.0201360544217692
-2.0201360544217692
-2.0201360544217692
-2.0201360544217692
-2.1826757369614533
-2.1826757369614533
-2.1362358276643967
-2.1362358276644002
-2.1362358276644002
-2.1362358276644002
-2.1362358276644002
-2.1362358276644002
-2.1362358276644002
-2.1362358276644002
-2.1362358276644002
-2.205895691609978
-2.205895691609978
-2.0201360544217692
-2.0201360544217692
-2.0201360544217692
-2.0201360544217692
-2.0201360544217692
-2.0201360544217692
-2.0201360544217692
-2.0201360544217692
-2.0201360544217692
-2.1130158730158755
-2.1130158730158755
-1.9504761904761914
-1.9504761904761914
-1.9504761904761914
-1.9504761904761914
-1.9504761904761914
-1.9504761904761914
-1.9504761904761914
-1.9504761904761914
-1.8808163265306135
-1.8575963718820852
-1.8575963718820852
-1.8575963718820887
-1.021678004535147
-0.8823582766439912
-0.8823582766439912
-0.8823582766439912
-0.8823582766439912
-0.8823582766439948
-0.8823582766439948
-0.8823582766439948
-0.8823582766439948
-0.13931972789115576
-0.13931972789115576
-0.13931972789115576
-0.13931972789115576
-0.13931972789115932
-0.13931972789115576
-0.13931972789115576
-0.13931972789115576
-0.13931972789115576
-0.13931972789115932
-0.13931972789115932
-0.13931972789115932
-0.13931972789115932
-0.13931972789115576
-0.13931972789115576
-0.13931972789115576
-0.13931972789115576
0.13931972789115576
0.30185941043083986
0.30185941043083986
0.30185941043083986
0.30185941043083986
0.3018594104308363
0.3018594104308363
0.3018594104308363
0.3018594104308363
0.3018594104308363
0.3018594104308363
0.3018594104308363
0.3018594104308363
0.9752380952380975
1.253877551020416
1.253877551020416
1.253877551020416
1.253877551020416
1.253877551020409
1.253877551020409
1.253877551020409
1.253877551020409
1.253877551020409
1.253877551020409
1.253877551020409
1.253877551020409
2.6702947845805056
3.2740136054421782
3.2740136054421782
