OnSet desviation
0
0.2389112312925169
0.08308323356009062
0.15945478231292487
-0.019593170068027188
0.1264382426303854
0.04027010884353732
-0.045898024943309856
-0.039186340136054376
-0.148574428571429
-0.2115226077097505
-0.2280308775510207
-0.4535187392290245
-0.5396868730158726
-0.34721555102040824
-0.34050386621315276
-0.589211682539684
-0.45814608956916203
-0.3503004512471666
-0.3585545861678021
-0.43646858503401553
-0.7465821303854874
-0.7548362653061229
-0.9024101281179142
-0.8874443083900232
-0.8867982165532879
-0.7468323968253969
-0.7468323968253969
-0.7461863049886635
-0.7455402131519282
-0.7455402131519282
-0.7448941213151947
-0.6745881655328816
-0.6745881655328816
-0.4881824365079357
-0.5107562993197288
-0.5101102074829935
-0.5094641156462583
-0.5094641156462583
-0.5088180238095248
-0.4152921133786851
-0.4152921133786851
-0.34498615759637374
-0.34434006575963494
-0.34434006575963494
-0.34369397392290324
-0.34304788208617154
-0.3424017902494363
-0.3417556984126975
-0.3417556984126975
-0.3411096065759658
-0.34046351473923053
-0.34046351473923053
-0.33981742290249173
-0.31595137641723525
-0.31595137641723525
-0.12954564739229113
-0.12889955555555588
-0.12825346371882063
-0.12760737188208893
-0.12760737188208893
-0.12696128004535367
-0.12631518820861487
-0.12631518820861487
-0.12566909637188317
0.014296723356007845
0.014296723356007845
0.27036231632652985
0.2710084081632651
0.27165450000000035
0.27230059183673205
0.27230059183673205
0.2729466836734673
0.2735927755102061
0.2735927755102061
0.2742388673469378
0.27488495918367306
0.27488495918367306
0.5541705068027198
0.5548165986394551
0.5554626904761868
0.5561087823129256
0.5561087823129256
0.5567548741496608
0.5341810113378678
0.5341810113378678
0.6044869671201809
0.6283530136054409
0.6283530136054409
0.6289991054421762
1.4655635646258496
1.8151550680272095
1.8151550680272095
1.8151550680272095
1.8151550680272095
1.8164472517006764
1.8164472517006764
1.8164472517006764
1.8164472517006764
2.746537621315195
2.746537621315195
2.746537621315195
2.746537621315195
2.747829804988662
2.7491219886621323
2.7491219886621323
2.7491219886621323
2.7491219886621323
2.7504141723355993
2.7504141723355993
2.7504141723355993
2.7504141723355993
2.7517063560090698
2.7517063560090698
2.7517063560090698
2.7517063560090698
3.3799373151927448
3.543769181405896
3.543769181405896
3.543769181405896
3.543769181405896
3.5450613650793628
3.5450613650793628
3.5450613650793628
3.5450613650793628
3.5463535487528297
3.5463535487528297
3.5463535487528297
3.5463535487528297
4.499663873015873
4.7795955124716585
4.7795955124716585
4.7795955124716585
4.7795955124716585
4.780887696145129
4.780887696145129
4.780887696145129
4.780887696145129
4.782179879818596
4.782179879818596
4.782179879818596
4.782179879818596
6.4320888435374215
7.270591578231297
7.270591578231297
