OnSet desviation
0
0.262131185941043
0.22240296145124727
0.27555455555555586
0.14294651247165513
0.3586377891156465
0.3421295192743763
0.2791813401360548
0.35555288888888903
0.3622645736961445
0.4154161678004531
0.4221278526077086
0.4056195827664393
0.38911131292517
0.651242498866214
0.6347342290249429
0.5485660952380957
0.7260715975056691
0.7874773265306114
0.7792231916099759
0.724529147392289
0.4144156020408172
0.33650160317460376
0.21214769501133723
0.20389356009070347
0.20453965192743695
0.4141653356009076
0.4141653356009076
0.4148114274376411
0.41545751927437635
0.41545751927437635
0.41610361111110983
0.5328494761904761
0.5328494761904761
0.6031554319727892
0.5805815691609979
0.5812276609977314
0.5818737528344684
0.5818737528344684
0.5825198446712037
0.652825800453515
0.652825800453515
0.653471892290252
0.6541179841269873
0.6541179841269873
0.654764075963719
0.6554101678004542
0.6560562596371895
0.6567023514739248
0.6567023514739248
0.6573484433106564
0.6579945351473953
0.6579945351473953
0.6586406269841305
0.7057266281179153
0.7057266281179153
0.822472493197278
0.8231185850340133
0.823764676870752
0.8244107687074838
0.8244107687074838
0.8250568605442155
0.8257029523809578
0.8257029523809578
0.8263490442176895
0.9430949092970522
0.9430949092970522
1.0366208197278937
1.037266911564629
1.0379130034013606
1.0385590952380959
1.0385590952380959
1.0392051870748311
1.0398512789115664
1.0398512789115664
1.0404973707483016
1.08758337188209
1.08758337188209
1.436528783446711
1.43717487528345
1.4378209671201816
1.4384670589569168
1.4384670589569168
1.4391131507936556
1.4165392879818626
1.4165392879818626
1.4171853798185978
1.5339312448979605
1.5339312448979605
1.5345773367346958
2.0460624308390045
2.418873888888889
2.418873888888889
2.418873888888889
2.418873888888889
2.4201660725623597
2.4201660725623597
2.4201660725623597
2.4201660725623597
3.1180568956916126
3.1180568956916126
3.1180568956916126
3.1180568956916126
3.119349079365083
3.12064126303855
3.12064126303855
3.12064126303855
3.12064126303855
3.1219334467120206
3.1219334467120206
3.1219334467120206
3.1219334467120206
3.123225630385491
3.123225630385491
3.123225630385491
3.123225630385491
3.7050166802721094
3.70630886394558
3.70630886394558
3.70630886394558
3.70630886394558
3.707601047619047
3.707601047619047
3.707601047619047
3.707601047619047
3.708893231292521
3.708893231292521
3.708893231292521
3.708893231292521
4.383564099773242
4.593835875283446
4.593835875283446
4.593835875283446
4.593835875283446
4.595128058956917
4.595128058956917
4.595128058956917
4.595128058956917
4.596420242630391
4.596420242630391
4.596420242630391
4.596420242630391
5.851589977324267
6.45789316553288
6.45789316553288
