OnSet desviation
0
-0.7894784580498866
-0.673378684807256
-0.6965986394557819
-0.6501587301587302
-0.5804988662131514
-0.5108390022675735
-0.48761904761904784
-0.41795918367346907
-0.30185941043083897
-0.18575963718820887
-0.1625396825396832
0.04643990929705133
0.11609977324262921
0.18575963718820887
0.16253968253968232
0.3250793650793664
0.37151927437641774
0.32507936507936463
0.32507936507936463
0.3482993197278912
0.3482993197278912
0.2786394557823133
0.3018594104308381
0.2786394557823133
0.27863945578231153
0.3482993197278912
0.3482993197278912
0.3482993197278912
0.3482993197278912
0.3482993197278912
0.3482993197278912
0.3947392290249443
0.3947392290249443
0.27863945578231153
0.2786394557823133
0.27863945578231153
0.2786394557823133
0.2786394557823133
0.2786394557823151
0.25541950113378675
0.25541950113378675
0.18575963718821242
0.18575963718820887
0.18575963718820887
0.18575963718820887
0.18575963718821242
0.18575963718821242
0.18575963718820887
0.18575963718820887
0.18575963718820887
0.18575963718821242
0.18575963718821242
0.18575963718820887
0.2089795918367372
0.2089795918367372
0.13931972789115576
0.13931972789115576
0.13931972789115932
0.13931972789115932
0.13931972789115932
0.13931972789115576
0.13931972789115932
0.13931972789115932
0.13931972789115932
0.11609977324263099
0.11609977324263099
-0.04643990929704955
-0.04643990929704955
-0.046439909297053106
-0.04643990929704955
-0.04643990929704955
-0.04643990929704955
-0.046439909297053106
-0.046439909297053106
-0.04643990929704955
3.552713678800501e-15
3.552713678800501e-15
0.06965986394557788
0.06965986394558144
0.06965986394558144
0.06965986394557788
0.06965986394557788
0.06965986394558144
0.06965986394558144
0.06965986394558144
3.552713678800501e-15
0.09287981859410621
0.09287981859410621
0.09287981859410621
-0.23219954648525842
-0.20897959183673365
-0.20897959183673365
-0.20897959183673365
-0.20897959183673365
-0.2089795918367301
-0.2089795918367301
-0.2089795918367301
-0.2089795918367301
-0.4411791383219956
-0.4411791383219956
-0.4411791383219956
-0.4411791383219956
-0.44117913832199207
-0.4411791383219956
-0.4411791383219956
-0.4411791383219956
-0.4411791383219956
-0.44117913832199207
-0.44117913832199207
-0.44117913832199207
-0.44117913832199207
-0.44117913832199207
-0.44117913832199207
-0.44117913832199207
-0.44117913832199207
-0.48761904761904873
-0.6501587301587293
-0.6501587301587293
-0.6501587301587293
-0.6501587301587293
-0.6501587301587293
-0.6501587301587293
-0.6501587301587293
-0.6501587301587293
-0.6501587301587222
-0.6501587301587222
-0.6501587301587222
-0.6501587301587222
-0.9287981859410408
-0.9984580498866222
-0.9984580498866222
-0.9984580498866222
-0.9984580498866222
-0.9984580498866222
-0.9984580498866222
-0.9984580498866222
-0.9984580498866222
-0.9984580498866151
-0.9984580498866151
-0.9984580498866151
-0.9984580498866151
-1.3931972789115648
-1.6253968253968267
-1.6253968253968267
