OnSet desviation
0
0.1692513673469388
0.17596305215419505
0.22911464625850364
0.050066693877550694
0.2425380158730155
0.1795898367346931
0.18630152154195034
0.1465732970521536
0.15328498185940997
0.1832166213151929
0.14348839682539616
0.1037601723356012
0.11047185714285845
0.3493830884353759
0.3560947732426314
0.13060691156462667
0.12235277664399113
0.7178174625850335
0.7095633276643998
0.6084293741496598
0.29831582879818797
0.29006169387755243
0.23536764965986556
0.22711351473923003
0.22775960657596528
0.22840569841269875
0.22840569841269875
0.229051790249434
0.22969788208616748
0.22969788208616748
0.23034397392290273
0.43996965759637163
0.43996965759637163
0.603155431972791
0.5805815691609997
0.5812276609977332
0.5818737528344666
0.5818737528344666
0.5825198446712037
0.6992657097505681
0.6992657097505681
0.8392315294784574
0.8398776213151962
0.8398776213151962
0.8405237131519279
0.8411698049886596
0.8418158968253948
0.8424619886621336
0.8424619886621336
0.8431080804988653
0.8437541723356006
0.8437541723356006
0.8444002641723394
1.03080599319728
1.03080599319728
1.1707718129251674
1.1714179047619062
1.1720639965986415
1.1727100884353732
1.1727100884353732
1.1733561802721084
1.1740022721088472
1.1740022721088472
1.174648363945579
1.3842740476190478
1.3842740476190478
1.454580003401361
1.4552260952380962
1.4558721870748315
1.4565182789115632
1.4565182789115632
1.4571643707482984
1.4578104625850372
1.4578104625850372
1.458456554421769
1.5519824648526104
1.5519824648526104
1.668728329931973
1.6693744217687083
1.67002051360544
1.6706666054421788
1.6706666054421788
1.671312697278914
1.648738834467121
1.648738834467121
1.6493849263038562
1.650031018140588
1.650031018140588
1.6506771099773268
1.6513232018140585
1.8615949773242626
1.8615949773242626
1.8615949773242626
1.8615949773242626
1.862887160997733
1.862887160997733
1.862887160997733
1.862887160997733
2.0499389818594125
2.0499389818594125
2.0499389818594125
2.0499389818594125
2.051231165532883
2.05252334920635
2.05252334920635
2.05252334920635
2.05252334920635
2.0538155328798204
2.0538155328798204
2.0538155328798204
2.0538155328798204
2.0551077165532874
2.0551077165532874
2.0551077165532874
2.0551077165532874
2.404699219954651
2.405991403628118
2.405991403628118
2.405991403628118
2.405991403628118
2.4072835873015883
2.4072835873015883
2.4072835873015883
2.4072835873015883
2.4085757709750553
2.4085757709750553
2.4085757709750553
2.4085757709750553
2.6885074104308373
2.6897995941043042
2.6897995941043042
2.6897995941043042
2.6897995941043042
2.691091777777782
2.691091777777782
2.691091777777782
2.691091777777782
2.6923839614512453
2.6923839614512453
2.6923839614512453
2.6923839614512453
2.925875691609974
3.160659605442177
3.160659605442177
