OnSet desviation
0
-0.7894784580498868
-1.0448979591836736
-1.0913378684807258
-1.2074376417233559
-1.3467573696145134
-1.4860770975056683
-1.6253968253968258
-1.741496598639456
-1.8111564625850347
-2.0201360544217684
-2.043356009070294
-2.2523356009070277
-2.2987755102040808
-2.5077551020408144
-2.5541950113378675
-2.647074829931972
-2.763174603174603
-3.018594104308388
-3.0185941043083915
-3.0185941043083897
-3.413333333333332
-3.413333333333332
-3.5062131519274384
-3.506213151927435
-3.5062131519274384
-3.50621315192744
-3.50621315192744
-3.5062131519274367
-3.5062131519274367
-3.5062131519274367
-3.50621315192744
-4.109931972789116
-4.109931972789116
-4.342131519274378
-4.342131519274378
-4.365351473922903
-4.365351473922907
-4.365351473922907
-4.435011337868481
-4.481451247165534
-4.481451247165534
-4.8297505668934235
-4.8297505668934235
-4.8297505668934235
-4.969070294784579
-4.969070294784583
-4.969070294784583
-4.969070294784579
-4.969070294784579
-4.969070294784583
-4.969070294784583
-4.969070294784583
-4.969070294784579
-5.433469387755103
-5.433469387755103
-5.758548752834471
-6.15328798185941
-6.130068027210886
-6.130068027210886
-6.130068027210886
-6.130068027210886
-6.130068027210886
-6.130068027210886
-6.130068027210886
-6.0836281179138325
-6.0836281179138325
-6.571247165532881
-6.687346938775512
-6.687346938775509
-6.687346938775512
-6.687346938775512
-6.965986394557824
-6.919546485260774
-6.919546485260774
-6.919546485260771
-7.174965986394561
-7.174965986394561
-7.407165532879819
-7.407165532879816
-7.407165532879819
-7.407165532879823
-7.407165532879823
-7.616145124716557
-6.66412698412698
-6.66412698412698
-6.8731065759637175
-6.8731065759637175
-6.8731065759637175
-6.849886621315193
-7.546485260770979
-7.918004535147389
-7.918004535147389
-7.918004535147389
-7.918004535147389
-7.918004535147389
-7.918004535147389
-7.918004535147389
-7.918004535147389
-8.707482993197281
-8.707482993197281
-8.707482993197281
-8.707482993197281
-8.707482993197281
-8.823582766439912
-8.823582766439912
-8.823582766439912
-8.823582766439912
-8.010884353741496
-8.010884353741496
-8.010884353741496
-8.010884353741496
-8.010884353741496
-8.010884353741496
-8.010884353741496
-8.010884353741496
-9.520181405895691
-9.520181405895691
-9.520181405895691
-9.520181405895691
-9.520181405895691
-9.520181405895691
-9.520181405895691
-9.520181405895691
-9.520181405895691
-9.520181405895691
-9.520181405895691
-9.520181405895691
-9.520181405895691
-10.309659863945583
-10.425759637188214
-10.425759637188214
-10.425759637188214
-10.425759637188214
-10.425759637188207
-10.425759637188207
-10.425759637188207
-10.425759637188207
-9.195102040816323
-9.195102040816323
-9.195102040816323
-9.195102040816323
-10.890158730158731
-11.656417233560092
-11.656417233560092
