OnSet desviation
0
0.40145091383219944
0.4081625986394557
0.5541940113378683
0.5609056961451251
0.9391366553287988
1.015508204081633
1.3008593446712027
1.377230893424036
1.5697022154195004
1.4835340816326532
1.954644859410429
1.9613565442176863
2.1073879569160994
2.4391790068027213
2.5852104195011325
2.684801922902494
2.8158675158730144
2.970153063492063
2.9618989285714274
2.953644793650792
2.9686106133786847
2.960356478458049
2.905662434240364
2.8974082993197285
2.898054391156462
2.8987004829931955
2.8987004829931955
2.8993465748299325
2.899992666666666
2.899992666666666
2.9006387585033995
3.319244034013604
3.319244034013604
3.3431100804988674
3.320536217687076
3.3211823095238096
3.321828401360543
3.321828401360543
3.32247449319728
3.764299723356009
3.764299723356009
3.7649458151927426
3.765591907029478
3.765591907029478
3.766237998866213
3.766884090702945
3.76753018253968
3.768176274376419
3.768176274376419
3.7688223662131506
3.769468458049886
3.769468458049886
3.770114549886621
4.188719825396824
4.188719825396824
4.375125554421768
4.398991600907028
4.399637692743763
4.400283784580498
4.400283784580498
4.40092987641723
4.401575968253969
4.401575968253969
4.402222060090704
4.704727562358276
4.704727562358276
4.937573200680273
4.938219292517008
4.93886538435374
4.939511476190475
4.939511476190475
5.195577069160997
5.2891029795918385
5.2891029795918385
5.28974907142857
5.383274981859412
5.383274981859412
5.801880257369614
5.8025263492063495
5.803172441043081
5.803818532879816
5.803818532879816
5.943784352607711
6.710688947845803
6.710688947845803
6.711335039682542
6.7119811315192734
6.7119811315192734
6.8519469512471645
6.8525930430839
6.853885226757367
6.853885226757367
6.853885226757367
6.853885226757367
6.855177410430837
6.855177410430837
6.855177410430837
6.855177410430837
7.344088641723356
7.344088641723356
7.344088641723356
7.344088641723356
7.345380825396827
7.578872555555563
7.578872555555563
7.578872555555563
7.578872555555563
7.998123922902497
7.998123922902497
7.998123922902497
7.998123922902497
7.999416106575964
7.999416106575964
7.999416106575964
7.999416106575964
8.000708290249438
8.094880292517011
8.094880292517011
8.094880292517011
8.094880292517011
8.096172476190478
8.096172476190478
8.096172476190478
8.096172476190478
8.097464659863945
8.097464659863945
8.097464659863945
8.097464659863945
8.818575437641723
8.843087575963722
8.843087575963722
8.843087575963722
8.843087575963722
8.844379759637192
8.844379759637192
8.844379759637192
8.844379759637192
9.333290990929708
9.333290990929708
9.333290990929708
9.333290990929708
9.798982267573699
9.80156663492064
9.80156663492064
