OnSet desviation
0
0.47111077777777777
0.5707022811791385
0.8560534217687072
0.8859850612244897
1.3803157936507944
1.4566873424036277
1.8581382562358284
2.0738295328798184
2.2895208095238084
2.5052120861678002
2.860223090702947
3.0294744580498847
3.2916056439909305
3.530516875283446
3.815868015873015
3.9386794739229014
4.139404930839001
4.502670070294782
4.49441593537415
4.486161800453514
4.872646894557823
4.864392759637187
4.949018443310658
4.963984263038547
4.964630354875284
4.965276446712018
4.965276446712018
4.965922538548751
4.966568630385485
4.966568630385485
4.967214722222222
6.221738365079364
6.221738365079364
6.826103277777779
6.803529414965988
6.827395461451246
6.828041553287983
6.828041553287983
6.898347509070295
7.572372285714286
7.572372285714286
8.083857379818593
8.084503471655328
8.084503471655328
8.317349109977322
8.317995201814057
8.318641293650792
8.319287385487527
8.319287385487527
8.319933477324263
8.320579569160998
8.320579569160998
8.321225660997733
9.575749303854874
9.575749303854874
10.272994035147391
10.691599310657594
10.692245402494333
10.692891494331064
10.692891494331064
10.693537586167796
10.694183678004539
10.694183678004539
10.69482976984127
11.18309490929705
11.18309490929705
12.135759141723355
12.252505006802728
12.253151098639457
12.253797190476192
12.253797190476192
12.927821967120185
12.928468058956923
12.928468058956923
12.929114150793652
13.324499471655333
13.324499471655333
14.114624021541953
14.115270113378685
14.11591620521542
14.116562297052159
14.116562297052159
14.790587073696152
14.768013210884355
14.768013210884355
14.977638894557824
14.97828498639456
14.97828498639456
14.978931078231298
15.676175809523812
16.048987267573697
16.048987267573697
16.048987267573697
16.048987267573697
16.050279451247164
16.050279451247164
16.050279451247164
16.050279451247164
17.676968460317468
17.676968460317468
17.676968460317468
17.676968460317468
17.678260643990935
17.981412238095245
17.981412238095245
17.981412238095245
17.981412238095245
17.982704421768712
17.982704421768712
17.982704421768712
17.982704421768712
17.98399660544218
17.98399660544218
17.98399660544218
17.98399660544218
19.494585841269842
19.61197779818594
19.61197779818594
19.61197779818594
19.61197779818594
19.613269981859414
19.613269981859414
19.613269981859414
19.613269981859414
19.61456216553288
19.61456216553288
19.61456216553288
19.61456216553288
21.427010811791387
21.660502541950116
21.660502541950116
21.660502541950116
21.660502541950116
21.661794725623587
21.661794725623587
21.661794725623587
21.661794725623587
21.663086909297053
21.663086909297053
21.663086909297053
21.663086909297053
23.336215827664404
24.105058698412698
24.105058698412698
