OnSet desviation
0
-0.882358276643991
-0.9752380952380955
-1.114557823129252
-1.137777777777777
-1.253877551020408
-1.2538775510204072
-1.3699773242630382
-1.5092970521541949
-1.5325170068027214
-1.8343764172335604
-1.7182766439909312
-1.8808163265306117
-1.9969160997732445
-1.9040362811791383
-2.043356009070296
-2.0665759637188206
-2.1362358276644002
-2.345215419501132
-2.3452154195011357
-2.3452154195011357
-2.7167346938775516
-2.7167346938775516
-2.8560544217687074
-2.879274376417232
-2.8792743764172357
-2.8792743764172357
-2.8792743764172357
-2.879274376417232
-2.879274376417232
-2.879274376417232
-2.8792743764172357
-3.715192743764174
-3.715192743764174
-4.295691609977325
-4.295691609977325
-4.31891156462585
-4.318911564625854
-4.318911564625854
-4.388571428571428
-4.62077097505669
-4.62077097505669
-5.131609977324263
-5.131609977324263
-5.131609977324263
-5.363809523809522
-5.363809523809525
-5.363809523809525
-5.363809523809522
-5.363809523809522
-5.363809523809525
-5.363809523809525
-5.363809523809525
-5.363809523809525
-6.1997278911564635
-6.1997278911564635
-6.710566893424037
-7.1053061224489795
-7.105306122448983
-7.1053061224489795
-7.1053061224489795
-7.1053061224489795
-7.105306122448983
-7.105306122448983
-7.1053061224489795
-7.291065759637188
-7.291065759637188
-8.010884353741496
-8.12698412698413
-8.126984126984127
-8.126984126984127
-8.126984126984127
-8.544943310657597
-8.452063492063495
-8.452063492063495
-8.452063492063491
-8.753922902494331
-8.753922902494331
-9.125442176870749
-9.125442176870745
-9.125442176870749
-9.125442176870752
-9.125442176870752
-9.65950113378685
-8.870022675736962
-8.870022675736962
-9.079002267573692
-9.079002267573696
-9.079002267573696
-8.939682539682543
-9.636281179138322
-10.00780045351474
-10.00780045351474
-10.00780045351474
-10.00780045351474
-10.007800453514736
-10.007800453514736
-10.007800453514736
-10.007800453514736
-11.145578231292522
-11.145578231292522
-11.145578231292522
-11.145578231292522
-11.145578231292518
-11.215238095238092
-11.215238095238092
-11.215238095238092
-11.215238095238092
-10.797278911564625
-10.797278911564625
-10.797278911564625
-10.797278911564625
-10.797278911564625
-10.797278911564625
-10.797278911564625
-10.797278911564625
-12.306575963718814
-12.329795918367338
-12.329795918367338
-12.329795918367338
-12.329795918367338
-12.329795918367346
-12.329795918367346
-12.329795918367346
-12.329795918367346
-12.329795918367346
-12.329795918367346
-12.329795918367346
-12.329795918367346
-13.421133786848074
-13.630113378684804
-13.630113378684804
-13.630113378684804
-13.630113378684804
-13.630113378684804
-13.630113378684804
-13.630113378684804
-13.630113378684804
-13.142494331065755
-13.142494331065755
-13.142494331065755
-13.142494331065755
-14.349931972789115
-15.116190476190468
-15.116190476190468
