OnSet desviation
0
-0.8359183673469388
-0.6733786848072565
-0.7662585034013607
-0.6733786848072558
-0.6501587301587293
-0.5108390022675735
-0.48761904761904695
-0.5108390022675735
-0.4643990929705213
-0.5572789115646266
-0.41795918367347085
-0.37151927437641774
-0.4411791383219974
-0.13931972789115754
-0.23219954648526198
-0.16253968253968232
-0.11609977324263099
-0.06965986394557788
-0.06965986394557788
-0.06965986394557966
-0.046439909297053106
-0.046439909297053106
-0.09287981859410266
-0.11609977324263099
-0.11609977324263099
-0.11609977324263099
-0.11609977324263099
-0.11609977324263099
-0.11609977324263099
-0.11609977324263099
-0.11609977324263099
-0.34829931972789296
-0.34829931972789296
-0.6965986394557824
-0.6965986394557824
-0.6965986394557824
-0.6965986394557824
-0.6965986394557824
-0.6965986394557824
-0.8823582766439912
-0.8823582766439912
-1.0448979591836753
-1.0448979591836753
-1.0448979591836753
-1.137777777777778
-1.137777777777778
-1.137777777777778
-1.137777777777778
-1.137777777777778
-1.137777777777778
-1.137777777777778
-1.137777777777778
-1.1377777777777816
-1.5092970521541957
-1.5092970521541957
-1.695056689342401
-1.6950566893424046
-1.718276643990933
-1.7182766439909294
-1.7182766439909294
-1.7182766439909294
-1.718276643990933
-1.718276643990933
-1.7182766439909294
-1.9504761904761914
-1.9504761904761914
-2.18267573696145
-2.1826757369614533
-2.1826757369614533
-2.18267573696145
-2.18267573696145
-2.321995464852609
-2.275555555555556
-2.275555555555556
-2.275555555555556
-2.3219954648526056
-2.3219954648526056
-2.461315192743765
-2.461315192743765
-2.461315192743765
-2.461315192743765
-2.461315192743765
-2.7863945578231295
-2.948934240362817
-2.948934240362817
-2.94893424036281
-2.9489342403628136
-2.9489342403628136
-2.832834467120186
-2.832834467120179
-2.832834467120186
-2.832834467120186
-2.832834467120186
-2.832834467120186
-2.8328344671201826
-2.8328344671201826
-2.8328344671201826
-2.8328344671201826
-3.1811337868480756
-3.1811337868480756
-3.1811337868480756
-3.1811337868480756
-3.181133786848072
-3.1346938775510154
-3.1346938775510154
-3.1346938775510154
-3.1346938775510154
-3.529433106575965
-3.529433106575965
-3.529433106575965
-3.529433106575965
-3.529433106575965
-3.529433106575965
-3.529433106575965
-3.529433106575965
-3.529433106575958
-3.5526530612244827
-3.5526530612244827
-3.5526530612244827
-3.5526530612244827
-3.5526530612244898
-3.5526530612244898
-3.5526530612244898
-3.5526530612244898
-3.5526530612244898
-3.5526530612244898
-3.5526530612244898
-3.5526530612244898
-3.854512471655326
-3.947392290249425
-3.947392290249425
-3.947392290249425
-3.947392290249425
-3.9473922902494323
-3.9473922902494323
-3.9473922902494323
-3.9473922902494323
-4.690430839002268
-4.690430839002268
-4.690430839002268
-4.690430839002268
-4.202811791383219
-4.202811791383212
-4.202811791383212
