OnSet desviation
0
-0.7894784580498866
-0.7894784580498868
-0.8591383219954647
-0.9520181405895691
-0.9752380952380957
-0.9520181405895691
-1.0681179138321992
-1.0681179138322001
-1.1842176870748302
-1.0681179138321992
-1.2306575963718815
-1.137777777777778
-1.253877551020409
-1.253877551020409
-1.300317460317462
-1.4164172335600895
-1.4628571428571426
-1.5092970521541957
-1.509297052154194
-1.509297052154194
-1.5789569160997718
-1.5789569160997736
-1.5789569160997736
-1.5789569160997754
-1.5789569160997718
-1.5789569160997736
-1.5789569160997736
-1.5789569160997754
-1.5789569160997718
-1.5789569160997718
-1.5789569160997736
-1.7414965986394577
-1.7414965986394577
-1.8343764172335604
-1.9040362811791383
-1.9040362811791383
-1.9040362811791418
-1.9040362811791418
-2.089795918367347
-2.0433560090702976
-2.0433560090702976
-1.9504761904761914
-1.9504761904761914
-1.9504761904761914
-1.950476190476195
-1.9504761904761914
-1.9504761904761914
-1.9504761904761914
-1.9504761904761914
-1.9504761904761914
-1.9504761904761914
-1.9504761904761914
-1.9504761904761914
-2.113015873015872
-2.113015873015872
-2.275555555555556
-2.2291156462585064
-2.2291156462585064
-2.229115646258503
-2.229115646258503
-2.229115646258503
-2.2291156462585064
-2.2291156462585064
-2.229115646258503
-2.229115646258503
-2.229115646258503
-2.461315192743765
-2.4148752834467118
-2.4148752834467153
-2.4148752834467118
-2.4148752834467118
-2.321995464852609
-2.2523356009070277
-2.2523356009070277
-2.252335600907031
-2.8328344671201826
-2.8328344671201826
-2.8096145124716543
-2.809614512471658
-2.809614512471658
-2.9257142857142853
-2.9257142857142853
-2.8560544217687074
-2.7863945578231295
-2.7863945578231295
-2.809614512471658
-2.809614512471658
-2.809614512471658
-3.0882539682539694
-3.111473922902494
-3.1579138321995472
-3.1579138321995472
-3.1579138321995472
-3.1579138321995472
-3.1579138321995472
-3.1579138321995472
-3.1579138321995472
-3.1579138321995472
-3.5526530612244898
-3.5526530612244898
-3.5526530612244898
-3.5526530612244898
-3.5526530612244933
-3.4365532879818623
-3.4365532879818623
-3.4365532879818623
-3.4365532879818623
-3.7151927437641703
-3.7151927437641703
-3.7151927437641703
-3.7151927437641703
-3.7151927437641774
-3.7151927437641774
-3.7151927437641774
-3.7151927437641774
-3.645532879818596
-3.6919727891156455
-3.6919727891156455
-3.6919727891156455
-3.6919727891156455
-3.6919727891156455
-3.6919727891156455
-3.6919727891156455
-3.6919727891156455
-3.6919727891156526
-3.6919727891156526
-3.6919727891156526
-3.6919727891156526
-3.9241723356009075
-3.9241723356009075
-3.9241723356009075
-3.9241723356009075
-3.9241723356009075
-3.9241723356009146
-3.9241723356009146
-3.9241723356009146
-3.9241723356009146
-3.970612244897957
-3.970612244897957
-3.970612244897957
-3.970612244897957
-3.970612244897957
-4.876190476190473
-4.876190476190473
