OnSet desviation
0
-0.6501587301587302
-0.6965986394557824
-0.5572789115646257
-0.5572789115646262
-0.48761904761904784
-0.37151927437641685
-0.25541950113378675
-0.2321995464852611
-0.13931972789115665
-0.16253968253968143
-0.13931972789115576
-0.046439909297053106
0.0
0.09287981859410444
0.11609977324262921
0.046439909297053106
0.046439909297053106
-1.7763568394002505e-15
1.7763568394002505e-15
0.06965986394557966
0.11609977324263099
0.11609977324263099
0.11609977324263099
0.11609977324262921
0.11609977324263099
0.11609977324262921
0.11609977324262921
0.11609977324262921
0.11609977324263099
0.11609977324263099
0.11609977324263099
-1.7763568394002505e-15
-1.7763568394002505e-15
-0.04643990929705488
0.046439909297053106
0.04643990929705133
0.04643990929704955
0.04643990929704955
0.09287981859410266
0.09287981859410266
0.09287981859410266
0.0
0.0
0.0
-3.552713678800501e-15
0.0
0.0
-3.552713678800501e-15
-3.552713678800501e-15
0.0
0.0
0.0
-3.552713678800501e-15
-0.09287981859410266
-0.09287981859410266
-0.09287981859410266
0.04643990929704955
0.04643990929704955
0.046439909297053106
0.046439909297053106
0.04643990929704955
0.04643990929704955
0.04643990929704955
0.046439909297053106
-0.13931972789115576
-0.13931972789115576
-0.046439909297053106
0.023219954648524777
0.023219954648524777
0.02321995464852833
0.02321995464852833
0.11609977324262744
0.18575963718820887
0.18575963718820887
0.18575963718820887
0.023219954648524777
0.023219954648524777
-0.11609977324263099
-0.11609977324263099
-0.11609977324263099
-0.11609977324263099
-0.11609977324263099
0.11609977324262744
-0.18575963718820887
-0.18575963718820887
-0.046439909297053106
-0.046439909297053106
-0.046439909297053106
0.3482993197278894
0.3482993197278894
0.41795918367347085
0.41795918367347085
0.41795918367347085
0.41795918367347085
0.4179591836734673
0.4179591836734673
0.4179591836734673
0.4179591836734673
0.8591383219954629
0.8591383219954629
0.8591383219954629
0.8591383219954629
0.8591383219954629
0.7662585034013567
0.7662585034013567
0.7662585034013567
0.7662585034013567
0.6269387755102009
0.6269387755102009
0.6269387755102009
0.6269387755102009
0.6269387755102009
0.6269387755102009
0.6269387755102009
0.6269387755102009
0.9520181405895656
0.9287981859410408
0.9287981859410408
0.9287981859410408
0.9287981859410408
0.9287981859410408
0.9287981859410408
0.9287981859410408
0.9287981859410408
0.9287981859410408
0.9287981859410408
0.9287981859410408
0.9287981859410408
1.0913378684807284
1.0913378684807213
1.0913378684807213
1.0913378684807213
1.0913378684807213
1.0913378684807213
1.0913378684807213
1.0913378684807213
1.0913378684807213
1.2074376417233594
1.2074376417233594
1.2074376417233594
1.2074376417233594
1.2074376417233523
1.137777777777778
1.137777777777778
