OnSet desviation
0
0.33179104988662134
0.12952314285714284
0.4148742834467116
0.30548619501133745
0.567617380952381
0.4117893832199542
0.6507006145124716
0.5645324807256236
0.7570038027210879
0.5779558503401363
0.7704271723356015
0.6842590385487526
0.8302904512471674
0.8602220907029494
0.8901537301587314
0.8736454603174604
0.911831234693878
0.9732369637188203
0.9649828287981865
0.8870688299319731
0.7627149217687084
0.7544607868480746
0.7462066519274391
0.7611724716553301
0.7618185634920636
0.7624646553287988
0.7624646553287988
0.7631107471655341
0.7637568390022675
0.7637568390022675
0.7644029308390028
1.1830082063492071
1.1830082063492071
1.7177132551020406
1.8576790748299334
1.858325166666667
1.858971258503404
1.858971258503404
2.091816896825396
2.208562761904764
2.208562761904764
2.2092088537414973
2.2098549455782326
2.2098549455782326
2.210501037414968
2.2111471292516995
2.211793221088435
2.21243931292517
2.21243931292517
2.2130854047619053
2.2137314965986405
2.2137314965986405
2.214377588435376
2.818742501133787
2.818742501133787
3.3534475498866207
3.446973460317462
3.4476195521541975
3.448265643990929
3.448265643990929
3.448911735827661
3.449557827664403
3.449557827664403
3.450203919501135
3.4508500113378666
3.4508500113378666
4.148094742630388
4.171960789115648
4.172606880952383
4.173252972789115
4.173252972789115
4.17389906462585
4.174545156462585
4.174545156462585
4.1751912482993205
4.872435979591838
4.872435979591838
5.128501572562357
5.129147664399095
5.129793756235827
5.246539621315193
5.246539621315193
5.572265078231293
5.5729111700680285
5.5729111700680285
5.736096944444448
5.7367430362811795
5.7367430362811795
6.410767812925172
6.434633859410429
6.668125589569161
6.668125589569161
6.668125589569161
6.668125589569161
6.669417773242628
6.669417773242628
6.669417773242628
6.669417773242628
7.854927643990926
7.854927643990926
7.854927643990926
7.854927643990926
7.8562198276644
7.857512011337867
7.857512011337867
7.857512011337867
7.857512011337867
8.532182879818588
8.532182879818588
8.532182879818588
8.532182879818588
8.533475063492062
8.533475063492062
8.533475063492062
8.533475063492062
8.790186748299316
8.861138795918365
8.861138795918365
8.861138795918365
8.861138795918365
8.862430979591831
8.862430979591831
8.862430979591831
8.862430979591831
8.863723163265306
8.863723163265306
8.863723163265306
8.863723163265306
10.026013079365075
10.027305263038542
10.027305263038542
10.027305263038542
10.027305263038542
10.02859744671202
10.02859744671202
10.02859744671202
10.02859744671202
11.098007544217683
11.098007544217683
11.098007544217683
11.098007544217683
11.076079773242625
11.984242371882083
11.984242371882083
