OnSet desviation
0
-0.6965986394557824
-0.7430385487528344
-0.5340589569161001
-0.44117913832199607
-0.3482993197278912
-0.25541950113378675
-0.023219954648526553
0.0
0.20897959183673454
0.06965986394557877
0.25541950113378764
0.25541950113378675
0.41795918367347085
0.5108390022675753
0.5804988662131532
0.6269387755102045
0.6733786848072576
0.6733786848072558
0.6733786848072576
0.7430385487528355
0.8591383219954647
0.8591383219954665
0.8591383219954665
0.8591383219954665
0.8591383219954647
0.8591383219954647
0.8591383219954647
0.8591383219954665
0.8591383219954647
0.8591383219954647
0.8591383219954665
0.9055782312925178
0.9055782312925178
0.9520181405895674
1.1145578231292532
1.1145578231292514
1.1145578231292532
1.1145578231292532
1.3467573696145116
1.300317460317462
1.300317460317462
1.1145578231292532
1.1145578231292532
1.1145578231292532
1.1145578231292532
1.1145578231292532
1.1145578231292532
1.1145578231292497
1.1145578231292497
1.1145578231292532
1.1145578231292532
1.1145578231292532
1.1145578231292497
1.184217687074831
1.184217687074831
1.3467573696145152
1.4396371882086179
1.4396371882086179
1.4396371882086179
1.4396371882086179
1.4396371882086143
1.4396371882086179
1.4396371882086179
1.4396371882086179
1.253877551020409
1.253877551020409
1.5789569160997736
1.6021768707482984
1.602176870748302
1.602176870748302
1.602176870748302
1.6021768707482984
1.6021768707482984
1.6021768707482984
1.602176870748302
2.0201360544217692
2.0201360544217692
1.8575963718820852
1.8575963718820887
1.8575963718820887
1.9736961451247161
1.9736961451247161
2.1362358276643967
1.7647165532879825
1.7647165532879825
1.9272562358276666
1.9272562358276666
1.9272562358276666
2.6006349206349206
2.6238548752834454
2.73995464852608
2.73995464852608
2.73995464852608
2.73995464852608
2.7399546485260764
2.7399546485260764
2.7399546485260764
2.7399546485260764
3.575873015873011
3.575873015873011
3.575873015873011
3.575873015873011
3.5758730158730145
3.3668934240362773
3.3668934240362773
3.3668934240362773
3.3668934240362773
3.5062131519274295
3.5062131519274295
3.5062131519274295
3.5062131519274295
3.5062131519274367
3.5062131519274367
3.5062131519274367
3.5062131519274367
3.76163265306122
3.7848526077097446
3.7848526077097446
3.7848526077097446
3.7848526077097446
3.7848526077097446
3.7848526077097446
3.7848526077097446
3.7848526077097446
3.7848526077097517
3.7848526077097517
3.7848526077097517
3.7848526077097517
4.179591836734694
4.179591836734687
4.179591836734687
4.179591836734687
4.179591836734687
4.179591836734694
4.179591836734694
4.179591836734694
4.179591836734694
4.342131519274375
4.342131519274375
4.342131519274375
4.342131519274375
4.342131519274368
5.178049886621309
5.178049886621309
