OnSet desviation
0
0.37823095918367355
0.17596305215419483
0.39165432879818596
0.18938642176870735
0.42829765306122436
0.2956896099773241
0.41850106802721143
0.3323329342403625
0.4087044829931967
0.3457563038548761
0.37568794331065813
0.3823996281179127
0.41233126757369654
0.44226290702947857
0.4257546371882075
0.293146594104309
0.28489245918367345
0.2998582789115627
0.2916041439909307
0.2136901451247173
0.01967637301587466
0.011422238095239123
0.003168103174603587
0.018133922902492827
0.018780014739229856
0.01942610657596333
0.01942610657596333
0.020072198412696807
0.020718290249433835
0.020718290249433835
0.02136438208616731
0.27742997505668754
0.27742997505668754
0.7192552052154184
0.7895611609977333
0.7902072528344668
0.7908533446712003
0.7908533446712003
0.8379393458049869
1.0011251201814044
1.0011251201814044
1.0946510306122441
1.0952971224489794
1.0952971224489794
1.095943214285711
1.0965893061224463
1.0972353979591816
1.0978814897959168
1.0978814897959168
1.098527581632652
1.0991736734693873
1.0991736734693873
1.0998197653061226
1.5416449954648535
1.5416449954648535
1.913810361678003
2.053776181405894
2.054422273242629
2.0550683650793644
2.0550683650793644
2.055714456916096
2.056360548752835
2.056360548752835
2.05700664058957
2.057652732426302
2.057652732426302
2.522697917233561
2.593003873015874
2.593649964852606
2.594296056689341
2.594296056689341
2.687821967120179
2.7581279229024958
2.7581279229024958
2.7587740147392275
2.8755198798185937
2.8755198798185937
3.1548054274376405
3.1554515192743757
3.1560976111111074
3.1567437029478462
3.1567437029478462
3.552129023809524
3.622434979591837
3.622434979591837
3.762400799319728
3.76304689115646
3.76304689115646
4.158432212018141
4.159078303854873
4.346130124716552
4.346130124716552
4.346130124716552
4.346130124716552
4.347422308390019
4.347422308390019
4.347422308390019
4.347422308390019
5.138192950113378
5.138192950113378
5.138192950113378
5.138192950113378
5.139485133786849
5.256877090702947
5.256877090702947
5.256877090702947
5.256877090702947
5.65290850340136
5.65290850340136
5.65290850340136
5.65290850340136
5.654200687074827
5.654200687074827
5.654200687074827
5.654200687074827
5.980572235827662
6.005084374149661
6.005084374149661
6.005084374149661
6.005084374149661
6.006376557823128
6.006376557823128
6.006376557823128
6.006376557823128
6.007668741496595
6.007668741496595
6.007668741496595
6.007668741496595
6.937759111111109
6.939051294784576
6.939051294784576
6.939051294784576
6.939051294784576
6.940343478458047
6.940343478458047
6.940343478458047
6.940343478458047
7.963313666666668
7.963313666666668
7.963313666666668
7.963313666666668
7.94138589569161
7.943970263038551
7.943970263038551
