OnSet desviation
0
-0.9287981859410429
-0.8126984126984129
-0.7662585034013607
-0.7662585034013603
-0.626938775510204
-0.6037188208616779
-0.48761904761904784
-0.37151927437641685
-0.37151927437641685
-0.2321995464852611
-0.20897959183673454
-0.20897959183673454
-0.09287981859410355
-0.023219954648526553
-0.023219954648526553
0.25541950113378675
0.25541950113378675
0.25541950113378675
0.18575963718820887
0.20897959183673365
0.1857596371882071
0.16253968253968232
0.16253968253968232
0.18575963718820887
0.23219954648526198
0.3018594104308381
0.3018594104308381
0.32507936507936463
0.3250793650793664
0.3250793650793664
0.32507936507936463
0.32507936507936463
0.32507936507936463
0.32507936507936463
0.32507936507936463
0.1857596371882071
0.046439909297053106
0.046439909297053106
0.0
0.0
0.0
0.0
1.7763568394002505e-15
1.7763568394002505e-15
0.0
0.11609977324263099
0.13931972789115754
0.16253968253968232
0.16253968253968232
0.16253968253968232
0.16253968253968232
0.16253968253968232
0.1625396825396841
0.1625396825396841
0.1625396825396841
0.16253968253968232
0.09287981859410266
0.0696598639455761
0.06965986394557788
0.06965986394557788
0.09287981859410266
0.09287981859410266
0.09287981859410266
0.06965986394557433
0.06965986394557788
0.06965986394557788
0.06965986394557788
0.06965986394557433
0.06965986394557788
0.06965986394557788
0.06965986394557788
0.06965986394557433
0.06965986394557433
0.06965986394557433
0.06965986394557788
0.06965986394557788
0.06965986394557788
-0.046439909297053106
-0.06965986394558144
-0.09287981859410621
-0.1625396825396841
-0.1625396825396841
-0.1625396825396841
-0.1625396825396841
-0.1625396825396841
-0.1625396825396841
-0.11609977324263454
-0.11609977324263454
0.046439909297053106
0.13931972789115576
0.1625396825396841
0.1625396825396841
0.1625396825396841
0.1625396825396841
0.16253968253968054
0.16253968253968054
0.16253968253968054
0.16253968253968054
0.16253968253968054
0.16253968253968054
0.16253968253968054
0.16253968253968054
0.16253968253968054
0.06965986394557433
0.06965986394557433
0.06965986394557433
0.06965986394557433
0.023219954648524777
0.023219954648524777
0.023219954648524777
0.023219954648524777
-0.32507936507936463
-0.32507936507936463
-0.32507936507936463
-0.32507936507936463
-0.3250793650793682
-0.32507936507936463
-0.32507936507936463
-0.32507936507936463
-0.32507936507936463
-0.3250793650793682
-0.3250793650793682
-0.3250793650793682
-0.3250793650793682
-0.3250793650793682
-0.3250793650793682
-0.3250793650793682
-0.3250793650793682
-0.32507936507936463
-0.3250793650793682
-0.3250793650793682
-0.3250793650793682
-0.3250793650793682
-0.32507936507936463
-0.32507936507936463
-0.32507936507936463
-0.32507936507936463
-0.41795918367347085
-0.41795918367347085
-0.41795918367347085
-0.41795918367347085
-0.34829931972789296
1.764716553287979
1.764716553287979
