OnSet desviation
0
-0.9055782312925168
-0.6733786848072563
-0.8359183673469386
-0.8359183673469386
-0.6965986394557824
-0.719818594104308
-0.6733786848072558
-0.6733786848072567
-0.5804988662131514
-0.48761904761904784
-0.4643990929705213
-0.41795918367346907
-0.37151927437641596
-0.2321995464852602
-0.20897959183673542
-0.04643990929705133
-0.046439909297053106
-0.11609977324262921
-0.18575963718820887
-0.3482993197278912
-0.37151927437641774
-0.48761904761904695
-0.5804988662131532
-0.6037188208616779
-0.5572789115646248
-0.6037188208616779
-0.6037188208616779
-0.6037188208616779
-0.6037188208616779
-0.6037188208616779
-0.6037188208616779
-0.6037188208616779
-0.6037188208616779
-0.6037188208616779
-0.6037188208616779
-0.7430385487528355
-0.8823582766439895
-0.8823582766439895
-0.9287981859410426
-0.9287981859410444
-0.9287981859410444
-0.9287981859410426
-0.9287981859410426
-0.9287981859410426
-0.9287981859410426
-0.9287981859410426
-0.9520181405895691
-0.9520181405895691
-0.9520181405895691
-0.9520181405895691
-0.9520181405895709
-0.9520181405895709
-0.9520181405895674
-0.9520181405895674
-0.9520181405895674
-0.9520181405895709
-1.0216780045351488
-1.0216780045351488
-1.021678004535147
-1.021678004535147
-0.9752380952380975
-0.9752380952380975
-0.9752380952380975
-0.9984580498866258
-0.9984580498866222
-0.9984580498866222
-0.9984580498866222
-0.9984580498866222
-0.9984580498866222
-0.9984580498866222
-0.9984580498866222
-0.9984580498866222
-0.9984580498866258
-0.9984580498866258
-0.9984580498866222
-0.9984580498866222
-0.9984580498866222
-0.9984580498866222
-1.0216780045351506
-1.0448979591836753
-1.1145578231292532
-1.1145578231292532
-1.1145578231292532
-1.1145578231292532
-1.1145578231292532
-1.0913378684807284
-0.9752380952380975
-0.9752380952380975
-0.8359183673469381
-0.7198185941043107
-0.6733786848072576
-0.6733786848072576
-0.6733786848072576
-0.6733786848072576
-0.6733786848072576
-0.6733786848072576
-0.6733786848072576
-0.6733786848072576
-0.6733786848072576
-0.6733786848072576
-0.6733786848072576
-0.6733786848072576
-0.6733786848072576
-0.7662585034013638
-0.7662585034013638
-0.7662585034013638
-0.7662585034013638
-0.7894784580498886
-0.7894784580498886
-0.7894784580498886
-0.7894784580498886
-0.7662585034013603
-0.7662585034013603
-0.7662585034013603
-0.7662585034013603
-0.4411791383219992
-0.4411791383219956
-0.4411791383219956
-0.4411791383219956
-0.4411791383219956
-0.4411791383219992
-0.4411791383219992
-0.4411791383219992
-0.4411791383219992
-0.4411791383219956
-0.4411791383219956
-0.4411791383219956
-0.4411791383219956
-0.4411791383219956
-0.4411791383219992
-0.4411791383219992
-0.4411791383219992
-0.4411791383219992
-0.4411791383219956
-0.4411791383219956
-0.4411791383219956
-0.4411791383219956
-0.4411791383219992
-0.4411791383219992
-0.4411791383219992
-0.4411791383219992
-0.37151927437641774
1.7414965986394542
1.7414965986394542
