OnSet desviation
0
0.2389112312925169
-0.21877617687074835
-0.02630485487528378
-0.27501267120181394
-0.268300986394558
-0.540228757369615
-0.5335170725623586
-0.6429051609977323
-0.7755132040816335
-0.8616813378684807
-0.9014095623582774
-1.2197772426303866
-1.2827254217687072
-1.3688935555555561
-1.3854018253968245
-1.564449777777778
-1.5727039126984117
-1.4416383197278915
-1.4498924546485252
-1.5974663174603183
-1.9075798628117902
-1.9158339977324257
-1.9240881326530594
-1.932342267573695
-2.0710159036281173
-2.1400296757369617
-2.1400296757369617
-2.1393835839002264
-2.138737492063491
-2.138737492063491
-2.1380914002267577
-2.1374453083900224
-2.1374453083900224
-2.136799216553287
-2.1593730793650785
-2.1587269875283432
-2.1580808956916098
-2.1580808956916098
-2.1574348038548745
-2.1567887120181393
-2.1567887120181393
-2.156142620181406
-2.1554965283446688
-2.1554965283446688
-2.154850436507937
-2.1542043446712036
-2.246438071428571
-2.2457919795918357
-2.2457919795918357
-2.2451458877551023
-2.2444997959183652
-2.2444997959183652
-2.24385370408163
-2.2432076122448983
-2.2432076122448983
-2.242561520408163
-2.241915428571428
-2.3805890646258483
-2.4960427460317476
-2.4960427460317476
-2.5418365634920654
-2.5411904716553266
-2.5411904716553266
-2.5405443798185914
-2.5398982879818597
-2.5398982879818597
-2.5392521961451244
-2.538606104308389
-2.537960012471654
-2.5373139206349222
-2.5373139206349222
-2.536667828798187
-2.536021736961448
-2.536021736961448
-2.5353756451247165
-2.534729553287981
-2.534729553287981
-2.650183234693877
-2.6495371428571417
-2.64889105102041
-2.648244959183671
-2.648244959183671
-2.647598867346936
-2.670172730158729
-2.670172730158729
-2.6927465929705185
-2.808200274376418
-2.808200274376418
-2.9468739104308384
-3.062327591836734
-3.1074753174603167
-3.1074753174603167
-3.1074753174603167
-3.1074753174603167
-3.1061831337868497
-3.1061831337868497
-3.1061831337868497
-3.1061831337868497
-3.1048909501133757
-3.1048909501133757
-3.1048909501133757
-3.1048909501133757
-3.1035987664399087
-3.1023065827664382
-3.1023065827664382
-3.1023065827664382
-3.1023065827664382
-3.124234353741496
-3.124234353741496
-3.124234353741496
-3.124234353741496
-3.5409013537414964
-3.5409013537414964
-3.5409013537414964
-3.5409013537414964
-3.8646885351473905
-3.8633963514739236
-3.8633963514739236
-3.8633963514739236
-3.8633963514739236
-3.862104167800453
-3.862104167800453
-3.862104167800453
-3.862104167800453
-3.860811984126986
-3.860811984126986
-3.860811984126986
-3.860811984126986
-3.8595198004535156
-3.858227616780045
-3.858227616780045
-3.858227616780045
-3.858227616780045
-3.8569354331065746
-3.8569354331065746
-3.8569354331065746
-3.8569354331065746
-3.855643249433104
-3.855643249433104
-3.855643249433104
-3.855643249433104
-3.877571020408162
-3.8749866530612245
-3.8749866530612245
