OnSet desviation
0
0.1692513673469389
-0.05623649433106581
-0.026304854875283556
-0.27501267120181394
-0.12898125850340136
-0.42412898412698397
-0.3709773900226754
-0.48036547845805
-0.5200937029478458
-0.5133820181405895
-0.5298902879818597
-0.8018180589569166
-0.8183263287981841
-0.7651747346938773
-0.7584630498866218
-0.7749713197278911
-0.7832254546485267
-0.7218197256235825
-0.799733724489796
-1.1098472698412714
-1.4431807698412698
-1.5675346780045345
-1.6686686315192745
-1.7001427210884348
-1.792376447845804
-1.9078301292517015
-1.9078301292517015
-1.9071840374149662
-1.906537945578231
-1.906537945578231
-1.9058918537414975
-1.9052457619047622
-1.9052457619047622
-1.904599670068027
-1.9271735328798183
-2.0658471689342406
-2.204520804988661
-2.204520804988661
-2.250314622448979
-2.2496685306122455
-2.2496685306122455
-2.2490224387755102
-2.248376346938773
-2.248376346938773
-2.2477302551020415
-2.247084163265308
-2.362537844671202
-2.3618917528344667
-2.3618917528344667
-2.3612456609977333
-2.360599569160998
-2.360599569160998
-2.359953477324259
-2.3593073854875275
-2.3593073854875275
-2.358661293650796
-2.4276750657596384
-2.566348701814059
-2.6818023832199565
-2.6818023832199565
-2.6811562913832248
-2.680510199546486
-2.680510199546486
-2.703084062358279
-2.7024379705215438
-2.7024379705215438
-2.7017918786848085
-2.7011457868480733
-2.700499695011338
-2.6998536031746063
-2.6998536031746063
-2.699207511337871
-2.698561419501136
-2.698561419501136
-2.6979153276644006
-2.6972692358276653
-2.6972692358276653
-2.812722917233561
-2.835296780045354
-2.857870642857147
-2.9268844149659863
-2.9268844149659863
-2.926238323129251
-2.948812185941044
-2.948812185941044
-2.948166094104309
-2.947520002267577
-2.947520002267577
-2.9468739104308384
-2.9462278185941067
-2.944935634920636
-2.944935634920636
-2.944935634920636
-2.944935634920636
-2.943643451247169
-2.943643451247169
-2.943643451247169
-2.943643451247169
-2.942351267573695
-2.942351267573695
-2.942351267573695
-2.942351267573695
-2.941059083900228
-3.032646718820864
-3.032646718820864
-3.032646718820864
-3.032646718820864
-3.0777944444444465
-3.0777944444444465
-3.0777944444444465
-3.0777944444444465
-3.4712414897959185
-3.4712414897959185
-3.4712414897959185
-3.4712414897959185
-3.4699493061224516
-3.468657122448981
-3.468657122448981
-3.468657122448981
-3.468657122448981
-3.467364938775514
-3.467364938775514
-3.467364938775514
-3.467364938775514
-3.4660727551020436
-3.4660727551020436
-3.4660727551020436
-3.4660727551020436
-3.464780571428573
-3.463488387755106
-3.463488387755106
-3.463488387755106
-3.463488387755106
-3.462196204081632
-3.462196204081632
-3.462196204081632
-3.462196204081632
-3.460904020408165
-3.460904020408165
-3.460904020408165
-3.460904020408165
-3.4131719274376415
-1.2975716870748322
-1.2975716870748322
