OnSet desviation
0
-0.8359183673469387
-0.719818594104308
-0.9287981859410426
-0.928798185941043
-0.928798185941043
-0.9752380952380948
-1.0448979591836727
-1.1609977324263046
-1.0681179138321992
-1.1145578231292514
-1.1145578231292514
-1.0681179138321992
-1.137777777777777
-1.0681179138321983
-1.0448979591836736
-1.1609977324263028
-1.1609977324263046
-1.2306575963718807
-1.2306575963718824
-1.4164172335600895
-1.4164172335600895
-1.509297052154194
-1.6021768707483002
-1.6486167800453515
-1.6486167800453515
-1.7647165532879807
-1.7647165532879807
-1.7879365079365073
-1.787936507936509
-1.787936507936509
-1.7879365079365073
-1.7879365079365073
-1.7879365079365073
-1.7879365079365073
-1.7879365079365073
-1.7879365079365073
-1.7879365079365073
-1.7879365079365073
-1.7879365079365073
-1.787936507936509
-1.787936507936509
-1.7879365079365073
-1.787936507936509
-1.787936507936509
-1.7879365079365073
-1.9040362811791383
-1.9504761904761914
-1.9736961451247161
-1.9736961451247161
-1.9736961451247161
-1.973696145124718
-1.973696145124718
-1.9736961451247161
-1.9736961451247161
-1.9736961451247161
-1.973696145124718
-1.9736961451247161
-1.9504761904761896
-1.9504761904761896
-1.9504761904761896
-1.9272562358276648
-1.9272562358276648
-1.9272562358276648
-1.9272562358276648
-1.9272562358276648
-1.9272562358276648
-1.9272562358276666
-1.927256235827663
-1.9272562358276666
-1.9272562358276666
-1.9272562358276666
-1.927256235827663
-1.9272562358276666
-1.9272562358276666
-1.9272562358276666
-1.9272562358276666
-1.9272562358276666
-1.8111564625850356
-1.8111564625850356
-1.8111564625850356
-1.8111564625850356
-1.8111564625850356
-1.8111564625850356
-1.8111564625850356
-1.8111564625850356
-1.7879365079365108
-1.7182766439909294
-1.7182766439909294
-1.7414965986394577
-1.718276643990933
-1.6950566893424082
-1.6950566893424082
-1.6950566893424082
-1.6950566893424082
-1.6950566893424046
-1.6950566893424046
-1.6950566893424046
-1.6950566893424046
-1.6950566893424046
-1.6950566893424046
-1.6950566893424046
-1.6950566893424046
-1.6950566893424046
-1.6950566893424046
-1.6950566893424046
-1.6950566893424046
-1.6950566893424046
-1.6718367346938798
-1.6718367346938798
-1.6718367346938798
-1.6718367346938798
-1.300317460317462
-1.300317460317462
-1.300317460317462
-1.300317460317462
-0.9752380952380975
-0.9752380952380975
-0.9752380952380975
-0.9752380952380975
-0.9752380952380975
-0.9752380952380975
-0.9752380952380975
-0.9752380952380975
-0.9752380952380975
-0.9752380952380939
-0.9752380952380939
-0.9752380952380939
-0.9752380952380939
-0.9752380952380975
-0.9752380952380975
-0.9752380952380975
-0.9752380952380975
-0.9752380952380975
-0.9752380952380975
-0.9752380952380975
-0.9752380952380975
-0.9752380952380975
-0.8823582766439948
-0.8823582766439948
-0.8823582766439948
-0.8823582766439948
-0.8823582766439912
-0.8823582766439912
-0.8823582766439912
