OnSet desviation
0
0.238911231292517
-0.10267640362811759
-0.11918467346938755
-0.3678924897959184
-0.361180804988662
-0.6795484852607707
-0.7424966643990922
-0.9679845260770978
-1.0077127505668937
-1.140320793650793
-1.1800490181405898
-1.4519767891156468
-1.5845848321995453
-1.6010931020408155
-1.59438141723356
-1.8895291428571426
-1.897783277777778
-1.836377548752834
-1.8446316836734695
-2.1779651836734697
-2.4880787290249415
-2.5892126825396815
-2.6903466360544215
-2.7450406802721083
-2.8837143163265306
-3.0688278616780043
-3.0688278616780043
-3.0914017244897956
-3.090755632653062
-3.090755632653062
-3.090109540816327
-3.0894634489795916
-3.0894634489795916
-3.0888173571428563
-3.1113912199546476
-3.1107451281179124
-3.110099036281179
-3.110099036281179
-3.1094529444444436
-3.10880685260771
-3.10880685260771
-3.108160760770975
-3.1075146689342397
-3.1075146689342397
-3.106868577097506
-3.2223222585034037
-3.360995894557824
-3.3835697573696137
-3.3835697573696137
-3.3829236655328803
-3.382277573696145
-3.382277573696145
-3.381631481859408
-3.3809853900226763
-3.3809853900226763
-3.380339298185943
-3.379693206349206
-3.4951468877550997
-3.610600569160999
-3.610600569160999
-3.633174431972792
-3.6325283401360533
-3.6325283401360533
-3.631882248299318
-3.6312361564625864
-3.6312361564625864
-3.630590064625853
-3.629943972789114
-3.6292978809523824
-3.6286517891156507
-3.6286517891156507
-3.628005697278912
-3.6273596054421766
-3.6273596054421766
-3.626713513605445
-3.6260674217687097
-3.6260674217687097
-3.6254213299319744
-3.624775238095239
-3.6241291462585075
-3.6234830544217687
-3.6234830544217687
-3.6228369625850334
-3.6454108253968265
-3.6454108253968265
-3.6447647335600912
-3.690558551020409
-3.690558551020409
-3.852452141723358
-3.944685868480729
-3.9666136394557867
-3.9666136394557867
-3.9666136394557867
-3.9666136394557867
-3.965321455782316
-3.965321455782316
-3.965321455782316
-3.965321455782316
-3.964029272108842
-3.964029272108842
-3.964029272108842
-3.964029272108842
-3.962737088435375
-3.9614449047619047
-3.9614449047619047
-3.9614449047619047
-3.9614449047619047
-3.9601527210884377
-3.9601527210884377
-3.9601527210884377
-3.9601527210884377
-4.00530044671202
-4.00530044671202
-4.00530044671202
-4.00530044671202
-4.00400826303855
-4.002716079365083
-4.002716079365083
-4.002716079365083
-4.002716079365083
-4.001423895691612
-4.001423895691612
-4.001423895691612
-4.001423895691612
-4.000131712018142
-4.000131712018142
-4.000131712018142
-4.000131712018142
-3.998839528344675
-3.9975473446712044
-3.9975473446712044
-3.9975473446712044
-3.9975473446712044
-3.996255160997734
-3.996255160997734
-3.996255160997734
-3.996255160997734
-3.9020831587301608
-3.9020831587301608
-3.9020831587301608
-3.9020831587301608
-3.924010929705215
-3.9214265623582776
-3.9214265623582776
