OnSet desviation
0
-0.6733786848072562
-0.6037188208616779
-0.3250793650793651
-0.1393197278911562
-0.04643990929705222
0.04643990929705222
0.18575963718820887
0.30185941043083897
0.650158730158731
0.9055782312925178
0.9520181405895691
1.1145578231292514
1.4164172335600913
1.6486167800453515
1.9040362811791383
1.973696145124718
2.1130158730158737
2.1130158730158737
2.1130158730158737
2.043356009070296
1.857596371882087
1.787936507936509
1.7647165532879807
1.7647165532879807
1.6950566893424028
1.5325170068027205
1.5325170068027205
1.5325170068027187
1.5325170068027187
1.5325170068027187
1.5325170068027205
1.4860770975056674
1.4860770975056674
1.4628571428571409
1.4628571428571409
1.462857142857139
1.4628571428571426
1.4628571428571426
1.4628571428571426
1.462857142857139
1.462857142857139
1.4628571428571426
1.4628571428571426
1.4628571428571426
1.462857142857139
1.462857142857139
1.3699773242630364
1.184217687074831
1.184217687074831
1.1842176870748276
1.1842176870748276
1.1842176870748276
1.184217687074831
1.3003174603174585
1.3003174603174585
1.3003174603174585
1.3003174603174585
1.3003174603174585
1.2074376417233523
1.2074376417233523
1.2074376417233559
1.2074376417233559
1.2074376417233559
1.2074376417233523
1.2074376417233559
1.2074376417233559
1.3003174603174585
1.3003174603174585
1.3003174603174585
1.3003174603174585
1.3003174603174585
1.3003174603174585
1.2538775510204054
1.2538775510204054
1.2538775510204054
1.253877551020409
1.253877551020409
1.2538775510204054
1.2538775510204054
1.253877551020409
1.4164172335600895
1.4164172335600895
1.6021768707482984
1.648616780045348
1.648616780045348
1.648616780045348
1.6486167800453515
1.6486167800453515
1.9736961451247161
2.3452154195011303
2.229115646258503
2.229115646258503
2.229115646258503
2.229115646258503
2.229115646258503
2.229115646258503
2.229115646258503
2.229115646258503
2.229115646258503
2.229115646258503
2.229115646258503
2.229115646258503
2.2291156462584993
2.229115646258503
2.229115646258503
2.229115646258503
2.229115646258503
2.972154195011335
2.972154195011335
2.972154195011335
2.972154195011335
2.94893424036281
2.94893424036281
2.94893424036281
2.94893424036281
2.995374149659863
3.1114739229024906
3.1114739229024906
3.1114739229024906
3.1114739229024906
3.111473922902494
3.111473922902494
3.111473922902494
3.111473922902494
3.111473922902494
3.111473922902494
3.111473922902494
3.111473922902494
3.6919727891156455
3.6919727891156455
3.6919727891156455
3.6919727891156455
3.6919727891156455
3.900952380952379
3.900952380952379
3.900952380952379
3.900952380952379
4.643990929705211
4.643990929705211
4.643990929705211
4.643990929705211
4.643990929705211
5.456689342403621
5.456689342403621
