OnSet desviation
0
0.30857109523809534
0.43138255328798203
0.6702937845804988
0.7698852879818596
1.101676337868481
1.0619481133786843
1.2776393900226761
1.377230893424036
1.7554618526077101
1.855053356009071
2.0939645873015866
2.2399959999999997
2.5485670952380968
2.741038417233561
3.0031696031746034
3.0795411519274385
3.257046654195012
3.272012473922903
3.2637583390022673
3.185844340136054
2.8989507494331086
2.821036750566895
2.7199027970521534
2.7348686167800444
2.596194980725622
2.434301390022675
2.434301390022675
2.4349474818594086
2.435593573696142
2.435593573696142
2.436239665532879
2.4368857573696125
2.4368857573696125
2.437531849206348
2.4149579863945565
2.41560407823129
2.416250170068027
2.416250170068027
2.4168962619047605
2.417542353741494
2.417542353741494
2.418188445578231
2.4188345374149662
2.4188345374149662
2.419480629251698
2.4201267210884296
2.3278929943310622
2.142779448979592
2.142779448979592
2.143425540816324
2.144071632653059
2.144071632653059
2.144717724489798
2.2614635895691606
2.2614635895691606
2.2621096814058923
2.2627557732426276
2.2634018650793664
2.171168138321992
2.171168138321992
2.171814230158727
2.172460321995466
2.172460321995466
2.1731064138321976
2.173752505668933
2.173752505668933
2.2672784160997708
2.2679245079365096
2.2685705997732413
2.269216691609973
2.269216691609973
2.269862783446708
2.224068965986394
2.224068965986394
2.2247150578231256
2.2253611496598644
2.2253611496598644
2.226007241496596
2.2266533333333314
2.2272994251700666
2.227945517006802
2.227945517006802
2.228591608843537
2.206017746031744
2.206017746031744
2.2066638378684793
2.2073099297052146
2.2073099297052146
2.5330353866213144
2.905200752834464
3.2083523469387742
3.2083523469387742
3.2083523469387742
3.2083523469387742
3.209644530612241
3.209644530612241
3.209644530612241
3.209644530612241
3.2109367142857153
3.2109367142857153
3.2109367142857153
3.2109367142857153
3.212228897959182
3.2135210816326527
3.2135210816326527
3.2135210816326527
3.2135210816326527
3.957851814058955
3.957851814058955
3.957851814058955
3.957851814058955
3.9591439977324256
3.9591439977324256
3.9591439977324256
3.9591439977324256
4.076535954648524
4.0778281383219905
4.0778281383219905
4.0778281383219905
4.0778281383219905
4.079120321995465
4.079120321995465
4.079120321995465
4.079120321995465
4.0804125056689315
4.0804125056689315
4.0804125056689315
4.0804125056689315
4.894403102040815
4.895695285714282
4.895695285714282
4.895695285714282
4.895695285714282
5.10596706122449
5.10596706122449
5.10596706122449
5.10596706122449
5.989617521541948
5.989617521541948
5.989617521541948
5.989617521541948
5.96768975056689
6.782972530612241
6.782972530612241
