OnSet desviation
0
-0.7894784580498867
-0.8359183673469386
-0.6501587301587302
-0.4876190476190474
-0.41795918367346996
-0.32507936507936463
-0.25541950113378675
-0.2321995464852602
-0.04643990929705222
0.2786394557823124
0.11609977324262921
0.2321995464852602
0.3947392290249425
0.5108390022675717
0.7430385487528337
0.6501587301587293
0.6501587301587293
0.6733786848072558
0.6733786848072558
0.4643990929705222
0.2321995464852602
0.16253968253968232
0.13931972789115576
0.04643990929705133
-0.023219954648526553
-0.20897959183673542
-0.20897959183673542
-0.20897959183673542
-0.20897959183673542
-0.20897959183673542
-0.13931972789115754
-0.18575963718821065
-0.18575963718821065
-0.20897959183673365
-0.2089795918367372
-0.2786394557823133
-0.27863945578231153
-0.27863945578231153
-0.27863945578231153
-0.27863945578231153
-0.27863945578231153
-0.27863945578231153
-0.27863945578231153
-0.27863945578231153
-0.2786394557823151
-0.27863945578231153
-0.27863945578231153
-0.27863945578231153
-0.27863945578231153
-0.27863945578231153
-0.27863945578231153
-0.27863945578231153
-0.27863945578231153
-0.27863945578231153
-0.27863945578231153
-0.27863945578231153
-0.27863945578231153
-0.37151927437641774
-0.4411791383219956
-0.4411791383219956
-0.4411791383219956
-0.44117913832199207
-0.44117913832199207
-0.4411791383219956
-0.4411791383219956
-0.4411791383219956
-0.44117913832199207
-0.4411791383219956
-0.4411791383219956
-0.4411791383219956
-0.4411791383219956
-0.44117913832199207
-0.4411791383219956
-0.4411791383219956
-0.4411791383219956
-0.44117913832199207
-0.44117913832199207
-0.4411791383219956
-0.4411791383219956
-0.44117913832199207
-0.27863945578231153
-0.27863945578231153
-0.09287981859410266
0.5340589569160983
0.5340589569160983
0.5340589569161018
0.5340589569161018
0.5340589569161018
0.5340589569161018
0.5340589569160983
0.11609977324263099
0.11609977324263099
0.11609977324263099
0.11609977324263099
0.11609977324263454
0.11609977324263454
0.11609977324263454
0.11609977324263454
0.11609977324263099
0.11609977324263099
0.11609977324263099
0.11609977324263099
0.11609977324263099
-0.13931972789115576
-0.13931972789115576
-0.13931972789115576
-0.13931972789115576
-0.13931972789115576
-0.13931972789115576
-0.13931972789115576
-0.13931972789115576
0.20897959183673365
0.20897959183673365
0.20897959183673365
0.20897959183673365
0.39473922902494607
0.5108390022675771
0.5108390022675771
0.5108390022675771
0.5108390022675771
0.5108390022675735
0.5108390022675735
0.5108390022675735
0.5108390022675735
0.5108390022675771
0.5108390022675771
0.5108390022675771
0.5108390022675771
0.9287981859410444
0.9287981859410444
0.9287981859410444
0.9287981859410444
0.9287981859410444
0.9287981859410444
0.9287981859410444
0.9287981859410444
0.9287981859410444
1.6718367346938763
1.6718367346938763
1.6718367346938763
1.6718367346938763
1.6718367346938763
1.6718367346938763
1.6718367346938763
