OnSet desviation
0
-0.7894784580498865
-0.6733786848072563
-0.5804988662131518
-0.5572789115646257
-0.5340589569160992
-0.5340589569161001
-0.4643990929705213
-0.37151927437641774
-0.20897959183673365
-0.27863945578231153
-0.06965986394557788
-0.023219954648526553
0.11609977324263099
0.23219954648526198
0.25541950113378675
0.41795918367347085
0.5572789115646266
0.5340589569161001
0.5340589569161001
0.6733786848072558
0.7198185941043089
0.7198185941043089
0.7198185941043072
0.8126984126984116
0.8126984126984116
0.8359183673469381
0.8359183673469381
0.8359183673469364
0.8359183673469364
0.8359183673469364
0.7662585034013603
0.7662585034013603
0.7662585034013603
0.7662585034013567
0.7662585034013603
0.8359183673469346
0.8359183673469381
0.8359183673469381
0.8359183673469381
0.8359183673469346
0.8359183673469346
0.8359183673469381
0.8359183673469381
0.8359183673469381
0.8359183673469381
0.8359183673469346
0.7430385487528319
0.5572789115646266
0.5572789115646266
0.5572789115646231
0.5572789115646231
0.5572789115646231
0.5572789115646266
0.673378684807254
0.673378684807254
0.673378684807254
0.673378684807254
0.7662585034013603
0.7430385487528319
0.7430385487528319
0.7430385487528355
0.7430385487528319
0.7430385487528319
0.7430385487528319
0.7430385487528355
0.7430385487528355
0.8359183673469346
0.8359183673469381
0.8359183673469381
0.8359183673469381
0.8359183673469381
0.8359183673469346
0.789478458049885
0.789478458049885
0.789478458049885
0.789478458049885
0.789478458049885
0.789478458049885
0.789478458049885
0.789478458049885
0.789478458049885
0.789478458049885
0.789478458049885
0.20897959183673365
0.20897959183673365
0.2089795918367301
0.20897959183673365
0.20897959183673365
0.5340589569160983
0.905578231292516
1.2074376417233559
1.2074376417233559
1.2074376417233559
1.2074376417233559
1.2074376417233523
1.2074376417233523
1.2074376417233523
1.2074376417233523
1.2074376417233559
1.2074376417233559
1.2074376417233559
1.2074376417233559
1.2074376417233523
1.4628571428571426
1.4628571428571426
1.4628571428571426
1.4628571428571426
2.2058956916099746
2.2058956916099746
2.2058956916099746
2.2058956916099746
1.8343764172335604
1.8343764172335604
1.8343764172335604
1.8343764172335604
1.695056689342401
1.6950566893423975
1.6950566893423975
1.6950566893423975
1.6950566893423975
1.6950566893424046
1.6950566893424046
1.6950566893424046
1.6950566893424046
1.695056689342401
1.695056689342401
1.695056689342401
1.695056689342401
1.8575963718820852
1.8575963718820852
1.8575963718820852
1.8575963718820852
1.8575963718820852
2.066575963718819
2.066575963718819
2.066575963718819
2.066575963718819
2.066575963718819
2.066575963718819
2.066575963718819
2.066575963718819
2.066575963718819
2.8792743764172286
2.8792743764172286
