OnSet desviation
0
-0.9752380952380955
-1.0913378684807253
-1.0913378684807253
-1.0448979591836736
-1.0216780045351475
-1.021678004535147
-1.1609977324263046
-1.0681179138322001
-0.9984580498866213
-0.9520181405895691
-0.9287981859410426
-0.9520181405895691
-0.8359183673469381
-0.8359183673469381
-0.8126984126984134
-0.8591383219954647
-0.8591383219954647
-0.8591383219954647
-0.9055782312925178
-1.1145578231292514
-1.3003174603174603
-1.3003174603174603
-1.4164172335600895
-1.4860770975056674
-1.671836734693878
-1.6718367346938763
-1.6718367346938763
-1.6718367346938763
-1.8343764172335604
-1.8343764172335604
-2.1594557823129232
-2.2987755102040826
-2.2987755102040826
-2.2987755102040808
-2.2987755102040808
-2.2987755102040808
-2.7399546485260764
-2.7399546485260764
-2.7399546485260764
-3.227573696145125
-3.227573696145125
-3.529433106575965
-3.6687528344671207
-3.6687528344671207
-3.668752834467117
-3.715192743764174
-3.8545124716553296
-3.854512471655326
-3.854512471655326
-3.9241723356009075
-4.0402721088435385
-4.0402721088435385
-4.504671201814059
-4.504671201814059
-4.504671201814059
-4.643990929705215
-4.7136507936507925
-4.713650793650796
-5.038730158730157
-5.038730158730157
-5.038730158730157
-5.38702947845805
-5.38702947845805
-5.479909297052156
-5.479909297052153
-5.479909297052153
-5.8514285714285705
-5.874648526077099
-5.897868480725624
-6.060408163265304
-6.060408163265304
-6.362267573696144
-6.362267573696148
-6.362267573696148
-6.733786848072562
-6.80344671201814
-6.80344671201814
-6.919546485260771
-6.919546485260771
-6.919546485260771
-6.664126984126984
-6.664126984126984
-6.1997278911564635
-6.1997278911564635
-6.1997278911564635
-6.408707482993197
-6.664126984126984
-6.664126984126984
-6.849886621315193
-7.778684807256237
-7.778684807256237
-7.778684807256237
-7.778684807256237
-7.778684807256237
-7.801904761904762
-7.801904761904762
-7.801904761904762
-7.801904761904762
-7.801904761904758
-7.801904761904758
-7.801904761904758
-7.801904761904758
-7.8019047619047655
-7.894784580498868
-7.894784580498868
-7.894784580498868
-7.894784580498868
-8.568163265306119
-8.568163265306119
-8.568163265306119
-8.568163265306119
-8.335963718820864
-8.335963718820864
-8.335963718820864
-8.335963718820864
-8.335963718820864
-8.452063492063491
-8.452063492063491
-8.452063492063491
-8.452063492063491
-8.59138321995465
-8.59138321995465
-8.59138321995465
-8.59138321995465
-8.753922902494331
-8.753922902494331
-8.753922902494331
-8.753922902494331
-8.707482993197278
-8.962902494331065
-8.962902494331065
-8.962902494331065
-8.962902494331065
-9.218321995464855
-9.218321995464855
-9.218321995464855
-9.218321995464855
-9.102222222222224
-9.102222222222224
-9.102222222222224
-9.102222222222224
-9.218321995464855
-9.682721088435372
-9.682721088435372
