OnSet desviation
0
-0.9984580498866216
-0.9984580498866213
-0.9984580498866213
-0.9984580498866213
-0.9984580498866218
-1.021678004535147
-1.021678004535148
-1.0448979591836745
-0.9984580498866213
-1.021678004535147
-0.9752380952380939
-0.8591383219954647
-0.8359183673469381
-0.7894784580498868
-0.7894784580498868
-0.6965986394557824
-0.6965986394557824
-0.6733786848072558
-0.7198185941043089
-0.8591383219954647
-0.7662585034013603
-0.7662585034013603
-0.7662585034013603
-0.8359183673469381
-0.8359183673469399
-0.8359183673469381
-0.8359183673469381
-0.8359183673469381
-0.8359183673469381
-0.8359183673469381
-0.8359183673469381
-0.9752380952380939
-0.9752380952380939
-0.9752380952380939
-0.9752380952380939
-0.9752380952380939
-0.9752380952380975
-0.9752380952380975
-0.9752380952380939
-0.9984580498866222
-0.9984580498866222
-1.1609977324263028
-1.1609977324263063
-1.1609977324263063
-1.1609977324263028
-1.1609977324263028
-1.1609977324263063
-1.1377777777777744
-1.1377777777777744
-1.1842176870748276
-1.184217687074831
-1.184217687074831
-1.184217687074831
-1.1842176870748276
-1.1842176870748276
-1.3235374149659869
-1.3931972789115648
-1.3931972789115648
-1.3931972789115612
-1.3931972789115612
-1.3931972789115648
-1.5557369614512488
-1.5557369614512488
-1.5557369614512488
-1.5557369614512453
-1.5557369614512453
-1.57895691609977
-1.5789569160997736
-1.5789569160997736
-1.57895691609977
-1.57895691609977
-1.6253968253968267
-1.6253968253968267
-1.6253968253968267
-1.6718367346938763
-1.7182766439909294
-1.7182766439909294
-1.7414965986394542
-1.7414965986394577
-1.7414965986394542
-2.8096145124716543
-2.8096145124716543
-1.9504761904761914
-2.252335600907031
-2.252335600907031
-2.2523356009070277
-2.2755555555555524
-2.2755555555555524
-2.345215419501134
-2.345215419501134
-2.345215419501134
-2.345215419501134
-2.345215419501134
-2.345215419501134
-2.345215419501134
-2.345215419501134
-2.345215419501134
-2.345215419501134
-2.345215419501134
-2.345215419501134
-2.345215419501134
-2.345215419501134
-2.345215419501134
-2.345215419501134
-2.345215419501134
-2.345215419501134
-2.345215419501134
-2.3452154195011303
-2.3452154195011303
-2.3452154195011303
-2.3452154195011303
-2.113015873015872
-2.113015873015872
-2.113015873015872
-2.113015873015872
-1.8808163265306135
-1.8575963718820852
-1.8575963718820852
-1.8575963718820852
-1.8575963718820852
-1.8575963718820852
-1.8575963718820852
-1.8575963718820852
-1.8575963718820852
-1.8343764172335604
-1.8343764172335604
-1.8343764172335604
-1.8343764172335604
-1.8111564625850356
-1.8343764172335604
-1.8343764172335604
-1.8343764172335604
-1.8343764172335604
-1.8808163265306135
-1.8808163265306135
-1.8808163265306135
-1.8808163265306135
-1.7414965986394577
-1.7414965986394577
-1.7414965986394577
-1.7414965986394577
-1.7879365079365073
-2.0897959183673507
-2.0897959183673507
