OnSet desviation
0
0.006711684807256257
0.013423369614512515
0.02013505442176866
0.0036267845804989207
0.33541783446712037
0.24924970068027186
0.23274143083900167
0.47165266213151913
0.4783643469387746
0.48507603174603275
0.5614475804988661
0.4056195827664393
0.5516509954648541
0.4887028163265317
0.6115142743764181
0.5485660952380957
0.5403119603174602
0.5320578253968247
0.5005837358276644
0.42266973696145094
0.15899610090703042
0.1507419659863949
0.02638805782313014
0.041353877551021156
0.04199996938775641
0.042646061224489884
0.042646061224489884
0.043292153061225136
0.04393824489795861
0.04393824489795861
0.044584336734693863
0.04523042857142734
0.04523042857142734
0.04587652040816437
0.023302657596373066
0.023948749433106542
0.02459484126984357
0.02459484126984357
0.025240933106577046
0.04910697959183885
0.04910697959183885
0.21229275396825287
0.21293884580499167
0.21293884580499167
0.21358493764172337
0.21423102947845507
0.21487712131519388
0.1923032585034008
0.1923032585034008
0.16972939569160772
0.17037548752834653
0.17037548752834653
0.17102157936508178
0.17166767120181348
0.17166767120181348
0.17231376303854873
0.17295985487528398
0.17360594671201923
0.17425203854875093
0.17425203854875093
0.17489813038548618
0.3380839047619091
0.3380839047619091
0.3387299965986408
0.3393760884353725
0.3393760884353725
0.34002218027210773
0.34066827210884654
0.34131436394557824
0.34196045578230994
0.34196045578230994
0.34260654761904874
0.343252639455784
0.343252639455784
0.3903386405895688
0.43742464172335715
0.43742464172335715
0.43807073356008885
0.43871682539682766
0.43936291723355936
1.7635464240362815
1.7635464240362815
1.8106324251700698
2.0899179727891166
2.0899179727891166
2.090564064625852
2.0912101564625836
2.0912101564625836
2.0918562482993224
2.092502340136054
2.0937945238095246
2.0937945238095246
2.0937945238095246
2.0937945238095246
2.0950867074829915
2.0950867074829915
2.0950867074829915
2.0950867074829915
2.0963788911564656
2.0963788911564656
2.0963788911564656
2.0963788911564656
2.0976710748299325
2.098963258503403
2.098963258503403
2.098963258503403
2.098963258503403
2.10025544217687
2.10025544217687
2.10025544217687
2.10025544217687
2.1015476258503405
2.1015476258503405
2.1015476258503405
2.1015476258503405
2.102839809523811
2.104131993197278
2.104131993197278
2.104131993197278
2.104131993197278
2.1054241768707485
2.1054241768707485
2.1054241768707485
2.1054241768707485
2.4550156802721084
2.4550156802721084
2.4550156802721084
2.4550156802721084
2.5956275918367346
2.7130195487528326
2.7130195487528326
2.7130195487528326
2.7130195487528326
2.7607516417233597
2.7607516417233597
2.7607516417233597
2.7607516417233597
3.1103431451247197
3.1103431451247197
3.1103431451247197
3.1103431451247197
3.158075238095236
3.4857389705215454
3.4857389705215454
