OnSet desviation
0
0.029931639455782144
0.036643324263038624
0.04335500907029477
0.02684673922902503
0.35863778911564603
0.24924970068027186
0.23274143083900167
0.4484327074829926
0.5015843015873012
0.48507603174603275
0.6078874897959192
0.5681592653061216
0.737410632653063
0.7209023628117919
0.8437138208616783
0.8736454603174604
0.8653913253968248
0.8803571451247159
0.8024431462585024
0.5852094195011333
0.4144156020408172
0.40616146712018164
0.2818075589569169
0.22711351473923003
0.2277596065759635
0.22840569841269875
0.22840569841269875
0.229051790249434
0.22969788208616748
0.22969788208616748
0.23034397392290273
0.09167033786848044
0.09167033786848044
0.09231642970521747
0.06974256689342617
0.07038865873015965
0.07103475056689312
0.07103475056689312
0.07168084240363015
0.07232693424036363
0.07232693424036363
0.0729730260770971
0.07361911791383235
0.07361911791383235
0.0742652097505676
0.0749113015872993
0.07555739342403456
0.07620348526077336
0.07620348526077336
0.0071897131519271795
0.007835804988662431
0.007835804988662431
0.008481896825397683
0.009127988662132935
0.009127988662132935
-0.12954564739229113
-0.19855941950113376
-0.1979133276643985
-0.19726723582766326
-0.19726723582766326
-0.19662114399093156
-0.19597505215419275
-0.19597505215419275
-0.19532896031746105
-0.1946828684807258
-0.1946828684807258
-0.21725673129251533
-0.21661063945578007
-0.21596454761904837
-0.21531845578231312
-0.21531845578231312
-0.261112273242631
-0.2604661814058957
-0.2604661814058957
-0.2598200895691605
-0.2591739977324252
-0.2591739977324252
-0.2817478605442183
-0.28110176870748305
-0.2804556768707478
-0.02439008390022579
-0.02439008390022579
0.8818342392290255
0.8592603764172324
0.8592603764172324
0.8599064682539712
0.8373326054421781
0.8373326054421781
0.7683188333333355
0.7689649251700672
0.7702571088435377
0.7702571088435377
0.7702571088435377
0.7702571088435377
0.7715492925170047
0.7715492925170047
0.7715492925170047
0.7715492925170047
0.7728414761904787
0.7728414761904787
0.7728414761904787
0.7728414761904787
0.7741336598639457
0.7754258435374162
0.7754258435374162
0.7754258435374162
0.7754258435374162
0.7767180272108867
0.7767180272108867
0.7767180272108867
0.7767180272108867
1.0102097573696156
1.0102097573696156
1.0102097573696156
1.0102097573696156
1.2437014875283445
1.2682136258503398
1.2682136258503398
1.2682136258503398
1.2682136258503398
1.2695058095238103
1.2695058095238103
1.2695058095238103
1.2695058095238103
1.642317267573695
1.642317267573695
1.642317267573695
1.642317267573695
1.806149133786846
1.9003211360544192
1.9003211360544192
1.9003211360544192
1.9003211360544192
1.9016133197278933
1.9016133197278933
1.9016133197278933
1.9016133197278933
2.390524551020409
2.390524551020409
2.390524551020409
2.390524551020409
2.391816734693876
2.4176210566893417
2.4176210566893417
