OnSet desviation
0
1.0051697346938777
1.127981192743764
1.13469287755102
1.0717446984126986
1.3803157936507935
1.2709277052154189
1.3937391632653062
1.5165506213151927
1.5000423514739225
1.4370941723356019
1.5366856757369618
1.5201774058956907
1.573329000000001
1.55682073015873
1.6564122335600917
1.732783782312925
1.7245296473922895
1.7394954671201805
1.7080213775510202
1.6997672426303847
1.7147330623582775
1.706478927437642
1.6982247925170064
1.7131906122448974
1.8995963412698416
1.900242433106575
1.900242433106575
1.9008885249433103
2.064074299319728
2.064074299319728
2.389799756235826
2.390445848072563
2.390445848072563
2.3910919399092982
2.368518077097507
2.3691641689342404
2.8109893990929695
2.8109893990929695
2.8116354909297065
3.2999006303854888
3.2999006303854888
3.602406132653062
3.742371952380953
3.742371952380953
3.743018044217685
3.790104045351473
3.930069865079364
3.9307159569160994
3.9307159569160994
3.9313620487528347
4.048107913832201
4.048107913832201
4.513153098639457
4.513799190476192
4.513799190476192
4.5144452823129235
4.515091374149659
4.515737465986398
4.841462922902494
4.841462922902494
4.842109014739226
5.191054426303857
5.191054426303857
5.284580336734695
5.285226428571427
5.285226428571427
5.634171840136055
5.658037886621319
5.681903933106575
5.845089707482991
5.845089707482991
6.101155300453513
6.101801392290252
6.101801392290252
6.473966758503401
6.544272714285714
6.544272714285714
6.637798624716552
6.638444716553288
6.639090808390023
6.639736900226758
6.639736900226758
7.081562130385489
7.058988267573696
7.058988267573696
7.268613951247168
7.501459589569162
7.501459589569162
7.618205454648528
8.547649732426304
8.548941916099775
8.548941916099775
8.548941916099775
8.548941916099775
8.573454054421767
8.573454054421767
8.573454054421767
8.573454054421767
8.574746238095237
8.574746238095237
8.574746238095237
8.574746238095237
8.576038421768711
8.670210424036284
8.670210424036284
8.670210424036284
8.670210424036284
9.344881292517005
9.344881292517005
9.344881292517005
9.344881292517005
9.34617347619048
9.34617347619048
9.34617347619048
9.34617347619048
9.579665206349208
9.720277117913831
9.720277117913831
9.720277117913831
9.720277117913831
9.86088902947846
9.86088902947846
9.86088902947846
9.86088902947846
10.396240170068026
10.396240170068026
10.396240170068026
10.396240170068026
10.513632126984124
10.863223630385484
10.863223630385484
10.863223630385484
10.863223630385484
11.119935315192748
11.119935315192748
11.119935315192748
11.119935315192748
11.492746773242633
11.492746773242633
11.492746773242633
11.492746773242633
11.61013873015873
12.100342145124714
12.100342145124714
