OnSet desviation
0
-0.9984580498866213
-1.1145578231292514
-1.1145578231292514
-1.0681179138321997
-1.0448979591836731
-1.021678004535147
-1.1609977324263046
-1.0448979591836736
-1.021678004535148
-0.9520181405895691
-0.9752380952380957
-1.1145578231292514
-1.021678004535147
-1.0681179138321983
-1.0448979591836736
-1.1842176870748293
-1.1842176870748293
-1.2074376417233559
-1.2074376417233559
-1.2770975056689338
-1.555736961451247
-1.555736961451247
-1.6718367346938763
-1.6718367346938763
-1.8575963718820852
-1.8575963718820852
-1.8575963718820852
-1.8575963718820852
-2.0201360544217692
-2.0201360544217692
-2.345215419501132
-2.3452154195011357
-2.3452154195011357
-2.345215419501134
-2.345215419501134
-2.345215419501134
-2.786394557823126
-2.786394557823126
-2.7863945578231295
-3.25079365079365
-3.25079365079365
-3.390113378684809
-3.5294331065759614
-3.5294331065759614
-3.5294331065759614
-3.575873015873018
-3.7151927437641703
-3.7384126984126986
-3.7384126984126986
-3.761632653061227
-3.8777324263038544
-3.8777324263038544
-4.342131519274375
-4.342131519274378
-4.342131519274378
-4.342131519274375
-4.342131519274375
-4.342131519274378
-4.667210884353743
-4.667210884353743
-4.667210884353739
-4.852970521541948
-4.852970521541948
-4.9458503401360545
-4.9458503401360545
-4.9458503401360545
-5.2941496598639475
-5.317369614512472
-5.340589569160997
-5.503129251700681
-5.503129251700681
-5.758548752834464
-5.758548752834468
-5.758548752834468
-6.0836281179138325
-6.106848072562357
-6.106848072562357
-6.1997278911564635
-6.19972789115646
-6.1997278911564635
-4.876190476190477
-4.876190476190477
-5.270929705215419
-4.969070294784579
-4.969070294784579
-5.1780498866213165
-5.4102494331065785
-5.4102494331065785
-5.526349206349206
-6.45514739229025
-6.45514739229025
-6.45514739229025
-6.45514739229025
-6.45514739229025
-6.478367346938775
-6.478367346938775
-6.478367346938775
-6.478367346938775
-6.4783673469387715
-6.4783673469387715
-6.4783673469387715
-6.4783673469387715
-6.478367346938779
-6.571247165532881
-6.571247165532881
-6.571247165532881
-6.571247165532881
-7.244625850340135
-7.244625850340135
-7.244625850340135
-7.244625850340135
-7.244625850340139
-7.244625850340139
-7.244625850340139
-7.244625850340139
-7.476825396825397
-7.616145124716553
-7.616145124716553
-7.616145124716553
-7.616145124716553
-7.755464852607712
-7.755464852607712
-7.755464852607712
-7.755464852607712
-7.941224489795918
-7.941224489795918
-7.941224489795918
-7.941224489795918
-7.918004535147389
-8.150204081632651
-8.150204081632651
-8.150204081632651
-8.150204081632651
-8.359183673469389
-8.359183673469389
-8.359183673469389
-8.359183673469389
-8.382403628117913
-8.382403628117913
-8.382403628117913
-8.382403628117913
-8.452063492063495
-8.614603174603168
-8.614603174603168
