OnSet desviation
0
-1.9504761904761905
-1.9736961451247164
-1.973696145124717
-2.1130158730158732
-2.113015873015873
-2.1826757369614516
-2.2058956916099772
-2.2987755102040817
-2.2987755102040817
-2.275555555555556
-2.391655328798187
-2.1362358276643985
-2.1362358276643985
-2.2058956916099763
-2.1362358276644002
-2.43809523809524
-2.2291156462585047
-2.205895691609978
-2.205895691609978
-2.1826757369614516
-2.1826757369614516
-2.1594557823129215
-2.1362358276643967
-2.1362358276644002
-2.1362358276643967
-2.1362358276643967
-2.1362358276643967
-2.1362358276644002
-2.1362358276644002
-2.1362358276644002
-2.1362358276643967
-2.0897959183673436
-2.0897959183673436
-2.089795918367347
-2.089795918367347
-2.089795918367347
-2.0897959183673436
-2.0897959183673436
-2.0897959183673436
-2.043356009070294
-2.043356009070294
-1.9736961451247161
-1.9736961451247126
-1.9736961451247126
-1.9040362811791383
-1.9040362811791383
-1.88081632653061
-1.927256235827663
-1.927256235827663
-1.927256235827663
-1.927256235827663
-1.927256235827663
-1.927256235827663
-1.9272562358276666
-1.9272562358276666
-1.927256235827663
-1.8575963718820852
-1.8575963718820852
-1.8343764172335568
-1.8343764172335568
-1.8343764172335604
-1.8343764172335604
-1.8343764172335604
-1.8343764172335568
-1.8343764172335604
-1.8343764172335604
-1.8343764172335604
-1.8343764172335568
-1.8343764172335568
-1.8343764172335604
-1.8343764172335604
-1.8343764172335604
-1.8343764172335568
-1.8343764172335568
-1.8343764172335604
-1.8343764172335604
-1.8343764172335604
-1.8575963718820852
-1.8575963718820852
-1.811156462585032
-1.7647165532879825
-1.7647165532879825
-1.7647165532879825
-1.7647165532879825
-1.7647165532879825
-1.8343764172335604
-2.066575963718819
-2.066575963718819
-1.6021768707482948
-1.811156462585032
-1.811156462585032
-1.811156462585032
-1.811156462585032
-1.811156462585032
-1.811156462585032
-1.811156462585032
-1.811156462585032
-1.811156462585032
-1.6718367346938763
-1.6718367346938763
-1.6718367346938763
-1.6718367346938763
-1.6718367346938798
-1.695056689342401
-1.695056689342401
-1.695056689342401
-1.695056689342401
-1.8575963718820852
-1.8575963718820852
-1.8575963718820852
-1.8575963718820852
-1.8575963718820852
-1.8575963718820852
-1.8575963718820852
-1.8575963718820852
-1.8575963718820887
-1.8575963718820887
-1.8575963718820887
-1.8575963718820887
-1.8575963718820887
-1.8575963718820887
-1.8575963718820887
-1.8575963718820887
-1.8575963718820887
-1.8575963718820816
-1.8575963718820816
-1.8575963718820816
-1.8575963718820816
-2.0201360544217764
-1.9736961451247197
-1.9736961451247197
-1.9736961451247197
-1.9736961451247197
-1.9736961451247197
-1.9736961451247197
-1.9736961451247197
-1.9736961451247197
-2.043356009070294
-2.043356009070294
-2.043356009070294
-2.043356009070294
-2.043356009070294
-1.2074376417233594
-1.2074376417233594
