OnSet desviation
0
-0.7662585034013605
-0.7198185941043083
-0.6037188208616779
-0.5804988662131518
-0.5108390022675735
-0.5108390022675735
-0.41795918367346907
-0.25541950113378675
-0.16253968253968232
-0.023219954648526553
0.09287981859410444
0.4411791383219956
0.5340589569161001
0.5572789115646266
0.8126984126984116
0.8591383219954629
1.1842176870748293
1.2306575963718824
1.2538775510204072
1.137777777777778
0.8359183673469399
0.8126984126984151
0.5572789115646284
0.5572789115646266
0.5572789115646302
0.39473922902494607
0.39473922902494607
0.3947392290249425
0.3947392290249425
0.3947392290249425
0.39473922902494607
0.30185941043083986
0.30185941043083986
0.18575963718820887
0.18575963718820887
0.18575963718820887
0.18575963718821242
0.18575963718821242
0.18575963718820887
0.1625396825396841
0.1625396825396841
0.1625396825396841
0.1625396825396841
0.1625396825396841
0.1625396825396841
0.1625396825396841
0.13931972789115576
0.06965986394557788
0.06965986394557788
0.06965986394558144
0.06965986394558144
0.06965986394558144
0.06965986394557788
0.06965986394557788
0.06965986394557788
0.02321995464852833
0.046439909297053106
0.046439909297053106
0.046439909297053106
0.046439909297053106
0.046439909297053106
0.046439909297053106
0.046439909297053106
0.046439909297053106
0.0
0.0
0.0
3.552713678800501e-15
0.046439909297053106
0.046439909297053106
0.046439909297053106
0.046439909297053106
0.046439909297053106
0.046439909297053106
0.046439909297053106
0.046439909297053106
0.046439909297053106
-0.11609977324263099
-0.11609977324263099
-0.09287981859410266
0.046439909297053106
0.046439909297053106
0.09287981859410266
0.09287981859410266
0.09287981859410266
0.4411791383219956
0.46439909297052395
0.46439909297052395
1.184217687074831
0.8591383219954665
0.8591383219954665
0.8591383219954665
0.8591383219954665
0.8591383219954665
0.6037188208616797
0.6037188208616797
0.6037188208616797
0.6037188208616797
1.1609977324263063
1.1609977324263063
1.1609977324263063
1.1609977324263063
1.1609977324263028
1.1609977324263063
1.1609977324263063
1.1609977324263063
1.1609977324263063
0.9752380952380975
0.9752380952380975
0.9752380952380975
0.9752380952380975
0.9752380952380939
0.9752380952380939
0.9752380952380939
0.9752380952380939
0.9752380952380939
0.9752380952380939
0.9752380952380939
0.9752380952380939
0.9752380952380939
0.8591383219954594
0.8591383219954594
0.8591383219954594
0.8591383219954594
0.7662585034013603
0.7662585034013603
0.7662585034013603
0.7662585034013603
0.7430385487528284
0.9287981859410408
0.9287981859410408
0.9287981859410408
0.9287981859410408
0.9287981859410408
0.9287981859410408
0.9287981859410408
0.9287981859410408
1.137777777777778
1.137777777777778
1.137777777777778
1.137777777777778
1.137777777777778
3.6919727891156455
3.6919727891156455
