OnSet desviation
0
-0.7430385487528344
-0.6733786848072563
-0.5572789115646253
-0.39473922902494296
-0.32507936507936463
-0.25541950113378586
-0.13931972789115576
0.1160997732426301
0.20897959183673454
0.32507936507936463
0.5572789115646266
0.6501587301587293
0.7430385487528337
0.8359183673469381
1.021678004535147
1.3699773242630382
1.4860770975056692
1.5092970521541957
1.5325170068027205
1.3931972789115648
1.0913378684807267
1.0448979591836736
0.766258503401362
0.7662585034013638
0.7662585034013638
0.6037188208616797
0.6037188208616797
0.6037188208616797
0.6037188208616797
0.6037188208616797
0.6037188208616797
0.4643990929705204
0.4643990929705204
0.34829931972789296
0.34829931972789296
0.34829931972789296
0.34829931972789296
0.34829931972789296
0.3482993197278894
0.2786394557823151
0.2786394557823151
0.2089795918367372
0.20897959183673365
0.20897959183673365
0.13931972789115932
0.13931972789115932
0.09287981859410266
0.06965986394557788
0.06965986394557788
0.06965986394558144
0.06965986394558144
0.06965986394558144
0.06965986394557788
0.06965986394558144
0.06965986394558144
0.02321995464852833
-0.023219954648524777
-0.023219954648524777
-0.046439909297053106
-0.046439909297053106
-0.04643990929704955
-0.04643990929704955
-0.04643990929704955
-0.046439909297053106
-0.09287981859410266
-0.09287981859410266
-0.09287981859410266
-0.09287981859410266
-0.046439909297053106
-0.04643990929704955
-0.04643990929704955
-0.04643990929704955
-0.046439909297053106
-0.046439909297053106
-0.04643990929704955
-0.04643990929704955
-0.04643990929704955
-0.18575963718820887
-0.18575963718820887
-0.20897959183673365
-0.11609977324262744
-0.11609977324262744
-0.06965986394557788
-0.06965986394557788
-0.06965986394557788
0.34829931972789296
0.6037188208616797
0.6037188208616797
0.8591383219954629
0.7430385487528355
0.7430385487528355
0.7430385487528355
0.7430385487528355
0.7430385487528355
0.48761904761904873
0.48761904761904873
0.48761904761904873
0.48761904761904873
0.9055782312925196
0.9055782312925196
0.9055782312925196
0.9055782312925196
0.9055782312925196
0.9287981859410444
0.9287981859410444
0.9287981859410444
0.9287981859410444
0.9055782312925196
0.9055782312925196
0.9055782312925196
0.9055782312925196
0.905578231292516
0.905578231292516
0.905578231292516
0.905578231292516
0.9055782312925196
0.9055782312925196
0.9055782312925196
0.9055782312925196
0.9055782312925196
0.789478458049885
0.789478458049885
0.789478458049885
0.789478458049885
0.6965986394557788
0.6965986394557788
0.6965986394557788
0.6965986394557788
0.8359183673469417
0.9752380952380975
0.9752380952380975
0.9752380952380975
0.9752380952380975
0.9752380952380975
0.9752380952380975
0.9752380952380975
0.9752380952380975
1.253877551020409
1.253877551020409
1.253877551020409
1.253877551020409
1.253877551020409
2.972154195011342
2.972154195011342
