OnSet desviation
0
-1.3931972789115648
-1.3467573696145125
-1.253877551020408
-0.27863945578231286
-0.34829931972789074
-0.4643990929705213
-0.5340589569161001
-0.6269387755102045
-0.4643990929705213
-0.9287981859410426
-0.7662585034013603
-0.8591383219954647
-0.9520181405895691
-0.8591383219954647
-0.9752380952380957
-1.1609977324263028
-1.1609977324263028
-1.1842176870748293
-1.1842176870748293
-1.3467573696145116
-1.439637188208616
-1.439637188208616
-1.4860770975056674
-1.5092970521541957
-1.4628571428571426
-1.4164172335600895
-1.4164172335600895
-1.3467573696145116
-1.3467573696145134
-1.3467573696145134
-1.3467573696145116
-1.3467573696145116
-1.3467573696145116
-1.3467573696145134
-1.393197278911563
-1.555736961451247
-1.555736961451247
-1.555736961451247
-1.555736961451247
-1.5557369614512453
-1.5557369614512453
-1.5557369614512488
-1.555736961451247
-1.555736961451247
-1.5557369614512453
-1.5325170068027223
-1.5325170068027205
-1.5325170068027205
-1.5325170068027205
-1.6021768707483002
-1.6021768707482984
-1.6021768707482984
-1.6021768707482984
-1.6021768707482984
-1.6021768707482984
-1.6021768707482984
-1.6021768707482984
-1.6253968253968232
-1.6253968253968232
-1.6253968253968232
-1.5789569160997736
-1.5789569160997736
-1.5789569160997736
-1.5789569160997736
-1.5789569160997736
-1.5789569160997736
-1.57895691609977
-1.5789569160997736
-1.5789569160997736
-1.6718367346938763
-1.6718367346938763
-1.7182766439909294
-1.7647165532879825
-1.7647165532879825
-1.7647165532879825
-1.7647165532879825
-1.7647165532879825
-1.7647165532879825
-1.7414965986394542
-1.6486167800453515
-1.6486167800453515
-1.6486167800453515
-1.7879365079365073
-1.7879365079365073
-1.7879365079365073
-1.7879365079365073
-1.7879365079365073
-1.7879365079365073
-1.811156462585032
-1.7647165532879825
-1.7414965986394577
-1.7414965986394577
-1.7414965986394577
-1.7414965986394577
-1.7414965986394542
-1.7414965986394542
-1.7414965986394542
-1.7414965986394542
-1.9736961451247161
-1.9736961451247161
-1.9736961451247161
-1.9736961451247161
-1.927256235827663
-1.9272562358276666
-1.9272562358276666
-1.9272562358276666
-1.9272562358276666
-1.927256235827663
-1.927256235827663
-1.927256235827663
-1.927256235827663
-1.8111564625850356
-1.8111564625850356
-1.8111564625850356
-1.8111564625850356
-1.8343764172335604
-1.88081632653061
-1.88081632653061
-1.88081632653061
-1.88081632653061
-1.9969160997732445
-1.9969160997732445
-1.9969160997732445
-1.9969160997732445
-1.996916099773241
-1.996916099773241
-1.996916099773241
-1.996916099773241
-1.9040362811791383
-1.8343764172335604
-1.8343764172335604
-1.8343764172335604
-1.8343764172335604
-1.8343764172335604
-1.8343764172335604
-1.8343764172335604
-1.8343764172335604
-1.7182766439909294
-1.7182766439909294
-1.7182766439909294
-1.7182766439909294
-1.6718367346938763
-1.486077097505671
-1.486077097505671
