OnSet desviation
0
0.053151594104308364
0.013423369614512515
-0.049524809523809665
-0.15891289795918384
0.010338469387754845
-0.0061698004535153395
-0.09233793424036296
-0.0856262494331066
-0.05569460997732545
0.02067693877550969
-0.04227124036281271
-0.08199946485260856
-0.052067825396823864
-0.2078958231292507
-0.10830431972789079
-0.07837268027210875
-0.08662681519274429
-0.07166099546485327
-0.12635503968254014
-0.13460917460317567
-0.1660832641723342
-0.17433739909296975
-0.18259153401360528
-0.2140656235827656
-0.28307939569161
-0.4914128956916102
-0.4914128956916102
-0.6068665770975059
-0.6062204852607707
-0.6062204852607707
-0.6055743934240372
-0.6049283015873019
-0.6049283015873019
-0.6042822097505649
-0.626856072562358
-0.6262099807256227
-0.6255638888888875
-0.6255638888888875
-0.624917797052154
-0.6242717052154205
-0.6242717052154205
-0.6236256133786835
-0.6229795215419482
-0.6229795215419482
-0.6223334297052165
-0.6681272471655344
-0.7835809285714319
-0.9919144285714303
-0.9919144285714303
-1.0377082460317482
-1.037062154195013
-1.037062154195013
-1.0364160623582777
-1.0357699705215424
-1.0357699705215424
-1.0351238786848107
-1.0344777868480755
-1.057051649659865
-1.195725285714289
-1.195725285714289
-1.28795901247166
-1.2873129206349176
-1.2873129206349176
-1.286666828798186
-1.2860207369614542
-1.2860207369614542
-1.285374645124719
-1.2847285532879802
-1.3305223707483016
-1.3530962335600947
-1.3530962335600947
-1.398890051020409
-1.4214639138321985
-1.4214639138321985
-1.4208178219954668
-1.4201717301587315
-1.4201717301587315
-1.4195256383219963
-1.4420995011337894
-1.6039930918367382
-1.7658866825396835
-1.7658866825396835
-1.7652405907029483
-1.7878144535147413
-1.7878144535147413
-1.787168361678006
-1.7865222698412708
-1.7865222698412708
-1.7858761780045356
-1.8316699954648534
-1.8535977664399113
-1.8535977664399113
-1.8535977664399113
-1.8535977664399113
-1.8523055827664443
-1.8523055827664443
-1.8523055827664443
-1.8523055827664443
-1.9671131723356012
-1.9671131723356012
-1.9671131723356012
-1.9671131723356012
-2.0819207619047617
-2.080628578231291
-2.080628578231291
-2.080628578231291
-2.080628578231291
-2.0793363945578243
-2.0793363945578243
-2.0793363945578243
-2.0793363945578243
-2.2638038480725626
-2.2638038480725626
-2.2638038480725626
-2.2638038480725626
-2.2625116643990957
-2.3076593900226783
-2.3076593900226783
-2.3076593900226783
-2.3076593900226783
-2.3063672063492078
-2.3063672063492078
-2.3063672063492078
-2.3063672063492078
-2.305075022675741
-2.305075022675741
-2.305075022675741
-2.305075022675741
-2.396662657596373
-2.465030337868484
-2.465030337868484
-2.465030337868484
-2.465030337868484
-2.46373815419501
-2.46373815419501
-2.46373815419501
-2.46373815419501
-2.462445970521543
-2.462445970521543
-2.462445970521543
-2.462445970521543
-2.4843737414966007
-2.4817893741496597
-2.4817893741496597
