OnSet desviation
0
1.3235374149659864
1.5789569160997732
1.1842176870748298
0.27863945578231286
0.18575963718820843
0.3250793650793655
0.13931972789115665
0.2786394557823133
0.1160997732426301
0.3947392290249434
0.2786394557823133
0.20897959183673365
0.2321995464852602
0.20897959183673542
0.1625396825396841
0.16253968253968232
0.16253968253968232
0.13931972789115576
0.18575963718820887
0.16253968253968232
-0.023219954648526553
-0.18575963718820887
-0.1625396825396841
-0.2321995464852602
-0.20897959183673365
-0.13931972789115754
-0.13931972789115754
-0.09287981859410444
-0.09287981859410444
-0.09287981859410444
-0.09287981859410444
-0.09287981859410444
-0.09287981859410444
-0.09287981859410444
-0.11609977324263099
-0.13931972789115576
-0.23219954648526198
-0.23219954648526198
-0.2321995464852602
-0.23219954648526198
-0.23219954648526198
-0.2321995464852602
-0.2321995464852602
-0.2321995464852602
-0.30185941043083986
-0.3482993197278912
-0.3482993197278912
-0.3482993197278912
-0.3482993197278912
-0.3482993197278912
-0.3482993197278912
-0.3482993197278912
-0.3482993197278912
-0.34829931972789296
-0.34829931972789296
-0.34829931972789296
-0.3482993197278894
-0.39473922902494607
-0.37151927437641774
-0.37151927437641774
-0.4643990929705204
-0.48761904761904873
-0.48761904761904873
-0.48761904761904873
-0.4876190476190452
-0.4876190476190452
-0.48761904761904873
-0.48761904761904873
-0.4411791383219956
-0.4643990929705204
-0.4643990929705204
-0.5108390022675735
-0.5572789115646266
-0.5572789115646266
-0.5572789115646266
-0.5572789115646231
-0.5572789115646231
-0.5572789115646266
-0.5572789115646266
-0.4876190476190452
-0.32507936507936463
-0.32507936507936463
-0.18575963718820887
-0.23219954648526198
-0.23219954648526198
-0.4411791383219956
-0.5340589569161018
-0.5340589569161018
-0.5340589569161018
-0.5340589569161018
-0.5340589569160983
-0.5340589569160983
-0.5340589569160983
-0.5340589569160983
-0.7430385487528355
-0.7430385487528355
-0.7430385487528355
-0.7430385487528355
-0.6269387755102045
-0.6269387755102045
-0.6269387755102045
-0.6269387755102045
-0.5572789115646266
-0.5572789115646266
-0.5572789115646266
-0.5572789115646266
-0.5572789115646266
-0.5572789115646266
-0.5572789115646266
-0.5572789115646266
-0.5572789115646266
-0.7198185941043072
-0.7198185941043072
-0.7198185941043072
-0.7198185941043072
-0.789478458049885
-0.6965986394557824
-0.6965986394557824
-0.6965986394557824
-0.6965986394557824
-0.6037188208616762
-0.6037188208616762
-0.6037188208616762
-0.6037188208616762
-0.6269387755102045
-0.6269387755102045
-0.6269387755102045
-0.6269387755102045
-0.7430385487528355
-0.7662585034013603
-0.7662585034013603
-0.7662585034013603
-0.7662585034013603
-0.7662585034013603
-0.7662585034013603
-0.7662585034013603
-0.7662585034013603
-0.8823582766439912
-0.8823582766439912
-0.8823582766439912
-0.8823582766439912
-0.9287981859410444
-0.32507936507936463
-0.32507936507936463
