OnSet desviation
0
0.9122899160997732
1.1744211020408162
0.809613512471655
0.7698852879818592
0.7765969727891155
0.7833086575963719
0.4417210226757371
0.4948726167800457
0.5248042562358268
0.415416167800454
0.3989078979591838
0.19663999092970386
0.15691176643990978
0.0707436326530626
0.007795453514740203
-0.14803254421768663
-0.15628667913832217
-0.18776076870748426
-0.19601490362811802
-0.3900286757369624
-0.7001422210884343
-0.8709360385487521
-0.9024101281179142
-1.026764036281179
-1.0261179444444437
-1.1183516712018147
-1.1183516712018147
-1.1177055793650794
-1.117059487528346
-1.117059487528346
-1.1164133956916107
-1.1157673038548754
-1.1157673038548754
-1.1151212120181402
-1.2073549387755094
-1.392468484126983
-1.484702210884354
-1.484702210884354
-1.4840561190476187
-1.4834100272108852
-1.4834100272108852
-1.48276393537415
-1.482117843537413
-1.482117843537413
-1.5511316156462591
-1.6201453877551053
-1.7355990691609993
-1.9439325691609977
-1.9439325691609977
-2.059386250566895
-2.058740158730158
-2.058740158730158
-2.058094066893423
-2.0574479750566894
-2.0574479750566894
-2.0568018832199577
-2.056155791383219
-2.14838951814059
-2.2638431995464856
-2.2638431995464856
-2.4025168356009097
-2.4250906984126956
-2.4250906984126956
-2.424444606575964
-2.4237985147392287
-2.4237985147392287
-2.4231524229024934
-2.422506331065758
-2.4218602392290265
-2.560533875283447
-2.560533875283447
-2.6992075113378675
-2.8146611927437633
-2.8146611927437633
-2.8140151009070316
-2.8133690090702927
-2.8133690090702927
-2.812722917233561
-2.812076825396826
-2.8114307335600905
-2.8107846417233553
-2.8107846417233553
-2.81013854988662
-2.8791523219954662
-2.8791523219954662
-3.0874858219954646
-3.1797195487528356
-3.1797195487528356
-3.202293411564625
-3.2016473197278934
-3.200355136054423
-3.200355136054423
-3.200355136054423
-3.200355136054423
-3.4080425442176896
-3.4080425442176896
-3.4080425442176896
-3.4080425442176896
-3.6389499070294775
-3.6389499070294775
-3.6389499070294775
-3.6389499070294775
-3.637657723356007
-3.63636553968254
-3.63636553968254
-3.63636553968254
-3.63636553968254
-3.6350733560090696
-3.6350733560090696
-3.6350733560090696
-3.6350733560090696
-3.865980718820861
-3.865980718820861
-3.865980718820861
-3.865980718820861
-3.9575683537414967
-3.9562761700680262
-3.9562761700680262
-3.9562761700680262
-3.9562761700680262
-3.978203941043084
-3.978203941043084
-3.978203941043084
-3.978203941043084
-4.000131712018142
-4.000131712018142
-4.000131712018142
-4.000131712018142
-4.114939301587302
-4.13686707256236
-4.13686707256236
-4.13686707256236
-4.13686707256236
-4.135574888888886
-4.135574888888886
-4.135574888888886
-4.135574888888886
-4.134282705215419
-4.134282705215419
-4.134282705215419
-4.134282705215419
-4.156210476190477
-3.364147650793651
-3.364147650793651
