OnSet desviation
0
-0.06965986394557833
0.23219954648526064
-0.06965986394557833
0.0
-0.16253968253968232
-0.13931972789115576
-0.3947392290249434
-0.3482993197278912
-0.3482993197278912
-0.5340589569160992
-0.48761904761904695
-0.650158730158731
-0.7198185941043089
-0.6501587301587293
-0.8126984126984116
-0.9984580498866205
-0.9984580498866205
-1.0448979591836736
-0.9984580498866205
-1.1842176870748293
-1.4628571428571426
-1.625396825396825
-1.6486167800453515
-1.741496598639456
-1.6718367346938763
-1.555736961451247
-1.555736961451247
-1.439637188208616
-1.4396371882086179
-1.4396371882086179
-1.439637188208616
-1.439637188208616
-1.439637188208616
-1.4396371882086179
-1.509297052154194
-1.6950566893424028
-1.787936507936509
-1.787936507936509
-1.7879365079365073
-1.7879365079365073
-1.7879365079365073
-1.787936507936509
-1.7879365079365073
-1.7879365079365073
-1.8575963718820852
-1.8808163265306135
-1.8808163265306117
-1.8808163265306117
-1.8808163265306117
-1.9504761904761914
-1.9504761904761896
-1.9504761904761896
-1.9504761904761896
-1.9504761904761914
-1.9504761904761914
-1.9504761904761914
-1.9504761904761878
-2.0201360544217692
-1.996916099773241
-1.996916099773241
-2.043356009070294
-2.0665759637188224
-2.0665759637188224
-2.0665759637188224
-2.066575963718819
-2.066575963718819
-2.066575963718819
-2.0665759637188224
-2.0201360544217692
-2.1362358276643967
-2.1362358276643967
-2.229115646258503
-2.321995464852609
-2.321995464852609
-2.321995464852609
-2.3219954648526056
-2.3219954648526056
-2.321995464852609
-2.2987755102040808
-2.1362358276643967
-1.9736961451247161
-1.9736961451247161
-1.9736961451247161
-2.0201360544217692
-2.0201360544217692
-2.229115646258503
-2.321995464852609
-2.321995464852609
-2.345215419501134
-2.2987755102040843
-2.275555555555556
-2.275555555555556
-2.275555555555556
-2.275555555555556
-2.4845351473922896
-2.4845351473922896
-2.4845351473922896
-2.4845351473922896
-2.6006349206349206
-2.6006349206349206
-2.6006349206349206
-2.6006349206349206
-2.4845351473922896
-2.484535147392293
-2.484535147392293
-2.484535147392293
-2.484535147392293
-2.4845351473922896
-2.4845351473922896
-2.4845351473922896
-2.4845351473922896
-2.5309750566893428
-2.5309750566893428
-2.5309750566893428
-2.5309750566893428
-2.6238548752834454
-2.5774149659863923
-2.5774149659863923
-2.5774149659863923
-2.5774149659863923
-2.6006349206349206
-2.6006349206349206
-2.6006349206349206
-2.6006349206349206
-2.6238548752834454
-2.6238548752834454
-2.6238548752834454
-2.6238548752834454
-2.6470748299319737
-2.6006349206349206
-2.6006349206349206
-2.6006349206349206
-2.6006349206349206
-2.6006349206349206
-2.6006349206349206
-2.6006349206349206
-2.6006349206349206
-2.6006349206349206
-2.6006349206349206
-2.6006349206349206
-2.6006349206349206
-2.6006349206349206
-1.8111564625850356
-1.8111564625850356
