OnSet desviation
0
-0.7198185941043084
-0.719818594104308
-0.5340589569160996
-0.4411791383219956
-0.3482993197278921
-0.30185941043083897
0.0
-0.09287981859410532
0.069659863945577
0.23219954648526198
0.37151927437641774
0.3947392290249443
0.5804988662131532
0.8126984126984134
0.8126984126984134
1.0448979591836736
1.137777777777778
1.137777777777778
1.091337868480725
1.0448979591836753
0.8823582766439912
0.8823582766439912
0.7894784580498868
0.789478458049885
0.7894784580498833
0.789478458049885
0.789478458049885
0.7198185941043072
0.6965986394557824
0.6965986394557824
0.5804988662131514
0.4179591836734673
0.4179591836734673
0.32507936507936463
0.27863945578231153
0.34829931972789296
0.3947392290249425
0.3947392290249425
0.3482993197278894
0.27863945578231153
0.27863945578231153
0.23219954648525842
0.23219954648525842
0.23219954648525842
0.23219954648526198
0.23219954648525842
0.23219954648525842
0.2786394557823151
0.2786394557823151
0.4179591836734673
0.27863945578231153
0.27863945578231153
0.06965986394557788
-0.13931972789115576
-0.13931972789115576
-0.25541950113378675
-0.39473922902494607
-0.5340589569161018
-0.5572789115646266
-0.5572789115646266
-0.5572789115646302
-0.5572789115646266
-0.5572789115646266
-0.5572789115646266
-0.5804988662131514
-0.5804988662131514
-0.6965986394557859
-0.7198185941043107
-0.7198185941043072
-0.7430385487528355
-0.7430385487528355
-0.8359183673469381
-1.021678004535147
-1.021678004535147
-1.0448979591836753
-1.0448979591836753
-1.0448979591836753
-1.0448979591836718
-1.0448979591836753
-1.0448979591836753
-1.021678004535147
-1.021678004535147
-0.9287981859410444
-0.9287981859410444
-0.9287981859410444
-0.9287981859410444
-0.8823582766439948
-0.8823582766439948
-0.8823582766439912
-0.8823582766439912
-0.5340589569160983
-0.5340589569160983
-0.5340589569160983
-0.5340589569160983
-0.5108390022675771
-0.5108390022675771
-0.5108390022675771
-0.5108390022675771
1.1145578231292497
1.1145578231292497
1.1145578231292497
1.1145578231292497
1.1145578231292497
1.36997732426304
1.36997732426304
1.36997732426304
1.36997732426304
2.64707482993197
2.64707482993197
2.64707482993197
2.64707482993197
2.64707482993197
2.64707482993197
2.64707482993197
2.64707482993197
3.0185941043083915
3.482993197278912
3.482993197278912
3.482993197278912
3.482993197278912
4.040272108843542
4.040272108843542
4.040272108843542
4.040272108843542
4.342131519274375
4.342131519274375
4.342131519274375
4.342131519274375
4.574331065759644
5.712108843537418
5.712108843537418
5.712108843537418
5.712108843537418
6.431927437641729
6.431927437641729
6.431927437641729
6.431927437641729
6.4319274376417255
6.4319274376417255
6.4319274376417255
6.4319274376417255
6.4319274376417255
10.890158730158731
10.890158730158731
