OnSet desviation
0
0.3317910498866212
0.43138255328798203
0.6470738299319727
0.723445378684807
1.0087965192743757
1.2477077505668932
1.3937391632653062
1.6094304399092962
1.8019017619047606
1.971153129251702
2.2100643605442176
2.263215954648526
2.5485670952380968
2.741038417233561
2.8638498752834476
3.12598106122449
3.303486563492063
3.318452383219954
3.2405383843537408
3.162624385487529
3.1543702505668954
3.14611611564626
3.04498216213152
3.059947981859409
3.0605940736961426
3.0612401655328796
3.0612401655328796
2.992226393424035
2.969652530612244
2.969652530612244
2.8541988492063464
2.6923052585033993
2.6923052585033993
2.600071531746032
2.5310577596371875
2.4852639421768714
2.485910034013605
2.485910034013605
2.4401162165532853
2.4407623083900223
2.4407623083900223
2.4414084002267558
2.442054492063491
2.442054492063491
2.4427005839002263
2.443346675736958
2.443992767573693
2.444638859410432
2.444638859410432
2.4452849512471637
2.2833913605442184
2.2833913605442184
2.07505786054422
1.866724360544218
1.866724360544218
1.7512706791383188
1.6125970430838983
1.4739234070294778
1.4513495442176847
1.4513495442176847
1.4519956360544164
1.4526417278911588
1.4526417278911588
1.4532878197278905
1.4307139569160974
1.4307139569160974
1.3152602755102016
1.2926864126984121
1.2933325045351474
1.2243187324263012
1.2243187324263012
1.1320850056689338
0.9469714603174602
0.9469714603174602
0.9243975975056671
0.9250436893424023
0.9250436893424023
0.9256897811791376
0.9263358730158728
0.8108821916099735
0.6954285102040814
0.6954285102040814
0.6960746020408166
0.6735007392290235
0.6735007392290235
0.6741468310657588
0.7212328321995436
0.7212328321995436
0.7218789240362824
0.7225250158730141
1.0488965646258492
1.0488965646258492
1.0488965646258492
1.0488965646258492
1.0501887482993162
1.0501887482993162
1.0501887482993162
1.0501887482993162
2.6768777573696134
2.6768777573696134
2.6768777573696134
2.6768777573696134
2.678169941043084
2.934881625850341
2.934881625850341
2.934881625850341
2.934881625850341
4.213271315192742
4.213271315192742
4.213271315192742
4.213271315192742
4.214563498866212
4.214563498866212
4.214563498866212
4.214563498866212
4.587374956916101
4.983406369614514
4.983406369614514
4.983406369614514
4.983406369614514
5.541977464852611
5.541977464852611
5.541977464852611
5.541977464852611
5.845129058956914
5.845129058956914
5.845129058956914
5.845129058956914
6.07862078911565
7.19447079591837
7.19447079591837
7.19447079591837
7.19447079591837
7.9155815736961515
7.9155815736961515
7.9155815736961515
7.9155815736961515
7.916873757369618
7.916873757369618
7.916873757369618
7.916873757369618
7.894945986394561
12.355761646258507
12.355761646258507
