OnSet desviation
0
-0.8359183673469389
-0.8591383219954647
-0.7662585034013607
-0.7662585034013607
-0.6733786848072567
-0.719818594104308
-0.5572789115646257
-0.7662585034013611
-0.7430385487528346
-0.6269387755102027
-0.6733786848072558
-0.6733786848072558
-0.6269387755102027
-0.4411791383219956
-0.6037188208616779
-0.5804988662131514
-0.5572789115646266
-0.5572789115646266
-0.5572789115646266
-0.5804988662131496
-0.6037188208616779
-0.6037188208616779
-0.6501587301587293
-0.6501587301587328
-0.6501587301587328
-0.6501587301587293
-0.6501587301587293
-0.7198185941043107
-0.7430385487528355
-0.7430385487528355
-0.8359183673469417
-0.8591383219954665
-0.8591383219954665
-0.8126984126984134
-0.7894784580498886
-0.7198185941043072
-0.6501587301587293
-0.6501587301587293
-0.6965986394557859
-0.6965986394557824
-0.6965986394557824
-0.6965986394557824
-0.6965986394557859
-0.6965986394557859
-0.6965986394557824
-0.6965986394557824
-0.6269387755102045
-0.4643990929705204
-0.4643990929705204
-0.30185941043083986
-0.3947392290249425
-0.3947392290249425
-0.6037188208616762
-0.8126984126984134
-0.8126984126984134
-0.8591383219954665
-0.9287981859410444
-0.9520181405895727
-0.8823582766439912
-0.8823582766439912
-0.8359183673469417
-0.8359183673469381
-0.8359183673469381
-0.8359183673469417
-0.8591383219954665
-0.8591383219954665
-0.8823582766439948
-0.9055782312925196
-0.905578231292516
-0.8359183673469381
-0.8359183673469381
-0.8126984126984134
-0.9752380952380975
-0.9752380952380975
-0.9984580498866222
-0.9984580498866222
-0.9984580498866222
-0.9752380952380939
-0.9287981859410444
-0.9752380952380975
-0.9752380952380939
-0.9752380952380939
-0.9752380952380975
-0.9752380952380975
-0.9752380952380975
-0.9752380952380975
-0.9287981859410444
-0.9287981859410444
-1.1145578231292532
-1.1145578231292532
-1.091337868480725
-1.091337868480725
-1.091337868480725
-1.091337868480725
-1.0913378684807284
-1.0913378684807284
-1.0913378684807284
-1.0913378684807284
-0.7662585034013638
-0.7662585034013638
-0.7662585034013638
-0.7662585034013638
-0.7662585034013603
-0.789478458049885
-0.789478458049885
-0.789478458049885
-0.789478458049885
0.4876190476190452
0.4876190476190452
0.4876190476190452
0.4876190476190452
0.4876190476190452
0.4876190476190452
0.4876190476190452
0.4876190476190452
-0.7198185941043072
-0.6037188208616797
-0.6037188208616797
-0.6037188208616797
-0.6037188208616797
-0.7430385487528284
-0.7430385487528284
-0.7430385487528284
-0.7430385487528284
-0.8591383219954665
-0.8591383219954665
-0.8591383219954665
-0.8591383219954665
-0.7662585034013532
0.06965986394558144
0.06965986394558144
0.06965986394558144
0.06965986394558144
-0.7198185941043036
-0.7198185941043036
-0.7198185941043036
-0.7198185941043036
-0.7198185941043036
-0.7198185941043036
-0.7198185941043036
-0.7198185941043036
-0.7198185941043036
1.137777777777785
1.137777777777785
