OnSet desviation
0
0.238911231292517
0.3617226893424037
0.4845341473922904
0.5609056961451246
0.753377018140589
1.0387281587301578
1.0222198888888885
1.446890757369614
1.6161421247165517
1.669293718820862
1.9546448594104309
2.0077964535147395
2.246707684807257
2.253419369614514
2.538770510204083
2.7776817414965986
2.931967289115647
2.946933108843538
2.869019109977325
2.814325065759636
2.8292908854875307
2.821036750566895
2.7663427063492065
2.7813085260770976
2.781954617913831
2.7826007097505645
2.7826007097505645
2.7832468015873015
2.783892893424035
2.783892893424035
2.7613190306122437
2.6226453945578214
2.6226453945578214
2.483971758503401
2.3917380317460317
2.276284350340134
2.20727057823129
2.20727057823129
2.207916670068027
2.2085627619047603
2.2085627619047603
2.209208853741494
2.2098549455782326
2.2098549455782326
2.2105010374149643
2.211147129251696
2.1421333571428534
1.980239766439908
1.980239766439908
1.8183461757369592
1.7493324036281166
1.7493324036281166
1.7499784954648518
1.750624587301587
1.750624587301587
1.681610815192741
1.6125970430838983
1.497143361678006
1.4049096349206316
1.4049096349206316
1.3591158174603137
1.3597619092970525
1.3597619092970525
1.3604080011337878
1.3610540929705195
1.3610540929705195
1.268820366213152
1.2694664580498873
1.270112549886619
1.131438913832195
1.131438913832195
1.0159852324263028
0.9934113696145133
0.9934113696145133
0.994057461451245
0.9947035532879802
0.9947035532879802
0.9721296904761871
0.9263358730158728
0.8573221009070267
0.7418684195011309
0.7418684195011309
0.7425145113378697
0.7199406485260766
0.7199406485260766
0.7205867403628119
0.7212328321995436
0.7212328321995436
0.9076385612244913
0.908284653061223
1.2114362471655298
1.2114362471655298
1.2114362471655298
1.2114362471655298
1.2127284308390003
1.2127284308390003
1.2127284308390003
1.2127284308390003
2.514338074829933
2.514338074829933
2.514338074829933
2.514338074829933
2.5156302585034
2.795561897959182
2.795561897959182
2.795561897959182
2.795561897959182
2.7968540816326524
2.7968540816326524
2.7968540816326524
2.7968540816326524
2.798146265306123
2.798146265306123
2.798146265306123
2.798146265306123
4.378395365079363
4.658327004535149
4.658327004535149
4.658327004535149
4.658327004535149
5.356217827664398
5.356217827664398
5.356217827664398
5.356217827664398
5.77546919501134
5.77546919501134
5.77546919501134
5.77546919501134
5.916081106575962
6.196012746031748
6.196012746031748
6.196012746031748
6.196012746031748
7.706601981859414
7.706601981859414
7.706601981859414
7.706601981859414
7.707894165532881
7.707894165532881
7.707894165532881
7.707894165532881
7.685966394557823
10.289185682539681
10.289185682539681
