OnSet desviation
0
-0.8126984126984126
-0.7894784580498864
-0.6965986394557819
-0.6037188208616779
-0.6037188208616788
-0.5108390022675744
-0.37151927437641774
-0.25541950113378764
-0.11609977324263188
-0.06965986394557788
0.11609977324263099
0.13931972789115754
0.2786394557823133
0.3250793650793664
0.48761904761904873
0.6965986394557824
0.766258503401362
0.766258503401362
0.7198185941043089
0.6965986394557824
0.5572789115646266
0.5572789115646266
0.5108390022675735
0.5108390022675735
0.5108390022675717
0.51083900226757
0.51083900226757
0.5108390022675735
0.5108390022675735
0.5108390022675735
0.48761904761904873
0.3482993197278894
0.3482993197278894
0.20897959183673365
0.13931972789115576
0.13931972789115576
0.11609977324262744
0.11609977324262744
0.11609977324263099
0.04643990929704955
0.04643990929704955
-3.552713678800501e-15
0.0
0.0
0.0
-3.552713678800501e-15
-0.06965986394558144
-0.18575963718820887
-0.18575963718820887
-0.2089795918367372
-0.2554195011337903
-0.2554195011337903
-0.2554195011337903
-0.25541950113378675
-0.25541950113378675
-0.32507936507936463
-0.39473922902494607
-0.5108390022675735
-0.6037188208616797
-0.6037188208616797
-0.6501587301587328
-0.6501587301587328
-0.6501587301587328
-0.6501587301587293
-0.6501587301587293
-0.6501587301587293
-0.7430385487528355
-0.7430385487528355
-0.7430385487528355
-0.8359183673469417
-0.8359183673469417
-0.9520181405895691
-0.9752380952380939
-0.9752380952380939
-0.9752380952380975
-0.9752380952380975
-0.9752380952380975
-0.9984580498866222
-1.0448979591836753
-0.9984580498866222
-0.9752380952380975
-0.9752380952380975
-0.8823582766439912
-0.8823582766439912
-0.8823582766439912
-0.8823582766439912
-0.8823582766439948
-0.8823582766439948
-0.6965986394557824
-0.6965986394557824
-0.37151927437641774
-0.37151927437641774
-0.37151927437641774
-0.37151927437641774
-0.34829931972789296
-0.34829931972789296
-0.34829931972789296
-0.34829931972789296
0.9520181405895691
0.9520181405895691
0.9520181405895691
0.9520181405895691
0.9520181405895656
1.2306575963718807
1.2306575963718807
1.2306575963718807
1.2306575963718807
1.2306575963718807
1.2306575963718807
1.2306575963718807
1.2306575963718807
1.2306575963718807
1.2306575963718807
1.2306575963718807
1.2306575963718807
2.8096145124716543
3.1579138321995472
3.1579138321995472
3.1579138321995472
3.1579138321995472
3.8545124716553296
3.8545124716553296
3.8545124716553296
3.8545124716553296
4.2724716553288005
4.2724716553288005
4.2724716553288005
4.2724716553288005
4.411791383219956
4.713650793650796
4.713650793650796
4.713650793650796
4.713650793650796
6.222947845804992
6.222947845804992
6.222947845804992
6.222947845804992
6.222947845804988
6.222947845804988
6.222947845804988
6.222947845804988
6.222947845804988
8.823582766439905
8.823582766439905
