OnSet desviation
0
0.12281145804988647
0.22240296145124705
0.2523346009070293
0.23582633106575956
0.4282976530612248
0.6207689750566887
0.46494097732426276
0.7735120725623581
0.8034437120181401
0.8101553968253965
0.9097469002267573
0.9396785396825393
1.039270043083901
0.9995418185941052
1.1223532766439916
1.1522849160997737
1.2369105997732426
1.2518764195011336
1.2204023299319733
1.1889282403628112
1.3432137879818615
1.334959653061226
1.3267055181405905
1.3416713378684815
1.3423174297052167
1.342963521541952
1.342963521541952
1.3436096133786855
1.344255705215419
1.344255705215419
1.3449017970521524
1.3455478888888894
1.3455478888888894
1.346193980725623
1.3236201179138316
1.208166436507934
1.162372619047618
1.162372619047618
1.1630187108843515
1.2333246666666664
1.2333246666666664
1.280410667800453
1.2810567596371882
1.2810567596371882
1.28170285147392
1.2823489433106552
1.2829950351473904
1.2372012176870726
1.2372012176870726
1.098527581632652
1.0759537188208625
1.0759537188208625
1.0765998106575978
1.0772459024943295
1.0772459024943295
1.0778919943310612
1.0785380861678
1.0791841780045353
1.079830269841267
1.079830269841267
1.0804763616780022
1.081122453514741
1.081122453514741
1.0817685453514727
1.0824146371882044
1.0824146371882044
1.0830607290249432
1.0837068208616785
1.0843529126984102
1.0385590952380923
1.0385590952380923
1.0392051870748276
1.0398512789115628
1.0398512789115628
1.040497370748298
1.0411434625850333
1.0411434625850333
1.041789554421765
1.0424356462585038
0.9269819648526045
0.788308328798184
0.788308328798184
0.6960746020408166
0.6735007392290235
0.6735007392290235
0.6741468310657588
0.674792922902494
0.674792922902494
0.6754390147392293
0.676085106575961
0.6541573356009032
0.6541573356009032
0.6541573356009032
0.6541573356009032
0.6322295646258489
0.6322295646258489
0.6322295646258489
0.6322295646258489
0.6335217482993194
0.6335217482993194
0.6335217482993194
0.6335217482993194
0.6348139319727899
0.6361061156462569
0.6361061156462569
0.6361061156462569
0.6361061156462569
0.6373982993197274
0.6373982993197274
0.6373982993197274
0.6373982993197274
0.6386904829931979
0.6386904829931979
0.6386904829931979
0.6386904829931979
0.6399826666666648
0.5716149863945574
0.5716149863945574
0.5716149863945574
0.5716149863945574
0.5729071700680244
0.5729071700680244
0.5729071700680244
0.5729071700680244
0.5741993537414949
0.5741993537414949
0.5741993537414949
0.5741993537414949
0.5754915374149618
0.5535637664399076
0.5535637664399076
0.5535637664399076
0.5535637664399076
0.5548559501133781
0.5548559501133781
0.5548559501133781
0.5548559501133781
0.5561481337868486
0.5561481337868486
0.5561481337868486
0.5561481337868486
0.5342203628117907
0.5368047301587318
0.5368047301587318
