OnSet desviation
0
-0.9752380952380952
-1.0448979591836733
-0.9520181405895696
-1.021678004535147
-0.835918367346939
-0.6733786848072558
-0.7430385487528346
-0.6037188208616779
-0.41795918367346996
-0.4411791383219956
-0.25541950113378675
-0.16253968253968054
-0.04643990929705133
-0.023219954648526553
0.18575963718821065
0.37151927437641774
0.7198185941043089
0.7430385487528355
0.8591383219954647
1.0448979591836736
1.0681179138322001
1.0681179138322001
1.0681179138322001
1.0681179138322001
1.0681179138322001
1.0681179138322001
1.0681179138322001
1.0681179138322001
1.0681179138322001
1.0681179138322001
1.068117913832202
1.0681179138322001
1.0681179138322001
1.0681179138322001
1.0681179138322001
1.0681179138321983
1.068117913832202
1.068117913832202
1.0681179138322001
1.2074376417233559
1.2074376417233559
1.253877551020409
1.253877551020409
1.253877551020409
1.253877551020409
1.253877551020409
1.253877551020409
1.253877551020409
1.253877551020409
1.253877551020409
1.253877551020409
1.253877551020409
1.2538775510204054
1.300317460317462
1.300317460317462
1.300317460317462
1.300317460317462
1.3003174603174585
1.300317460317462
1.300317460317462
1.300317460317462
1.3003174603174585
1.3003174603174585
1.300317460317462
1.253877551020409
1.253877551020409
1.2306575963718807
1.2306575963718807
1.2306575963718842
1.2306575963718842
1.2306575963718842
1.2306575963718807
1.2306575963718842
1.2306575963718842
1.2306575963718842
1.1609977324263063
1.1609977324263063
1.0913378684807284
1.091337868480725
1.137777777777778
1.137777777777778
1.137777777777778
1.137777777777778
1.137777777777778
1.137777777777778
1.091337868480725
1.0913378684807284
1.0913378684807284
1.6486167800453515
1.486077097505671
1.3003174603174585
1.3003174603174585
1.3003174603174585
1.3003174603174585
1.300317460317462
1.300317460317462
1.300317460317462
1.300317460317462
1.36997732426304
1.36997732426304
1.36997732426304
1.36997732426304
1.36997732426304
1.36997732426304
1.36997732426304
1.36997732426304
1.36997732426304
1.36997732426304
1.36997732426304
1.36997732426304
1.36997732426304
1.36997732426304
1.36997732426304
1.36997732426304
1.36997732426304
1.3003174603174585
1.300317460317462
1.300317460317462
1.300317460317462
1.300317460317462
1.3003174603174585
1.3003174603174585
1.3003174603174585
1.3003174603174585
1.300317460317462
1.300317460317462
1.300317460317462
1.300317460317462
1.137777777777778
1.1377777777777744
1.1377777777777744
1.1377777777777744
1.1377777777777744
1.1377777777777816
1.1377777777777816
1.1377777777777816
1.1377777777777816
0.905578231292516
0.905578231292516
0.905578231292516
0.905578231292516
0.7662585034013603
2.066575963718819
2.066575963718819
