OnSet desviation
0
-1.1145578231292517
-1.0913378684807256
-1.0913378684807258
-1.1377777777777776
-1.021678004535148
-0.9520181405895691
-0.9752380952380948
-0.9287981859410426
-0.8591383219954647
-0.7894784580498868
-0.835918367346939
-0.7198185941043072
-0.7662585034013585
-0.6965986394557824
-0.5572789115646248
-0.41795918367346907
-0.06965986394557788
-0.06965986394557788
-0.13931972789115576
-0.27863945578231153
-0.5340589569160983
-0.5340589569160983
-0.9752380952380957
-0.9752380952380939
-0.9752380952380939
-0.9752380952380957
-0.9752380952380957
-0.9752380952380939
-0.9752380952380939
-0.9752380952380939
-0.9752380952380939
-1.021678004535147
-1.021678004535147
-1.021678004535147
-1.021678004535147
-1.021678004535147
-1.021678004535147
-1.021678004535147
-1.021678004535147
-0.8823582766439912
-0.8823582766439912
-0.9287981859410444
-0.9520181405895691
-0.9520181405895691
-0.9752380952380939
-0.9752380952380939
-0.9752380952380939
-0.9752380952380939
-0.9752380952380939
-0.9752380952380939
-0.9752380952380939
-0.9752380952380939
-0.9752380952380975
-1.1145578231292497
-1.1145578231292497
-1.2770975056689338
-1.2770975056689338
-1.2770975056689338
-1.2770975056689338
-1.2770975056689338
-1.2770975056689338
-1.2770975056689338
-1.2770975056689338
-1.2770975056689338
-1.2770975056689338
-1.2770975056689338
-1.4164172335600895
-1.416417233560093
-1.4164172335600895
-1.4164172335600895
-1.4164172335600895
-1.5789569160997736
-1.57895691609977
-1.57895691609977
-1.5789569160997736
-1.7414965986394542
-1.7414965986394542
-1.695056689342401
-1.6950566893424046
-1.6950566893424046
-1.695056689342401
-1.695056689342401
-1.6950566893424046
-1.695056689342401
-1.695056689342401
-1.5789569160997736
-1.57895691609977
-1.57895691609977
-1.021678004535147
-1.0681179138321966
-1.2306575963718807
-1.2306575963718807
-1.2306575963718807
-1.2306575963718807
-1.2306575963718807
-1.2306575963718807
-1.2306575963718807
-1.2306575963718807
-1.3699773242630364
-1.3699773242630364
-1.3699773242630364
-1.3699773242630364
-1.3699773242630364
-1.3699773242630364
-1.3699773242630364
-1.3699773242630364
-1.3699773242630364
-1.36997732426304
-1.36997732426304
-1.36997732426304
-1.36997732426304
-1.3699773242630364
-1.3699773242630364
-1.3699773242630364
-1.3699773242630364
-1.4628571428571426
-1.4628571428571426
-1.4628571428571426
-1.4628571428571426
-1.4628571428571426
-1.4628571428571426
-1.4628571428571426
-1.4628571428571426
-1.4628571428571426
-1.532517006802724
-1.532517006802724
-1.532517006802724
-1.532517006802724
-1.648616780045348
-1.648616780045355
-1.648616780045355
-1.648616780045355
-1.648616780045355
-1.648616780045348
-1.648616780045348
-1.648616780045348
-1.648616780045348
-2.1130158730158755
-2.1130158730158755
-2.1130158730158755
-2.1130158730158755
-1.9040362811791383
0.34829931972788586
0.34829931972788586
