OnSet desviation
0
-1.0681179138321997
-0.9752380952380952
-1.0681179138321992
-1.0448979591836736
-1.114557823129252
-1.2074376417233563
-1.1609977324263037
-1.253877551020408
-1.3699773242630382
-1.2770975056689347
-1.5092970521541957
-1.48607709750567
-1.6486167800453497
-1.6021768707482984
-1.671836734693878
-1.7182766439909294
-1.7182766439909294
-1.741496598639456
-1.927256235827663
-2.2523356009070277
-2.530975056689341
-2.530975056689341
-2.9721541950113384
-2.9721541950113366
-2.9721541950113366
-2.9721541950113384
-2.9721541950113384
-2.9721541950113366
-2.9721541950113366
-2.9721541950113366
-2.9721541950113384
-3.0185941043083897
-3.0185941043083897
-3.0185941043083897
-3.0185941043083897
-3.018594104308388
-3.0185941043083915
-3.0185941043083915
-3.0185941043083897
-3.0185941043083897
-3.0185941043083897
-3.111473922902496
-3.1346938775510207
-3.1346938775510207
-3.1579138321995455
-3.1579138321995455
-3.1579138321995472
-3.1579138321995472
-3.1579138321995472
-3.1579138321995472
-3.1579138321995472
-3.1579138321995472
-3.1579138321995472
-3.343673469387756
-3.343673469387756
-3.50621315192744
-3.50621315192744
-3.5062131519274367
-3.50621315192744
-3.50621315192744
-3.50621315192744
-3.5062131519274367
-3.5062131519274367
-3.50621315192744
-3.459773242630387
-3.459773242630387
-3.5758730158730145
-3.575873015873018
-3.575873015873018
-3.575873015873018
-3.575873015873018
-3.7384126984126986
-3.7384126984126986
-3.7384126984126986
-3.738412698412702
-3.831292517006805
-3.831292517006805
-3.715192743764174
-3.715192743764174
-3.761632653061227
-3.7616326530612234
-3.7616326530612234
-3.761632653061227
-3.7616326530612234
-3.7616326530612234
-3.599092970521543
-3.599092970521543
-3.599092970521543
-3.599092970521543
-3.482993197278912
-3.4597732426303835
-3.4597732426303835
-3.4597732426303835
-3.4597732426303835
-3.459773242630387
-3.459773242630387
-3.459773242630387
-3.459773242630387
-3.6687528344671207
-3.6687528344671207
-3.6687528344671207
-3.6687528344671207
-3.6687528344671207
-3.6687528344671207
-3.6687528344671207
-3.6687528344671207
-3.6687528344671207
-3.6687528344671243
-3.6687528344671243
-3.6687528344671243
-3.6687528344671243
-3.6687528344671207
-3.6687528344671207
-3.6687528344671207
-3.6687528344671207
-3.6919727891156455
-3.691972789115649
-3.691972789115649
-3.691972789115649
-3.691972789115649
-3.6919727891156455
-3.6919727891156455
-3.6919727891156455
-3.6919727891156455
-3.7616326530612305
-3.7616326530612305
-3.7616326530612305
-3.7616326530612305
-3.7151927437641703
-3.715192743764174
-3.715192743764174
-3.715192743764174
-3.715192743764174
-3.715192743764174
-3.715192743764174
-3.715192743764174
-3.715192743764174
-3.947392290249436
-3.947392290249436
-3.947392290249436
-3.947392290249436
-3.599092970521543
-2.6470748299319737
-2.6470748299319737
