OnSet desviation
0
0.006711684807256257
-0.0794564489795917
0.020135054421768217
-0.1821328526077095
0.1728781519274376
-0.14548952834467155
0.209521476190476
0.1465732970521536
0.0836251179138312
0.020676938775510578
0.09704848752834483
0.1037601723356012
0.18013172108843634
0.16362345124716704
0.19355509070294907
0.24670668480725766
0.23845254988662212
0.25341836961451314
0.3148240986394555
0.30656996371881995
0.43763555668934373
0.4293814217687082
0.8623064251700701
0.8772722448979593
0.8779183367346945
0.8785644285714298
0.8785644285714298
0.8792105204081633
0.8798566122448968
0.8798566122448968
0.8805027040816338
0.9275887052154204
0.9275887052154204
0.9282347970521556
0.9056609342403643
0.9063070260770978
0.9069531179138348
0.9069531179138348
0.9075992097505683
0.9082453015873018
0.9082453015873018
1.2339707585034034
1.2578368049886635
1.2578368049886635
1.2817028514739235
1.2823489433106552
1.2829950351473904
1.2836411269841292
1.2836411269841292
1.284287218820861
1.2849333106575962
1.2849333106575962
1.285579402494335
1.4719851315192756
1.4719851315192756
1.6351709058956914
1.6358169977324266
1.6364630895691619
1.6371091814058971
1.6371091814058971
1.6377552732426288
1.6384013650793676
1.6384013650793676
1.6390474569161029
1.6396935487528346
1.6396935487528346
1.7796593684807256
1.7803054603174644
1.780951552154196
1.7815976439909278
1.7815976439909278
1.9447834183673471
1.9454295102040824
1.9454295102040824
1.9460756020408176
2.1324813310657618
2.1324813310657618
2.2724471507936492
2.273093242630388
2.2737393344671197
2.274385426303855
2.274385426303855
2.275031518140594
2.252457655328797
2.252457655328797
2.2763237018140607
2.2769697936507924
2.2769697936507924
2.2776158854875312
2.3711417959183656
2.6510734353741476
2.6510734353741476
2.6510734353741476
2.6510734353741476
2.652365619047618
2.652365619047618
2.652365619047618
2.652365619047618
2.862637394557826
2.862637394557826
2.862637394557826
2.862637394557826
2.863929578231293
2.8652217619047633
2.8652217619047633
2.8652217619047633
2.8652217619047633
2.866513945578234
2.866513945578234
2.866513945578234
2.866513945578234
2.8678061292517008
2.8678061292517008
2.8678061292517008
2.8678061292517008
3.078077904761905
3.0793700884353754
3.0793700884353754
3.0793700884353754
3.0793700884353754
3.0806622721088424
3.0806622721088424
3.0806622721088424
3.0806622721088424
3.1516143197278943
3.1516143197278943
3.1516143197278943
3.1516143197278943
3.3618860952380913
3.363178278911562
3.363178278911562
3.363178278911562
3.363178278911562
3.3644704625850324
3.3644704625850324
3.3644704625850324
3.3644704625850324
4.062361285714285
4.062361285714285
4.062361285714285
4.062361285714285
4.040433514739227
5.8541743446712005
5.8541743446712005
