OnSet desviation
0
-0.01650826984126985
-0.0794564489795917
0.020135054421768217
-0.22857276190476172
0.2425380158730155
-0.006169800453514895
0.325621249433107
0.3091129795918368
0.3158246643990923
0.32253634920634955
0.3524679886621316
0.47527944671201894
0.5052110861678027
0.5583626802721096
0.7276140476190491
0.9200853696145135
1.2601305544217691
1.2750963741496602
1.2668422392290246
1.1192683764172333
0.9949144682539703
0.9866603333333348
0.9784061984126993
0.9933720181405903
0.9940181099773255
0.994664201814059
0.994664201814059
0.9953102936507943
0.9959563854875277
0.9959563854875277
0.9966024773242648
0.9972485691609982
0.9972485691609982
0.9978946609977335
0.9753207981859422
0.9759668900226757
0.9766129818594127
0.9766129818594127
0.9772590736961462
1.1172248934240354
1.1172248934240354
1.396510441043084
1.3971565328798192
1.3971565328798192
1.3978026247165545
1.3984487165532862
1.3990948083900214
1.3997409002267602
1.3997409002267602
1.400386992063492
1.4010330839002272
1.4010330839002272
1.4016791757369624
1.4487651768707508
1.4487651768707508
1.4494112687074825
1.4500573605442177
1.450703452380953
1.4513495442176882
1.4513495442176882
1.45199563605442
1.4526417278911588
1.4526417278911588
1.453287819727894
1.4539339115646257
1.4539339115646257
1.454580003401361
1.4552260952380962
1.4558721870748315
1.4565182789115632
1.4565182789115632
1.4571643707482984
1.4578104625850372
1.4578104625850372
1.458456554421769
1.4823226009070325
1.4823226009070325
1.668728329931973
1.6693744217687083
1.67002051360544
1.6706666054421788
1.6706666054421788
1.671312697278914
1.648738834467121
1.648738834467121
1.788704654195012
1.7893507460317473
1.7893507460317473
2.347275749433109
2.394361750566894
2.511753707482992
2.511753707482992
2.511753707482992
2.511753707482992
2.5130458911564624
2.5130458911564624
2.5130458911564624
2.5130458911564624
2.5839979387755143
2.5839979387755143
2.5839979387755143
2.5839979387755143
2.5852901224489813
2.5865823061224518
2.5865823061224518
2.5865823061224518
2.5865823061224518
2.5878744897959187
2.5878744897959187
2.5878744897959187
2.5878744897959187
2.5891666734693892
2.5891666734693892
2.5891666734693892
2.5891666734693892
2.706558630385487
2.7078508140589577
2.7078508140589577
2.7078508140589577
2.7078508140589577
2.7091429977324246
2.7091429977324246
2.7091429977324246
2.7091429977324246
2.710435181405895
2.710435181405895
2.710435181405895
2.710435181405895
2.8046071836734683
2.8058993673469352
2.8058993673469352
2.8058993673469352
2.8058993673469352
2.807191551020413
2.807191551020413
2.807191551020413
2.807191551020413
3.040683281179138
3.040683281179138
3.040683281179138
3.040683281179138
3.2277351020408176
7.293811532879815
7.293811532879815
