OnSet desviation
0
-1.0913378684807258
-0.8823582766439908
-0.8823582766439908
-0.6037188208616779
-0.5108390022675735
-0.3947392290249434
-0.3947392290249443
-0.18575963718820887
1.7763568394002505e-15
0.1857596371882071
0.1857596371882071
0.3482993197278894
0.48761904761904695
0.650158730158731
1.091337868480725
0.9055782312925142
0.789478458049885
0.7198185941043072
0.7662585034013603
0.4876190476190452
0.04643990929704955
-0.06965986394557788
-0.5804988662131514
-0.6037188208616797
-1.0913378684807284
-1.2770975056689338
-1.2770975056689338
-1.6486167800453515
-1.6486167800453515
-1.6486167800453515
-2.1362358276644002
-2.1362358276644002
-2.1362358276644002
-2.7167346938775516
-2.8096145124716543
-2.9953741496598667
-3.1579138321995472
-3.1579138321995472
-3.80807256235828
-3.8312925170068013
-3.8312925170068013
-4.365351473922903
-4.783310657596374
-4.783310657596374
-4.78331065759637
-4.783310657596374
-4.852970521541952
-5.0619501133786855
-5.0619501133786855
-5.270929705215419
-5.828208616780046
-5.828208616780046
-6.571247165532878
-6.640907029478459
-6.640907029478459
-7.082086167800455
-7.151746031746033
-7.383945578231291
-7.500045351473926
-7.500045351473926
-7.616145124716553
-8.010884353741499
-8.010884353741499
-8.452063492063495
-8.962902494331065
-8.962902494331065
-8.986122448979593
-8.98612244897959
-9.079002267573696
-9.125442176870752
-9.125442176870752
-8.939682539682543
-8.89324263038549
-8.89324263038549
-8.893242630385483
-10.425759637188207
-10.425759637188207
-10.95981859410431
-10.959818594104313
-11.052698412698412
-11.215238095238096
-11.215238095238096
-11.099138321995468
-10.95981859410431
-10.95981859410431
-10.797278911564625
-10.61151927437642
-10.61151927437642
-10.495419501133785
-9.032562358276646
-11.517097505668936
-11.517097505668936
-11.517097505668936
-11.517097505668936
-11.517097505668932
-11.517097505668932
-11.517097505668932
-11.517097505668932
-11.58675736961451
-11.58675736961451
-11.58675736961451
-11.58675736961451
-11.42421768707483
-11.238458049886617
-11.238458049886617
-11.238458049886617
-11.238458049886617
-11.308117913832206
-11.308117913832206
-11.308117913832206
-11.308117913832206
-11.308117913832199
-11.308117913832199
-11.308117913832199
-11.308117913832199
-10.866938775510206
-10.797278911564625
-10.797278911564625
-10.797278911564625
-10.797278911564625
-10.634739229024945
-10.634739229024945
-10.634739229024945
-10.634739229024945
-10.634739229024945
-10.634739229024945
-10.634739229024945
-10.634739229024945
-10.565079365079363
-10.402539682539683
-10.402539682539683
-10.402539682539683
-10.402539682539683
-9.914920634920641
-9.914920634920641
-9.914920634920641
-9.914920634920641
-9.40408163265306
-9.40408163265306
-9.40408163265306
-9.40408163265306
-10.193560090702952
-9.729160997732421
-9.729160997732421
