OnSet desviation
0
0.3085710952380952
0.7564619183673471
1.0418130589569161
1.3968240634920632
2.05369447845805
2.339045619047619
2.6243967596371878
3.0955075374149663
3.496958451247166
4.014509138321994
4.369520142857141
4.585211419501132
4.986662333333333
5.434553156462586
6.1146435260770975
6.121355210884351
6.252420803854875
6.383486396825395
6.421672171201813
6.227658399092968
5.89432489909297
5.86285080952381
5.715276946712018
5.707022811791383
5.591569130385485
5.4064555850340135
5.4064555850340135
5.314221858276644
5.314867950113378
5.314867950113378
5.315514041950111
5.316160133786845
5.316160133786845
5.3168062256235835
5.294232362811792
5.178778681405895
5.063325000000001
5.063325000000001
4.971091273242628
4.971737365079365
4.971737365079365
4.9723834569160985
4.973029548752834
4.973029548752834
4.973675640589569
4.974321732426301
4.905307960317458
4.69697446031746
4.69697446031746
4.488640960317458
4.442847142857143
4.442847142857143
4.350613416099776
4.28159964399093
4.28159964399093
4.2822457358276615
4.282891827664397
4.283537919501136
4.168084238095236
4.168084238095236
4.052630556689341
4.006836739229026
4.006836739229026
3.984262876417233
3.9384690589569153
3.9384690589569153
3.915895196145126
3.916541287981861
3.82430756122449
3.639194015873013
3.639194015873013
3.6166201530612234
3.6172662448979587
3.6172662448979587
3.617912336734694
3.618558428571429
3.618558428571429
3.619204520408161
3.619850612244896
3.527616885487525
3.36572329478458
3.36572329478458
3.366369386621315
3.343795523809522
3.343795523809522
3.3444416156462573
3.3450877074829926
3.3450877074829926
3.345733799319728
4.809237034013602
4.810529217687073
4.810529217687073
4.810529217687073
4.810529217687073
4.811821401360543
4.811821401360543
4.811821401360543
4.811821401360543
6.1366510000000005
6.1366510000000005
6.1366510000000005
6.1366510000000005
6.300482866213155
6.766174142857146
6.766174142857146
6.766174142857146
6.766174142857146
7.974903968253965
7.974903968253965
7.974903968253965
7.974903968253965
7.976196151927439
7.976196151927439
7.976196151927439
7.976196151927439
8.418667473922898
8.67537915873016
8.67537915873016
8.67537915873016
8.67537915873016
9.1875103446712
9.1875103446712
9.1875103446712
9.1875103446712
9.188802528344667
9.188802528344667
9.188802528344667
9.188802528344667
10.4904121723356
10.863223630385484
10.863223630385484
10.863223630385484
10.863223630385484
11.352134861678003
11.352134861678003
11.352134861678003
11.352134861678003
12.816284188208616
12.816284188208616
12.816284188208616
12.816284188208616
12.794356417233558
13.795398834467122
13.795398834467122
