OnSet desviation
0
-0.9520181405895691
-0.9055782312925169
-0.9055782312925169
-0.6965986394557824
-0.6965986394557824
-0.4411791383219956
-0.6269387755102045
-0.4411791383219956
-0.27863945578231153
-0.1625396825396841
-0.13931972789115754
0.0696598639455761
0.09287981859410266
0.20897959183673542
0.48761904761904695
0.4876190476190452
0.3947392290249425
0.4876190476190452
0.5340589569160983
0.5804988662131514
0.5572789115646231
0.5804988662131514
0.5804988662131514
0.6501587301587293
0.5804988662131514
0.6037188208616797
0.6037188208616797
0.7198185941043107
0.8823582766439912
0.8823582766439912
0.8823582766439877
0.8823582766439877
0.8823582766439877
0.8823582766439912
0.8823582766439912
0.8591383219954629
0.8126984126984134
0.8126984126984134
0.7198185941043072
0.7198185941043072
0.7198185941043072
0.7198185941043072
0.7198185941043072
0.7198185941043072
0.7430385487528355
0.7430385487528355
0.789478458049885
0.789478458049885
0.789478458049885
0.789478458049885
0.7662585034013603
0.7662585034013603
0.6733786848072576
0.6037188208616797
0.6037188208616797
0.6037188208616762
0.673378684807254
0.7662585034013603
0.7430385487528319
0.7430385487528319
0.7662585034013603
0.8823582766439912
0.8823582766439912
0.8823582766439912
0.8359183673469381
0.8359183673469381
0.8126984126984134
0.8126984126984134
0.8359183673469381
0.8359183673469381
0.8359183673469381
0.8823582766439912
0.8823582766439877
0.8823582766439877
0.8823582766439912
0.8823582766439912
0.8823582766439912
0.8823582766439912
0.8823582766439877
0.905578231292516
0.8591383219954629
0.8591383219954629
0.8591383219954629
0.8591383219954629
0.8591383219954629
0.8591383219954629
0.8591383219954665
0.8591383219954665
0.8591383219954629
1.57895691609977
1.2074376417233559
1.2074376417233559
1.2074376417233559
1.2074376417233559
1.2074376417233559
1.2074376417233559
1.2074376417233559
1.2074376417233559
1.3699773242630364
1.3699773242630364
1.3699773242630364
1.3699773242630364
1.532517006802724
1.718276643990933
1.718276643990933
1.718276643990933
1.718276643990933
2.0433560090702905
2.0433560090702905
2.0433560090702905
2.0433560090702905
2.043356009070294
2.043356009070294
2.043356009070294
2.043356009070294
2.18267573696145
2.2291156462585064
2.2291156462585064
2.2291156462585064
2.2291156462585064
2.368435374149655
2.368435374149655
2.368435374149655
2.368435374149655
2.368435374149655
2.368435374149655
2.368435374149655
2.368435374149655
2.6702947845804985
2.716734693877548
2.716734693877548
2.716734693877548
2.716734693877548
1.9969160997732374
1.9969160997732374
1.9969160997732374
1.9969160997732374
3.1579138321995472
3.1579138321995472
3.1579138321995472
3.1579138321995472
3.1114739229024906
3.065034013605441
3.065034013605441
