OnSet desviation
0
-1.160997732426304
-0.9984580498866213
-0.9984580498866213
-0.928798185941043
-0.8359183673469381
-0.9752380952380948
-0.7894784580498877
-0.7662585034013603
-0.7430385487528337
-0.6733786848072558
-0.6965986394557824
-0.7430385487528337
-0.6269387755102027
-0.5804988662131514
-0.41795918367346907
-0.6037188208616779
-0.6269387755102045
-0.789478458049885
-0.789478458049885
-1.1145578231292532
-1.5325170068027205
-1.6718367346938763
-2.18267573696145
-2.275555555555556
-2.693514739229027
-2.9024943310657605
-2.9024943310657605
-3.390113378684809
-3.5526530612244898
-3.5526530612244898
-4.040272108843535
-4.040272108843535
-4.040272108843535
-4.62077097505669
-4.7136507936507925
-4.876190476190477
-4.992290249433108
-4.992290249433108
-5.549569160997734
-5.5727891156462555
-5.5727891156462555
-6.106848072562357
-6.524807256235828
-6.524807256235828
-6.548027210884353
-6.5480272108843565
-6.664126984126984
-6.8731065759637175
-6.8731065759637175
-7.082086167800451
-7.616145124716553
-7.616145124716553
-8.266303854875282
-8.266303854875286
-8.266303854875286
-8.707482993197278
-8.846802721088434
-9.171882086167798
-9.264761904761905
-9.264761904761905
-9.40408163265306
-9.914920634920637
-9.914920634920637
-10.356099773242633
-10.82049886621315
-10.82049886621315
-10.820498866213153
-10.82049886621315
-10.93659863945578
-10.983038548752837
-10.983038548752837
-10.843718820861682
-10.797278911564625
-10.797278911564625
-10.797278911564621
-12.329795918367346
-12.329795918367346
-12.863854875283447
-12.863854875283447
-12.979954648526075
-13.096054421768706
-13.096054421768706
-12.979954648526078
-12.840634920634919
-12.840634920634919
-12.678095238095235
-12.492335600907033
-12.492335600907033
-12.376235827664395
-11.633197278911563
-13.746213151927439
-13.746213151927439
-13.746213151927439
-13.746213151927439
-13.746213151927435
-13.746213151927435
-13.746213151927435
-13.746213151927435
-13.978412698412694
-13.978412698412694
-13.978412698412694
-13.978412698412694
-13.9784126984127
-13.978412698412697
-13.978412698412697
-13.978412698412697
-13.978412698412697
-14.373151927437643
-14.373151927437643
-14.373151927437643
-14.373151927437643
-14.37315192743764
-14.37315192743764
-14.37315192743764
-14.37315192743764
-14.071292517006803
-14.048072562358279
-14.048072562358279
-14.048072562358279
-14.048072562358279
-14.024852607709747
-14.024852607709747
-14.024852607709747
-14.024852607709747
-14.024852607709747
-14.024852607709747
-14.024852607709747
-14.024852607709747
-14.257052154195009
-14.140952380952378
-14.140952380952378
-14.140952380952378
-14.140952380952378
-12.933514739229025
-12.933514739229025
-12.933514739229025
-12.933514739229025
-13.583673469387755
-13.583673469387755
-13.583673469387755
-13.583673469387755
-14.32671201814059
-13.81587301587301
-13.81587301587301
