OnSet desviation
0
-0.6269387755102043
-0.6501587301587306
-0.626938775510204
-0.6733786848072567
-0.5804988662131527
-0.719818594104308
-0.7894784580498868
-0.8591383219954638
-0.8126984126984125
-0.8591383219954647
-0.8359183673469399
-0.9984580498866205
-1.1609977324263046
-1.1145578231292514
-1.2074376417233559
-1.0681179138322001
-0.9752380952380957
-1.0448979591836736
-1.0448979591836718
-1.1377777777777762
-1.3931972789115648
-1.4628571428571409
-1.5092970521541957
-1.555736961451247
-1.555736961451247
-1.4860770975056692
-1.4860770975056692
-1.4860770975056674
-1.4860770975056692
-1.4860770975056692
-1.4860770975056692
-1.6253968253968267
-1.6253968253968267
-1.787936507936509
-1.7182766439909312
-1.6718367346938763
-1.6718367346938763
-1.6718367346938763
-1.695056689342401
-1.8343764172335568
-1.8343764172335568
-1.8343764172335604
-1.8343764172335604
-1.8343764172335604
-1.8343764172335604
-1.8343764172335604
-1.8343764172335604
-1.8343764172335604
-1.8343764172335604
-1.8343764172335568
-1.8343764172335604
-1.8343764172335604
-1.8343764172335604
-1.9040362811791347
-1.9040362811791347
-1.9736961451247161
-1.9272562358276666
-1.927256235827663
-1.927256235827663
-1.927256235827663
-1.9504761904761914
-1.9736961451247161
-1.9736961451247161
-2.0201360544217657
-2.1362358276643967
-2.1362358276643967
-2.1362358276644002
-2.1362358276644002
-2.159455782312925
-2.229115646258503
-2.229115646258503
-2.229115646258503
-2.252335600907031
-2.252335600907031
-2.252335600907031
-2.275555555555556
-2.275555555555556
-2.275555555555556
-2.275555555555556
-2.345215419501134
-2.3684353741496587
-2.3684353741496587
-2.345215419501134
-2.345215419501134
-2.345215419501134
-2.345215419501134
-2.345215419501134
-2.345215419501134
-2.345215419501134
-2.043356009070294
-2.345215419501134
-2.345215419501134
-2.345215419501134
-2.345215419501134
-2.345215419501134
-2.345215419501134
-2.345215419501134
-2.345215419501134
-1.996916099773241
-1.996916099773241
-1.996916099773241
-1.996916099773241
-1.996916099773241
-2.113015873015872
-2.113015873015872
-2.113015873015872
-2.113015873015872
-2.159455782312925
-2.159455782312925
-2.159455782312925
-2.159455782312925
-2.2058956916099746
-2.2058956916099746
-2.2058956916099746
-2.2058956916099746
-2.205895691609978
-2.2058956916099746
-2.2058956916099746
-2.2058956916099746
-2.2058956916099746
-2.205895691609978
-2.205895691609978
-2.205895691609978
-2.205895691609978
-2.205895691609978
-2.205895691609978
-2.205895691609978
-2.205895691609978
-2.4845351473922896
-2.623854875283449
-2.623854875283449
-2.623854875283449
-2.623854875283449
-2.6238548752834454
-2.6238548752834454
-2.6238548752834454
-2.6238548752834454
-2.530975056689339
-2.530975056689339
-2.530975056689339
-2.530975056689339
-2.6006349206349206
-2.391655328798187
-2.391655328798187
