OnSet desviation
0
0.2156912766439909
0.15274309750566917
0.32199446485260763
0.14294651247165557
0.3354178344671208
0.24924970068027186
0.3720611587301592
0.3323329342403625
0.38548452834467106
0.415416167800454
0.42212785260771035
0.42883953741496583
0.4819911315192762
0.5815826349206361
0.5882943197278916
0.47890623129251786
0.4938720510204089
0.6249376439909291
0.6166835090702936
0.5387695102040801
0.48407546598639506
0.4758213310657595
0.46756719614512576
0.4825330158730168
0.48317910770975026
0.4838251995464855
0.4838251995464855
0.484471291383219
0.48511738321995423
0.48511738321995423
0.4857634750566895
0.7186091133786849
0.7186091133786849
0.8817948877551043
0.859221024943313
0.8598671167800447
0.8605132086167782
0.8605132086167782
0.9075992097505647
1.094004938775507
1.094004938775507
1.0946510306122441
1.0952971224489794
1.0952971224489794
1.095943214285711
1.0965893061224463
1.0972353979591816
1.0978814897959168
1.0978814897959168
1.0985275816326485
1.0991736734693873
1.0991736734693873
1.0998197653061226
1.1701257210884322
1.1701257210884322
1.26365163151927
1.2642977233560089
1.2649438151927441
1.2655899070294758
1.2655899070294758
1.2894559535147359
1.3133219999999994
1.3133219999999994
1.3604080011337842
1.593253639455778
1.593253639455778
1.5938997312925167
1.594545823129252
1.5951919149659837
1.595838006802719
1.595838006802719
1.5964840986394542
1.6203501451247178
1.6203501451247178
1.6209962369614495
1.7377421020408157
1.7377421020408157
1.9938076950113341
1.994453786848073
1.9486599693877515
1.809986333333331
1.809986333333331
1.7874124705215415
1.7648386077097484
1.7648386077097484
1.7654846995464837
1.766130791383219
1.766130791383219
1.7667768832199542
1.7674229750566859
2.093794523809521
2.093794523809521
2.093794523809521
2.093794523809521
2.0950867074829915
2.0950867074829915
2.0950867074829915
2.0950867074829915
2.235698619047618
2.235698619047618
2.235698619047618
2.235698619047618
2.2369908027210883
2.3543827596371862
2.3543827596371862
2.3543827596371862
2.3543827596371862
2.40211485260771
2.40211485260771
2.40211485260771
2.40211485260771
2.403407036281177
2.403407036281177
2.403407036281177
2.403407036281177
2.4046992199546473
2.4059914036281143
2.4059914036281143
2.4059914036281143
2.4059914036281143
2.4072835873015848
2.4072835873015848
2.4072835873015848
2.4072835873015848
2.4085757709750553
2.4085757709750553
2.4085757709750553
2.4085757709750553
2.6885074104308373
2.8291193219954636
2.8291193219954636
2.8291193219954636
2.8291193219954636
2.830411505668934
2.830411505668934
2.830411505668934
2.830411505668934
2.831703689342401
2.831703689342401
2.831703689342401
2.831703689342401
2.8794357823129246
3.532178879818595
3.532178879818595
