OnSet desviation
0
-0.5804988662131523
-0.510839002267574
-0.48761904761904784
-0.5804988662131523
-0.3018594104308394
-0.3947392290249434
-0.3947392290249434
-0.44117913832199473
-0.3482993197278912
-0.37151927437641685
-0.3482993197278912
-0.4643990929705204
-0.5572789115646266
-0.5108390022675735
-0.5572789115646248
-0.5340589569161001
-0.4643990929705204
-0.41795918367346907
-0.41795918367346907
-0.44117913832199385
-0.5340589569161001
-0.6037188208616762
-0.5804988662131514
-0.6037188208616779
-0.6037188208616779
-0.6269387755102045
-0.6269387755102045
-0.6269387755102027
-0.6269387755102045
-0.6269387755102045
-0.6269387755102045
-0.5804988662131532
-0.5804988662131532
-0.6733786848072558
-0.6269387755102045
-0.5804988662131496
-0.5804988662131514
-0.5804988662131514
-0.5572789115646231
-0.5108390022675735
-0.5108390022675735
-0.5108390022675735
-0.5108390022675735
-0.5108390022675735
-0.5108390022675735
-0.5108390022675735
-0.41795918367347085
-0.41795918367347085
-0.41795918367347085
-0.4179591836734673
-0.4179591836734673
-0.4179591836734673
-0.41795918367347085
-0.4179591836734673
-0.4179591836734673
-0.3947392290249425
-0.34829931972789296
-0.3482993197278894
-0.3482993197278894
-0.3482993197278894
-0.34829931972789296
-0.34829931972789296
-0.34829931972789296
-0.3482993197278894
-0.23219954648525842
-0.23219954648525842
-0.23219954648526198
-0.23219954648526198
-0.25541950113378675
-0.3018594104308363
-0.3018594104308363
-0.3018594104308363
-0.30185941043083986
-0.30185941043083986
-0.30185941043083986
-0.27863945578231153
-0.27863945578231153
-0.2089795918367372
-0.20897959183673365
-0.23219954648526198
-0.32507936507936463
-0.32507936507936463
-0.32507936507936463
-0.32507936507936463
-0.32507936507936463
-0.3250793650793682
-0.32507936507936463
-0.32507936507936463
-0.32507936507936463
-0.23219954648526198
-0.20897959183673365
-0.20897959183673365
-0.20897959183673365
-0.20897959183673365
-0.20897959183673365
-0.20897959183673365
-0.20897959183673365
-0.20897959183673365
0.25541950113378675
0.25541950113378675
0.25541950113378675
0.25541950113378675
0.2554195011337903
0.25541950113378675
0.25541950113378675
0.25541950113378675
0.25541950113378675
0.25541950113378675
0.25541950113378675
0.25541950113378675
0.25541950113378675
0.2089795918367372
0.2089795918367372
0.2089795918367372
0.2089795918367372
0.20897959183673365
0.2089795918367372
0.2089795918367372
0.2089795918367372
0.2089795918367372
0.20897959183673365
0.20897959183673365
0.20897959183673365
0.20897959183673365
0.20897959183673365
0.20897959183673365
0.20897959183673365
0.20897959183673365
0.09287981859410621
0.06965986394557788
0.06965986394557788
0.06965986394557788
0.06965986394557788
0.06965986394557788
0.06965986394557788
0.06965986394557788
0.06965986394557788
0.06965986394557788
0.06965986394557788
0.06965986394557788
0.06965986394557788
0.06965986394557788
0.6965986394557859
0.6965986394557859
