OnSet desviation
0
-0.9287981859410429
-1.0216780045351475
-1.021678004535147
-0.9752380952380952
-1.160997732426304
-1.2074376417233554
-1.2770975056689347
-1.3003174603174603
-1.3467573696145125
-1.369977324263039
-1.36997732426304
-1.4164172335600913
-1.4860770975056692
-1.4860770975056692
-1.5325170068027223
-1.4164172335600913
-1.3931972789115665
-1.5092970521541957
-1.509297052154194
-1.5789569160997736
-1.741496598639456
-1.741496598639456
-1.8111564625850356
-1.8343764172335604
-1.8343764172335604
-1.741496598639456
-1.741496598639456
-1.741496598639456
-1.741496598639456
-1.741496598639456
-1.741496598639456
-1.9272562358276648
-1.9272562358276648
-1.9969160997732445
-1.973696145124718
-1.973696145124718
-1.9736961451247161
-1.9736961451247161
-2.0201360544217692
-2.2058956916099746
-2.2058956916099746
-2.205895691609978
-2.205895691609978
-2.205895691609978
-2.205895691609978
-2.205895691609978
-2.2987755102040808
-2.2987755102040808
-2.2987755102040808
-2.2987755102040808
-2.2987755102040843
-2.2987755102040843
-2.2987755102040808
-2.3684353741496587
-2.3684353741496587
-2.461315192743765
-2.461315192743765
-2.461315192743765
-2.461315192743765
-2.461315192743765
-2.4845351473922896
-2.5077551020408144
-2.5077551020408144
-2.5541950113378675
-2.7863945578231295
-2.7863945578231295
-2.7863945578231295
-2.7863945578231295
-2.7863945578231295
-2.809614512471658
-2.809614512471658
-2.809614512471658
-2.8328344671201826
-2.8328344671201826
-2.8328344671201826
-2.8792743764172357
-2.8792743764172357
-2.94893424036281
-2.9489342403628136
-2.995374149659863
-2.9257142857142853
-2.9257142857142853
-2.9024943310657605
-2.9024943310657605
-2.9024943310657605
-2.902494331065757
-2.9024943310657605
-2.9024943310657605
-2.9024943310657605
-2.6935147392290233
-3.0185941043083915
-3.0185941043083915
-3.0185941043083915
-3.0185941043083915
-3.0185941043083915
-3.0185941043083915
-3.0185941043083915
-3.0185941043083915
-3.134693877551019
-3.134693877551019
-3.134693877551019
-3.134693877551019
-3.1346938775510225
-3.25079365079365
-3.25079365079365
-3.25079365079365
-3.25079365079365
-3.297233560090703
-3.297233560090703
-3.297233560090703
-3.297233560090703
-3.297233560090703
-3.297233560090703
-3.297233560090703
-3.297233560090703
-3.297233560090703
-3.297233560090703
-3.297233560090703
-3.297233560090703
-3.297233560090703
-3.297233560090703
-3.297233560090703
-3.297233560090703
-3.297233560090703
-3.297233560090703
-3.297233560090703
-3.297233560090703
-3.297233560090703
-3.459773242630387
-3.575873015873018
-3.575873015873018
-3.575873015873018
-3.575873015873018
-3.5758730158730145
-3.5758730158730145
-3.5758730158730145
-3.5758730158730145
-3.4829931972789083
-3.4829931972789083
-3.4829931972789083
-3.4829931972789083
-3.5526530612244898
-3.970612244897964
-3.970612244897964
