OnSet desviation
0
0.44789082312925144
0.36172268934240326
0.5541940113378683
0.32870614965986356
0.6140572902494328
0.3885694285714285
0.4417210226757371
0.33233293424036336
0.4319244376417233
0.415416167800454
0.44534780725623513
0.28951980952381007
0.18013172108843634
0.32616313378684936
0.2399950000000004
0.26992663945578244
0.3777722777777779
0.43917800680272023
0.4309238718820865
0.2601300544217686
-0.049983490929705
-0.12789748979591664
-0.18259153401360528
-0.2140656235827656
-0.21341953174603212
-0.143113575963719
-0.143113575963719
-0.14246748412698373
-0.14182139229025026
-0.14182139229025026
-0.141175300453515
-0.047649390022677096
-0.047649390022677096
-0.04700329818594007
8.270294784651355e-05
0.04716870408163487
0.04781479591836835
0.04781479591836835
0.07168084240363015
0.11876684353741673
0.11876684353741673
0.11941293537415021
0.12005902721088546
0.12005902721088546
0.12070511904761716
0.12135121088435241
0.12199730272108766
0.12264339455782292
0.12264339455782292
0.12328948639455817
0.12393557823129342
0.12393557823129342
0.12458167006802867
0.12522776190476392
0.12522776190476392
0.1490938083900204
0.19617980952380876
0.19682590136054756
0.19747199319727926
0.19747199319727926
0.19811808503401096
0.19876417687074976
0.19876417687074976
0.19941026870748502
0.3161561337868477
0.3161561337868477
0.31680222562358296
0.3174483174603182
0.29487445464852513
0.2258606825396825
0.2258606825396825
0.22650677437641775
0.227152866213153
0.227152866213153
0.2277989580498847
0.32132486848072617
0.32132486848072617
0.5773904614512446
0.5780365532879834
0.46258287188208413
0.30068928117913885
0.30068928117913885
0.3013353730158741
0.278761510204081
0.278761510204081
0.27940760204081627
0.2800536938775515
0.2800536938775515
0.2806997857142868
0.5832052879818583
0.6077174263038536
0.6077174263038536
0.6077174263038536
0.6077174263038536
0.6090096099773241
0.6090096099773241
0.6090096099773241
0.6090096099773241
1.0979208412698434
1.0979208412698434
1.0979208412698434
1.0979208412698434
1.0992130249433139
1.1005052086167808
1.1005052086167808
1.1005052086167808
1.1005052086167808
1.1017973922902513
1.1017973922902513
1.1017973922902513
1.1017973922902513
1.0566496666666687
1.0566496666666687
1.0566496666666687
1.0566496666666687
1.0579418503401357
1.0592340340136062
1.0592340340136062
1.0592340340136062
1.0592340340136062
1.0605262176870731
1.0605262176870731
1.0605262176870731
1.0605262176870731
1.0618184013605436
1.0618184013605436
1.0618184013605436
1.0618184013605436
1.0631105850340141
1.064402768707481
1.064402768707481
1.064402768707481
1.064402768707481
1.0656949523809551
1.0656949523809551
1.0656949523809551
1.0656949523809551
1.1598669546485283
1.1598669546485283
1.1598669546485283
1.1598669546485283
1.1379391836734705
1.9996618730158744
1.9996618730158744
