OnSet desviation
0
0.1460314126984128
-0.009796585034013594
0.15945478231292531
0.02684673922902503
0.0335584240362814
-0.09904961904761889
-0.045898024943310745
-0.10884620408163315
-0.10213451927437678
-0.09542283446712041
-0.08871114965986493
-0.12843937414966078
-0.1449476439909283
-0.04535614058956838
-0.08508436507936601
-0.07837268027210875
-0.04018690589569296
-0.025221086167801943
-0.0334752210884357
-0.18104908390022878
-0.3982828106575962
-0.4065369455782317
-0.48445094444444514
-0.4927050793650789
-0.4920589875283454
-0.39853307709750574
-0.39853307709750574
-0.39788698526077226
-0.397240893424037
-0.397240893424037
-0.39659480158730176
-0.3495088004535152
-0.3495088004535152
-0.2559828900226755
-0.25533679818594024
-0.25469070634920676
-0.2540446145124715
-0.2540446145124715
-0.25339852267573804
-0.252752430839001
-0.252752430839001
-0.25210633900226753
-0.2514602471655323
-0.2514602471655323
-0.2508141553288006
-0.25016806349206533
-0.34240179024943274
-0.3417556984126975
-0.3417556984126975
-0.3411096065759658
-0.34046351473923053
-0.34046351473923053
-0.33981742290249173
-0.33917133106576003
-0.33917133106576003
-0.33852523922902833
-0.3378791473922895
-0.3372330555555543
-0.3365869637188226
-0.3365869637188226
-0.3359408718820873
-0.3352947800453485
-0.3352947800453485
-0.3346486882086168
-0.3340025963718851
-0.3340025963718851
-0.3333565045351463
-0.33271041269841106
-0.33206432086167936
-0.35463818367347244
-0.35463818367347244
-0.3539920918367372
-0.3533459999999984
-0.3533459999999984
-0.3526999081632667
-0.28239395238095355
-0.28239395238095355
-0.09598822335600943
-0.09534213151927418
-0.18757585827664514
-0.25658963038548777
-0.25658963038548777
-0.2559435385487525
-0.2785174013605456
-0.2785174013605456
-0.2778713095238068
-0.2772252176870751
-0.2772252176870751
-0.27657912585033984
-0.06695344217687094
-0.06566125850340399
-0.06566125850340399
-0.06566125850340399
-0.06566125850340399
-0.06436907482993348
-0.06436907482993348
-0.06436907482993348
-0.06436907482993348
-0.03985693650793465
-0.03985693650793465
-0.03985693650793465
-0.03985693650793465
-0.0385647528344677
-0.03727256916099719
-0.03727256916099719
-0.03727256916099719
-0.03727256916099719
-0.03598038548752669
-0.03598038548752669
-0.03598038548752669
-0.03598038548752669
-0.03468820181405974
-0.03468820181405974
-0.03468820181405974
-0.03468820181405974
-0.033396018140589234
-0.03210383446712228
-0.03210383446712228
-0.03210383446712228
-0.03210383446712228
-0.03081165079365178
-0.03081165079365178
-0.03081165079365178
-0.03081165079365178
-0.029519467120181275
-0.029519467120181275
-0.029519467120181275
-0.029519467120181275
0.08787248979591666
0.11238462811791194
0.11238462811791194
0.11238462811791194
0.11238462811791194
0.113676811791386
0.113676811791386
0.113676811791386
0.113676811791386
0.20784881405895916
0.20784881405895916
0.20784881405895916
0.20784881405895916
0.18592104308390134
0.4207049569160972
0.4207049569160972
