OnSet desviation
0
-0.01650826984126985
-0.009796585034013594
-0.0030849002267574477
-0.019593170068027188
1.171336201814059
1.317367614512471
1.3240792993197283
1.5397705759637184
1.5697022154195004
1.5764139002267576
1.6063455396825397
1.6130572244897952
1.8055285464852613
1.719360412698414
1.8653918253968254
1.8721035102040808
2.2585886043083896
2.2735544240362806
2.265300289115645
2.001626653061223
1.9004926995464864
1.8922385646258508
1.6982247925170064
1.7131906122448974
1.7138367040816327
1.714482795918368
1.714482795918368
1.7151288877551014
1.6228951609977322
1.6228951609977322
1.414561660997732
1.206228160997732
1.206228160997732
1.1372143888888893
1.114640526077098
1.1152866179138314
1.1159327097505685
1.1159327097505685
1.116578801587302
1.1172248934240354
1.1172248934240354
0.9785512573696131
0.8863175306122457
0.8863175306122457
0.77086384920635
0.7482899863945569
0.702496168934239
0.6334823968253964
0.6334823968253964
0.6341284886621317
0.6347745804988669
0.6347745804988669
0.5657608083900243
0.3806472630385471
0.3806472630385471
0.21875367233559828
0.17295985487528398
0.17360594671201923
0.17425203854875093
0.17425203854875093
0.17489813038548618
0.1058843582766471
0.1058843582766471
-0.03278927777777696
-0.07858309523809481
-0.07858309523809481
-0.07793700340135956
-0.07729091156462431
-0.07664481972789261
-0.07599872789115736
-0.07599872789115736
-0.0753526360544221
-0.07470654421768685
-0.07470654421768685
-0.0740604523809516
-0.28239395238095
-0.28239395238095
-0.3281877698412714
-0.32754167800453615
-0.3268955861678009
-0.32624949433106565
-0.32624949433106565
0.8586142845805007
1.6951787437641705
1.6951787437641705
1.6958248356009094
1.696470927437641
1.696470927437641
3.1135342528344694
3.2070601632653037
3.2083523469387742
3.2083523469387742
3.2083523469387742
3.2083523469387742
3.2096445306122448
3.2096445306122448
3.2096445306122448
3.2096445306122448
3.2109367142857153
3.2109367142857153
3.2109367142857153
3.2109367142857153
3.142569034013608
2.7259020340136075
2.7259020340136075
2.7259020340136075
2.7259020340136075
2.564654535147394
2.564654535147394
2.564654535147394
2.564654535147394
2.4730669002267582
2.4730669002267582
2.4730669002267582
2.4730669002267582
2.474359083900225
2.8007306326530603
2.8007306326530603
2.8007306326530603
2.8007306326530603
3.336081773242629
3.336081773242629
3.336081773242629
3.336081773242629
3.3373739569160996
3.3373739569160996
3.3373739569160996
3.3373739569160996
3.431545959183673
3.89723723582766
3.89723723582766
3.89723723582766
3.89723723582766
4.386148467120179
4.386148467120179
4.386148467120179
4.386148467120179
4.387440650793653
4.387440650793653
4.387440650793653
4.387440650793653
4.365512879818596
8.361929446712018
8.361929446712018
