OnSet desviation
0
-0.928798185941043
-1.0448979591836736
-1.0448979591836736
-1.0448979591836736
-0.06965986394557788
-0.06965986394557877
-0.04643990929705222
0.023219954648525665
0.04643990929705222
0.023219954648526553
0.023219954648526553
0.06965986394557788
0.0
0.11609977324263099
-0.046439909297053106
0.023219954648524777
0.11609977324263099
0.11609977324263099
0.11609977324262921
-0.13931972789115754
-0.023219954648526553
0.0
-0.11609977324263099
-0.11609977324263099
-0.11609977324263099
-0.11609977324262921
-0.11609977324262921
-0.11609977324263099
-0.20897959183673365
-0.20897959183673365
-0.41795918367347085
-0.4643990929705204
-0.4643990929705204
-0.34829931972789296
-0.30185941043083986
-0.30185941043083986
-0.3018594104308363
-0.3018594104308363
-0.30185941043083986
-0.30185941043083986
-0.30185941043083986
-0.4411791383219956
-0.5340589569161018
-0.5340589569161018
-0.5804988662131514
-0.6037188208616762
-0.6501587301587293
-0.7198185941043107
-0.7198185941043107
-0.7198185941043072
-0.7198185941043072
-0.7198185941043072
-0.7894784580498886
-0.7894784580498886
-0.7894784580498886
-0.7662585034013603
-0.789478458049885
-0.7894784580498886
-0.7894784580498886
-0.7894784580498886
-0.789478458049885
-0.8591383219954629
-0.8591383219954629
-0.9984580498866222
-1.0448979591836718
-1.0448979591836718
-1.0448979591836718
-1.0448979591836753
-1.0448979591836753
-1.0448979591836718
-1.0448979591836718
-1.0448979591836718
-1.0448979591836753
-1.0448979591836753
-1.0448979591836718
-1.2538775510204054
-1.2538775510204054
-1.2074376417233559
-1.2074376417233559
-1.1609977324263028
-1.091337868480725
-1.091337868480725
0.09287981859410266
0.9520181405895691
0.9520181405895691
0.9520181405895691
0.9520181405895691
0.9520181405895691
1.8343764172335604
1.88081632653061
1.6950566893424046
1.6950566893424046
1.6950566893424046
1.6950566893424046
1.6950566893424046
1.6950566893424046
1.6950566893424046
1.6950566893424046
0.8823582766439912
0.8823582766439912
0.8823582766439912
0.8823582766439912
0.6269387755102045
-0.06965986394557788
-0.06965986394557788
-0.06965986394557788
-0.06965986394557788
-0.9287981859410408
-0.9287981859410408
-0.9287981859410408
-0.9287981859410408
-1.021678004535147
-1.021678004535147
-1.021678004535147
-1.021678004535147
-1.0448979591836753
-1.1145578231292532
-1.1145578231292532
-1.1145578231292532
-1.1145578231292532
-1.137777777777778
-1.137777777777778
-1.137777777777778
-1.137777777777778
-1.1377777777777744
-1.1377777777777744
-1.1377777777777744
-1.1377777777777744
-1.2538775510204054
-1.9736961451247197
-1.9736961451247197
-1.9736961451247197
-1.9736961451247197
-1.486077097505671
-1.486077097505671
-1.486077097505671
-1.486077097505671
-1.4860770975056639
-1.4860770975056639
-1.4860770975056639
-1.4860770975056639
-1.486077097505671
0.46439909297052395
0.46439909297052395
