OnSet desviation
0
1.0283896893424038
1.15120114739229
1.1579128321995462
1.2110644263038548
1.473195612244898
1.4799072970521543
1.649158664399093
1.8416299863945573
1.8483416712018137
1.9479331746031754
2.0475246780045353
2.1238962267573687
2.316367548752835
2.276639324263039
2.5155505555555564
2.522262240362812
2.6301078786848073
2.668293653061223
2.6600395181405894
2.651785383219954
2.7828509761904776
2.8210367505668934
2.8360025702947844
2.8509683900226754
2.851614481859409
2.852260573696146
2.852260573696146
2.8529066655328794
2.853552757369613
2.853552757369613
2.85419884920635
2.6923052585033993
2.6923052585033993
2.6232914863945602
2.6007176235827654
2.6013637154195024
2.602009807256236
2.602009807256236
2.6026558990929693
2.6033019909297064
2.6033019909297064
2.580728128117915
2.5349343106575972
2.5349343106575972
2.396260674603173
2.3969067664399084
2.3975528582766437
2.2356592675736984
2.2356592675736984
2.120205586167799
2.1208516780045343
2.1208516780045343
2.121497769841273
2.122143861678005
2.122143861678005
2.0531300895691587
1.9608963628117912
1.9615424546485265
1.9621885464852618
1.9621885464852618
1.9628346383219935
1.9634807301587323
1.9634807301587323
1.964126821995464
1.918333004535146
1.918333004535146
1.8725391870748318
1.873185278911567
1.8738313707482988
1.828037553287981
1.828037553287981
1.782243735827663
1.7828898276644018
1.7828898276644018
1.7835359195011335
1.7841820113378688
1.7841820113378688
1.738388193877551
1.7158143310657614
1.7164604229024931
1.7171065147392284
1.7171065147392284
1.7177526065759672
1.6951787437641705
1.6951787437641705
1.5332851530612253
1.533931244897957
1.533931244897957
1.5345773367346958
1.5352234285714275
1.3275360204081608
1.3275360204081608
1.3275360204081608
1.3275360204081608
1.3288282040816313
1.3288282040816313
1.3288282040816313
1.3288282040816313
1.2140206145124743
1.2140206145124743
1.2140206145124743
1.2140206145124743
1.2153127981859413
1.2166049818594118
1.2166049818594118
1.2166049818594118
1.2166049818594118
1.2178971655328787
1.2178971655328787
1.2178971655328787
1.2178971655328787
0.9405498934240377
0.9405498934240377
0.9405498934240377
0.9405498934240377
0.9418420770975047
0.9431342607709752
0.9431342607709752
0.9431342607709752
0.9431342607709752
0.9444264444444421
0.9444264444444421
0.9444264444444421
0.9444264444444421
0.9457186281179126
0.9457186281179126
0.9457186281179126
0.9457186281179126
0.8076910839002238
0.8089832675736943
0.8089832675736943
0.8089832675736943
0.8089832675736943
0.7173956326530622
0.7173956326530622
0.7173956326530622
0.7173956326530622
0.6258079977324265
0.6258079977324265
0.6258079977324265
0.6258079977324265
0.6038802267573686
0.5600246848072565
0.5600246848072565
