OnSet desviation
0
-1.0448979591836736
-1.1609977324263037
-1.1609977324263037
-1.230657596371882
-0.30185941043083897
-0.1625396825396832
-0.32507936507936463
-0.30185941043083897
-0.2786394557823133
-0.37151927437641774
-0.4411791383219956
-0.5108390022675735
-0.5108390022675735
-0.5572789115646248
-0.650158730158731
-0.650158730158731
-0.37151927437641774
-0.3947392290249425
-0.3947392290249443
-0.650158730158731
-0.8823582766439912
-0.9287981859410426
-1.137777777777778
-1.137777777777778
-1.1377777777777762
-1.137777777777778
-1.137777777777778
-1.137777777777778
-1.2306575963718807
-1.2306575963718807
-1.4396371882086179
-1.4860770975056674
-1.4860770975056674
-1.486077097505671
-1.4860770975056674
-1.486077097505671
-1.4860770975056674
-1.4860770975056674
-1.4860770975056674
-1.486077097505671
-1.486077097505671
-1.602176870748302
-1.6486167800453515
-1.6486167800453515
-1.6253968253968232
-1.6486167800453515
-1.6950566893424046
-1.602176870748302
-1.602176870748302
-1.4860770975056674
-1.4860770975056674
-1.4860770975056674
-1.5557369614512488
-1.7414965986394577
-1.7414965986394577
-1.8343764172335604
-1.7879365079365073
-1.7879365079365073
-1.7879365079365108
-1.7879365079365108
-1.7879365079365073
-1.8575963718820852
-1.8575963718820852
-1.996916099773241
-1.996916099773241
-1.996916099773241
-1.9504761904761914
-1.9504761904761914
-1.9504761904761914
-1.9040362811791383
-1.9040362811791383
-1.8575963718820852
-1.8575963718820887
-1.8575963718820887
-1.8575963718820852
-2.066575963718819
-2.066575963718819
-2.0665759637188224
-2.0433560090702976
-2.043356009070294
-2.043356009070294
-2.043356009070294
-0.8591383219954665
0.0
0.0
0.1625396825396841
0.1625396825396841
0.1625396825396841
1.5789569160997736
1.6718367346938763
1.8808163265306135
1.8808163265306135
1.8808163265306135
1.8808163265306135
1.8808163265306135
1.8808163265306135
1.8808163265306135
1.8808163265306135
1.996916099773241
1.996916099773241
1.996916099773241
1.996916099773241
1.9272562358276666
1.5092970521541957
1.5092970521541957
1.5092970521541957
1.5092970521541957
1.3467573696145152
1.3467573696145152
1.3467573696145152
1.3467573696145152
1.5325170068027205
1.5325170068027205
1.5325170068027205
1.5325170068027205
1.5325170068027205
1.8575963718820852
1.8575963718820852
1.8575963718820852
1.8575963718820852
2.391655328798187
2.391655328798187
2.391655328798187
2.391655328798187
2.391655328798187
2.391655328798187
2.391655328798187
2.391655328798187
2.623854875283449
3.088253968253966
3.088253968253966
3.088253968253966
3.088253968253966
3.668752834467117
3.668752834467117
3.668752834467117
3.668752834467117
3.761632653061227
3.761632653061227
3.761632653061227
3.761632653061227
3.761632653061227
7.801904761904762
7.801904761904762
