OnSet desviation
0
-0.928798185941043
-1.021678004535147
-0.9984580498866213
-1.021678004535148
-1.021678004535147
-1.137777777777778
-1.0681179138321992
-1.2074376417233559
-1.1145578231292523
-1.137777777777778
-1.1842176870748293
-1.1609977324263046
-1.0216780045351488
-1.3003174603174603
-1.184217687074831
-1.1145578231292514
-0.7430385487528355
-0.7894784580498886
-0.8126984126984151
-0.9752380952380957
-1.0913378684807267
-1.253877551020409
-1.5325170068027205
-1.5325170068027205
-1.5557369614512453
-1.5092970521541957
-1.5092970521541957
-1.5092970521541957
-1.5092970521541922
-1.5092970521541922
-1.5092970521541957
-1.5789569160997736
-1.5789569160997736
-1.6253968253968232
-1.6253968253968232
-1.6253968253968232
-1.6253968253968267
-1.6253968253968267
-1.6253968253968232
-1.6718367346938763
-1.6718367346938763
-1.7414965986394542
-1.7879365079365073
-1.7879365079365073
-1.811156462585032
-1.811156462585032
-1.8111564625850356
-1.7879365079365073
-1.7879365079365073
-1.7879365079365073
-1.7879365079365073
-1.7879365079365073
-1.811156462585032
-1.927256235827663
-1.927256235827663
-2.0201360544217692
-2.0201360544217692
-1.9736961451247126
-1.9504761904761878
-1.9504761904761878
-1.9504761904761914
-1.9736961451247161
-1.9736961451247161
-1.9736961451247161
-2.089795918367347
-2.089795918367347
-2.205895691609978
-2.229115646258503
-2.2058956916099746
-2.159455782312925
-2.159455782312925
-2.159455782312925
-2.159455782312925
-2.159455782312925
-2.159455782312925
-2.2523356009070277
-2.2523356009070277
-2.2523356009070277
-2.2523356009070277
-2.252335600907031
-2.113015873015872
-2.113015873015872
-2.113015873015872
-2.113015873015872
-2.113015873015872
-2.1130158730158755
-2.113015873015872
-2.113015873015872
-2.113015873015872
-2.113015873015872
-2.1362358276643967
-2.1362358276643967
-2.1362358276643967
-2.1362358276643967
-2.670294784580495
-2.670294784580495
-2.670294784580495
-2.670294784580495
-1.7879365079365073
-1.7879365079365073
-1.7879365079365073
-1.7879365079365073
-1.7879365079365037
-2.7863945578231295
-2.7863945578231295
-2.7863945578231295
-2.7863945578231295
-2.7863945578231295
-2.7863945578231295
-2.7863945578231295
-2.7863945578231295
-2.786394557823126
-2.786394557823126
-2.786394557823126
-2.786394557823126
-2.0897959183673507
-2.0897959183673436
-2.0897959183673436
-2.0897959183673436
-2.0897959183673436
-1.486077097505671
-1.486077097505671
-1.486077097505671
-1.486077097505671
-1.486077097505671
-1.486077097505671
-1.486077097505671
-1.486077097505671
-2.2291156462584993
-2.716734693877548
-2.716734693877548
-2.716734693877548
-2.716734693877548
-2.368435374149662
-2.368435374149662
-2.368435374149662
-2.368435374149662
-2.2291156462585064
-2.2291156462585064
-2.2291156462585064
-2.2291156462585064
-2.3452154195011374
-0.9984580498866222
-0.9984580498866222
