OnSet desviation
0
-0.8126984126984125
-0.8359183673469386
-0.8126984126984125
-0.7894784580498859
-0.7430385487528346
-0.6501587301587302
-0.6269387755102045
-0.48761904761904784
-0.4643990929705204
-0.5340589569161001
-0.48761904761904873
-0.37151927437641596
-0.3947392290249425
-0.18575963718820887
-0.09287981859410444
-0.18575963718820887
-0.3482993197278912
-0.3482993197278894
-0.3482993197278912
-0.5804988662131532
-0.6965986394557806
-0.6965986394557824
-0.7662585034013603
-0.8126984126984134
-0.8126984126984134
-0.8591383219954665
-0.8591383219954665
-0.8591383219954665
-0.8591383219954665
-0.8591383219954665
-0.9287981859410444
-0.9752380952380975
-0.9752380952380975
-1.0216780045351506
-1.0216780045351506
-1.0216780045351506
-1.021678004535147
-1.021678004535147
-1.0216780045351506
-0.9752380952380975
-0.9752380952380975
-0.9752380952380975
-0.9984580498866222
-0.9984580498866222
-0.9752380952380975
-0.9752380952380975
-0.9984580498866222
-1.021678004535147
-1.021678004535147
-1.021678004535147
-1.0216780045351506
-1.0216780045351506
-0.9984580498866222
-0.9055782312925196
-0.9055782312925196
-0.8591383219954665
-0.8591383219954665
-0.8591383219954665
-0.8591383219954665
-0.8591383219954665
-0.8591383219954665
-0.8359183673469417
-0.8359183673469417
-0.8359183673469381
-0.7894784580498886
-0.7894784580498886
-0.7662585034013603
-0.7662585034013603
-0.7662585034013638
-0.7662585034013638
-0.7662585034013638
-0.7662585034013603
-0.7662585034013603
-0.7662585034013603
-0.7662585034013638
-0.7894784580498886
-0.7894784580498886
-0.9055782312925196
-0.9055782312925196
-0.905578231292516
-1.0448979591836753
-1.0448979591836753
-1.0448979591836753
-1.0448979591836753
-1.0448979591836753
-1.0448979591836718
-1.0448979591836753
-1.0448979591836753
-1.0448979591836753
-1.0448979591836753
-1.184217687074831
-1.184217687074831
-1.184217687074831
-1.184217687074831
-1.1842176870748347
-1.1842176870748347
-1.1842176870748347
-1.1842176870748347
-1.8111564625850356
-1.8111564625850356
-1.8111564625850356
-1.8111564625850356
-1.8111564625850356
-1.8111564625850356
-1.8111564625850356
-1.8111564625850356
-1.8111564625850356
-1.2074376417233559
-1.2074376417233559
-1.2074376417233559
-1.2074376417233559
-1.2074376417233594
-1.2074376417233594
-1.2074376417233594
-1.2074376417233594
-2.159455782312925
-2.2058956916099817
-2.2058956916099817
-2.2058956916099817
-2.2058956916099817
-2.8096145124716543
-2.8096145124716543
-2.8096145124716543
-2.8096145124716543
-2.8096145124716543
-2.8096145124716543
-2.8096145124716543
-2.8096145124716543
-2.275555555555556
-2.4613151927437684
-2.4613151927437684
-2.4613151927437684
-2.4613151927437684
-2.5541950113378675
-2.5541950113378675
-2.5541950113378675
-2.5541950113378675
-2.7631746031746047
-2.7631746031746047
-2.7631746031746047
-2.7631746031746047
-2.368435374149662
-1.9040362811791383
-1.9040362811791383
