OnSet desviation
0
-0.8359183673469386
-0.9520181405895687
-0.9055782312925169
-0.9055782312925169
-0.8591383219954647
-0.8823582766439912
-0.7894784580498868
-0.7894784580498868
-0.6733786848072558
-0.7662585034013603
-0.7662585034013603
-0.6269387755102027
-0.5108390022675735
-0.5804988662131514
-0.37151927437641774
-0.3947392290249425
-0.18575963718820887
-0.2321995464852602
-0.25541950113378853
-0.650158730158731
-0.8823582766439895
-1.0448979591836753
-1.3931972789115648
-1.4396371882086179
-1.4628571428571426
-1.4628571428571462
-1.4628571428571462
-1.4628571428571462
-1.4628571428571426
-1.4628571428571426
-1.532517006802724
-1.648616780045355
-1.648616780045355
-1.7414965986394577
-1.7414965986394577
-1.7414965986394577
-1.7414965986394577
-1.7414965986394577
-1.7414965986394577
-1.7414965986394577
-1.7414965986394577
-1.8111564625850356
-1.8808163265306135
-1.8808163265306135
-1.8808163265306135
-1.8808163265306135
-1.9040362811791418
-1.9040362811791383
-1.9040362811791383
-1.9040362811791383
-1.9040362811791418
-1.9040362811791418
-1.9040362811791383
-1.9272562358276666
-1.9272562358276666
-1.9736961451247197
-1.9736961451247197
-1.927256235827663
-1.9040362811791383
-1.9040362811791383
-1.9040362811791418
-1.9040362811791418
-1.9040362811791418
-1.9040362811791383
-1.9736961451247197
-1.9736961451247197
-2.0665759637188224
-2.089795918367347
-2.0665759637188224
-2.020136054421773
-2.020136054421773
-2.0201360544217692
-2.0201360544217692
-2.0201360544217692
-2.020136054421773
-2.1362358276644002
-2.1362358276644002
-2.252335600907031
-2.252335600907031
-2.252335600907031
-2.252335600907031
-2.252335600907031
-2.252335600907031
-2.252335600907031
-2.252335600907031
-2.252335600907031
-2.252335600907031
-2.252335600907031
-2.252335600907031
-2.252335600907031
-2.4148752834467118
-2.4148752834467118
-2.4148752834467118
-2.4148752834467118
-2.9489342403628136
-2.9489342403628136
-2.9489342403628136
-2.9489342403628136
-2.693514739229027
-2.693514739229027
-2.693514739229027
-2.693514739229027
-2.6935147392290233
-3.691972789115649
-3.691972789115649
-3.691972789115649
-3.691972789115649
-3.0882539682539694
-3.0882539682539694
-3.0882539682539694
-3.0882539682539694
-3.0882539682539694
-3.0882539682539694
-3.0882539682539694
-3.0882539682539694
-3.3436734693877597
-3.390113378684809
-3.390113378684809
-3.390113378684809
-3.390113378684809
-3.390113378684809
-3.390113378684809
-3.390113378684809
-3.390113378684809
-3.390113378684809
-3.390113378684809
-3.390113378684809
-3.390113378684809
-3.5990929705215393
-4.2724716553288005
-4.2724716553288005
-4.2724716553288005
-4.2724716553288005
-4.017052154195014
-4.017052154195014
-4.017052154195014
-4.017052154195014
-4.086712018140595
-4.086712018140595
-4.086712018140595
-4.086712018140595
-3.8080725623582836
-1.9969160997732445
-1.9969160997732445
