OnSet desviation
0
0.35501100453514745
0.43138255328798203
0.7399536485260771
0.7466653333333331
1.0552364285714289
1.1083880226757366
1.4169591179138328
1.4468907573696148
1.6393620793650783
2.040812993197278
2.117184541950113
2.2632159546485244
2.548567095238095
2.62493864399093
2.8870698299319724
3.1956409251700677
3.5821260192743747
3.5970918390022657
3.5656177494331036
3.6270234784580495
3.4562296609977317
3.447975526077098
3.3700615272108845
3.3850273469387773
3.3856734387755107
3.4327594399092973
3.4327594399092973
3.433405531746031
3.434051623582768
3.434051623582768
3.4346977154195013
3.365683943310657
3.365683943310657
3.3198901258503426
3.2973162630385513
3.2979623548752848
3.2986084467120182
3.2986084467120182
3.2992545385487553
3.2534607210884356
3.2534607210884356
3.1380070396825417
3.068993267573699
3.068993267573699
3.046419404761906
3.0470654965986377
3.047711588435373
2.9554778616780055
2.9554778616780055
2.9561239535147372
2.956770045351476
2.956770045351476
2.9341961825396865
2.818742501133787
2.818742501133787
2.7265087743764163
2.7271548662131515
2.7278009580498903
2.728447049886622
2.728447049886622
2.7290931417233537
2.7065192789115677
2.7065192789115677
2.7071653707482994
2.5917116893424037
2.5917116893424037
2.476258007936508
2.4536841451247184
2.4543302369614537
2.4549763287981854
2.4549763287981854
2.4556224206349206
2.456268512471656
2.456268512471656
2.456914604308391
2.3646808775510237
2.3646808775510237
2.3653269693877554
2.3659730612244907
2.3666191530612224
2.506584972789117
2.506584972789117
2.507231064625852
2.484657201814059
2.484657201814059
2.4853032936507944
2.4859493854875296
2.4859493854875296
2.486595477324265
2.4872415691609966
2.743953253968254
2.743953253968254
2.743953253968254
2.743953253968254
2.7452454376417244
2.7452454376417244
2.7452454376417244
2.7452454376417244
4.255834673469391
4.255834673469391
4.255834673469391
4.255834673469391
4.257126857142861
4.606718360544221
4.606718360544221
4.606718360544221
4.606718360544221
4.608010544217688
4.608010544217688
4.608010544217688
4.608010544217688
4.6093027278911585
4.6093027278911585
4.6093027278911585
4.6093027278911585
5.841252507936506
6.144404102040816
6.144404102040816
6.144404102040816
6.144404102040816
6.749415106575963
6.749415106575963
6.749415106575963
6.749415106575963
6.75070729024943
6.75070729024943
6.75070729024943
6.75070729024943
7.518257977324264
8.030389163265305
8.030389163265305
8.030389163265305
8.030389163265305
8.379980666666668
8.379980666666668
8.379980666666668
8.379980666666668
8.868891897959184
8.868891897959184
8.868891897959184
8.868891897959184
9.218483401360544
11.798482734693877
11.798482734693877
