OnSet desviation
0
-0.9752380952380953
-0.9984580498866213
-1.1145578231292514
-1.1145578231292514
-1.230657596371882
-1.044897959183674
-1.2074376417233559
-1.2770975056689347
-1.3003174603174603
-1.3467573696145125
-1.2306575963718815
-1.4860770975056692
-1.4164172335600913
-1.509297052154194
-1.5325170068027223
-1.555736961451247
-1.5092970521541957
-1.5092970521541957
-1.555736961451247
-1.5325170068027205
-1.4628571428571444
-1.4628571428571426
-1.4164172335600913
-1.3699773242630382
-1.3699773242630382
-1.3235374149659869
-1.3235374149659869
-1.3235374149659869
-1.3235374149659869
-1.3235374149659869
-1.3235374149659869
-1.323537414965985
-1.323537414965985
-1.3235374149659869
-1.3235374149659869
-1.323537414965985
-1.3235374149659869
-1.3235374149659869
-1.3235374149659869
-1.3467573696145134
-1.3467573696145134
-1.3467573696145134
-1.3467573696145116
-1.3467573696145116
-1.3467573696145152
-1.36997732426304
-1.4396371882086179
-1.4628571428571426
-1.4628571428571426
-1.4860770975056674
-1.486077097505671
-1.486077097505671
-1.486077097505671
-1.36997732426304
-1.36997732426304
-1.2306575963718807
-1.2074376417233559
-1.2074376417233559
-1.2306575963718842
-1.2306575963718842
-1.2770975056689338
-1.2770975056689338
-1.2770975056689338
-1.2770975056689373
-1.2770975056689338
-1.2770975056689338
-1.2770975056689338
-1.2770975056689373
-1.2770975056689338
-1.2770975056689338
-1.2770975056689338
-1.2770975056689338
-1.2770975056689373
-1.2770975056689373
-1.2770975056689338
-1.4164172335600895
-1.4164172335600895
-1.416417233560093
-1.4164172335600895
-1.4164172335600895
-1.184217687074831
-1.184217687074831
-1.253877551020409
-1.2770975056689338
-1.2770975056689338
-1.2770975056689373
-1.2770975056689338
-1.2770975056689338
-1.137777777777778
-1.0216780045351506
-1.021678004535147
-1.021678004535147
-1.021678004535147
-1.021678004535147
-1.021678004535147
-1.021678004535147
-1.021678004535147
-1.021678004535147
-0.32507936507936463
-0.32507936507936463
-0.32507936507936463
-0.32507936507936463
-0.32507936507936463
0.2089795918367372
0.2089795918367372
0.2089795918367372
0.2089795918367372
1.1842176870748276
1.1842176870748276
1.1842176870748276
1.1842176870748276
1.6021768707482984
1.6021768707482984
1.6021768707482984
1.6021768707482984
2.1362358276643967
2.786394557823126
2.786394557823126
2.786394557823126
2.786394557823126
3.1579138321995472
3.1579138321995472
3.1579138321995472
3.1579138321995472
3.366893424036281
3.366893424036281
3.366893424036281
3.366893424036281
4.342131519274378
4.667210884353739
4.667210884353739
4.667210884353739
4.667210884353739
5.387029478458047
5.387029478458047
5.387029478458047
5.387029478458047
6.060408163265301
6.060408163265301
6.060408163265301
6.060408163265301
6.942766439909292
9.705941043083897
9.705941043083897
