OnSet desviation
0
-0.8823582766439909
-0.8823582766439908
-0.8823582766439908
-0.8823582766439908
-0.8823582766439908
-0.8823582766439908
-0.8823582766439912
-0.8823582766439912
-0.8823582766439912
-0.8823582766439912
-0.8823582766439912
-0.8823582766439912
-0.8823582766439912
-0.8823582766439912
-0.8823582766439912
-0.8823582766439912
-0.8823582766439912
-0.8823582766439912
-0.8823582766439912
-0.8823582766439912
-0.9055782312925178
-0.9055782312925178
-0.8823582766439912
-0.8823582766439912
-0.8823582766439912
-0.8823582766439912
-0.8823582766439912
-0.8823582766439912
-0.8823582766439912
-0.8823582766439912
-0.8823582766439912
-0.8823582766439912
-0.8823582766439912
-0.8823582766439912
-0.8823582766439912
-0.8823582766439912
-0.8823582766439912
-0.8823582766439912
-0.8823582766439912
-0.8823582766439912
-0.8823582766439912
-0.8823582766439912
-0.8823582766439912
-0.8823582766439912
-0.8823582766439912
-0.8823582766439912
-0.8823582766439912
-0.8823582766439912
-0.8823582766439912
-0.8823582766439912
-0.8823582766439912
-0.8823582766439912
-0.8823582766439912
-0.8823582766439912
-0.8823582766439912
-0.8823582766439912
-0.8823582766439912
-0.8823582766439912
-0.8823582766439912
-0.8823582766439912
-0.8823582766439912
-0.8823582766439912
-0.8823582766439912
-0.8823582766439912
-0.8823582766439912
-0.8823582766439912
-0.8823582766439912
-0.8823582766439912
-0.8823582766439912
-0.8823582766439912
-0.8823582766439912
-0.8823582766439912
-0.8823582766439912
-0.8823582766439912
-0.8823582766439912
-0.8823582766439912
-0.8823582766439912
-0.8823582766439912
-0.8823582766439912
-0.8823582766439912
-0.8823582766439912
-0.8823582766439912
-0.8591383219954665
-0.8823582766439912
-0.8823582766439912
-0.8823582766439912
-0.8823582766439912
-0.8823582766439912
-0.7662585034013603
-0.7198185941043107
-0.7198185941043072
-0.7198185941043072
-0.7198185941043072
-0.7198185941043072
-0.7198185941043107
-0.7198185941043107
-0.7198185941043107
-0.7198185941043107
-0.06965986394557788
-0.06965986394557788
-0.06965986394557788
-0.06965986394557788
-0.06965986394557788
0.37151927437641774
0.37151927437641774
0.37151927437641774
0.37151927437641774
1.1609977324263028
1.1609977324263028
1.1609977324263028
1.1609977324263028
1.57895691609977
1.57895691609977
1.57895691609977
1.57895691609977
2.2523356009070277
2.786394557823126
2.786394557823126
2.786394557823126
2.786394557823126
3.1579138321995472
3.1579138321995472
3.1579138321995472
3.1579138321995472
3.366893424036281
3.366893424036281
3.366893424036281
3.366893424036281
4.342131519274378
4.597551020408165
4.597551020408165
4.597551020408165
4.597551020408165
5.1780498866213165
5.1780498866213165
5.1780498866213165
5.1780498866213165
5.596009070294784
5.596009070294784
5.596009070294784
5.596009070294784
6.919546485260767
11.052698412698412
11.052698412698412
