OnSet desviation
0
0.12281145804988669
0.10630318820861695
0.02013505442176866
-0.019593170068027188
0.12643824263038583
-0.1454895283446711
0.023761839002267138
-0.01596638548752871
-0.009254700680273231
0.04389689342403624
-0.019051285714287047
0.010880353741494986
-0.07528778004535042
-0.022136185941043607
-0.0386444557823129
-0.3802320907029486
-0.27238645238095316
-0.2342006780045356
-0.24245481292517113
-0.3435887664399111
-0.6304823571428564
-0.6387364920634919
-0.6934305362811788
-0.7249046258503409
-0.7242585340136056
-0.7700523514739235
-0.7700523514739235
-0.7694062596371882
-0.7687601678004548
-0.7687601678004548
-0.7681140759637195
-0.767467984126986
-0.767467984126986
-0.766821892290249
-0.7893957551020403
-0.7887496632653068
-0.7881035714285716
-0.7881035714285716
-0.7874574795918363
-0.7635914331065763
-0.7635914331065763
-0.762945341269841
-0.7622992494331058
-0.7622992494331058
-0.8080930668934236
-0.8074469750566919
-0.8068008832199567
-0.968694473922902
-0.968694473922902
-0.9680483820861703
-0.9674022902494315
-0.9674022902494315
-0.9667561984126962
-0.9661101065759645
-0.9661101065759645
-1.1047837426303886
-1.1273576054421781
-1.1267115136054429
-1.1260654217687076
-1.1260654217687076
-1.125419329931976
-1.124773238095237
-1.124773238095237
-1.1241271462585019
-1.1234810544217702
-1.1234810544217702
-1.122834962585035
-1.122188870748296
-1.1215427789115644
-1.1208966870748327
-1.1208966870748327
-1.1202505952380974
-1.1196045034013586
-1.1196045034013586
-1.118958411564627
-0.9789925918367359
-0.9789925918367359
-0.9783465000000007
-0.9777004081632654
-0.9770543163265337
-0.9764082244897949
-0.9764082244897949
-0.882882314058957
-0.9054561768707501
-0.9054561768707501
-0.9048100850340113
-0.9041639931972796
-0.9041639931972796
-0.5319986269841266
-0.4849126258503418
-0.4836204421768713
-0.4836204421768713
-0.4836204421768713
-0.4836204421768713
-0.48232825850340433
-0.48232825850340433
-0.48232825850340433
-0.48232825850340433
0.169122655328799
0.169122655328799
0.169122655328799
0.169122655328799
0.1704148390022695
0.3574666598639453
0.3574666598639453
0.3574666598639453
0.3574666598639453
0.7999379818594115
0.7999379818594115
0.7999379818594115
0.7999379818594115
0.8012301655328784
0.8012301655328784
0.8012301655328784
0.8012301655328784
1.0579418503401357
1.1753338072562336
1.1753338072562336
1.1753338072562336
1.1753338072562336
1.176625990929704
1.176625990929704
1.176625990929704
1.176625990929704
1.1779181746031746
1.1779181746031746
1.1779181746031746
1.1779181746031746
2.154448453514739
2.4111601383219963
2.4111601383219963
2.4111601383219963
2.4111601383219963
2.621431913832204
2.621431913832204
2.621431913832204
2.621431913832204
2.622724097505671
2.622724097505671
2.622724097505671
2.622724097505671
3.529594512471654
6.829412439909298
6.829412439909298
