OnSet desviation
0
-0.7894784580498865
-0.7662585034013603
-0.6501587301587302
-0.6501587301587302
-0.5340589569160996
-0.7198185941043076
-0.5572789115646266
-0.48761904761904784
-0.4643990929705222
-0.41795918367346996
-0.534058956916101
-0.2786394557823133
-0.3482993197278912
-0.25541950113378853
-0.2321995464852602
-0.20897959183673542
-0.25541950113378675
-0.25541950113378675
-0.20897959183673542
-0.23219954648526198
-0.32507936507936463
-0.3250793650793664
-0.3482993197278912
-0.3947392290249443
-0.3947392290249443
-0.4411791383219956
-0.4411791383219956
-0.4411791383219956
-0.4411791383219956
-0.4411791383219956
-0.4411791383219956
-0.4411791383219974
-0.4411791383219974
-0.4411791383219956
-0.4411791383219956
-0.4411791383219974
-0.4411791383219956
-0.4411791383219956
-0.4411791383219956
-0.41795918367346907
-0.41795918367346907
-0.41795918367346907
-0.41795918367347085
-0.41795918367347085
-0.4179591836734673
-0.3947392290249425
-0.32507936507936463
-0.30185941043083986
-0.30185941043083986
-0.2786394557823151
-0.27863945578231153
-0.27863945578231153
-0.27863945578231153
-0.3947392290249425
-0.3947392290249425
-0.5340589569161018
-0.5572789115646266
-0.5572789115646266
-0.5340589569160983
-0.5340589569160983
-0.48761904761904873
-0.48761904761904873
-0.48761904761904873
-0.4876190476190452
-0.48761904761904873
-0.48761904761904873
-0.48761904761904873
-0.4876190476190452
-0.48761904761904873
-0.48761904761904873
-0.48761904761904873
-0.48761904761904873
-0.4876190476190452
-0.4876190476190452
-0.48761904761904873
-0.34829931972789296
-0.34829931972789296
-0.3482993197278894
-0.34829931972789296
-0.34829931972789296
-0.5804988662131514
-0.5804988662131514
-0.48761904761904873
-0.48761904761904873
-0.48761904761904873
-0.4876190476190452
-0.48761904761904873
-0.48761904761904873
-0.5108390022675735
-0.5804988662131514
-0.5804988662131514
-0.5804988662131514
-0.5804988662131514
-0.5804988662131514
-0.5804988662131549
-0.5804988662131549
-0.5804988662131549
-0.5804988662131549
-0.6269387755102045
-0.6269387755102045
-0.6269387755102045
-0.6269387755102045
-0.6269387755102045
-0.7198185941043107
-0.7198185941043107
-0.7198185941043107
-0.7198185941043107
-0.905578231292516
-0.905578231292516
-0.905578231292516
-0.905578231292516
-0.9055782312925196
-0.9055782312925196
-0.9055782312925196
-0.9055782312925196
-0.7662585034013603
-0.8823582766439912
-0.8823582766439912
-0.8823582766439912
-0.8823582766439912
-0.8823582766439912
-0.8823582766439912
-0.8823582766439912
-0.8823582766439912
-0.8823582766439912
-0.8823582766439912
-0.8823582766439912
-0.8823582766439912
-0.8823582766439912
-0.9520181405895656
-0.9520181405895656
-0.9520181405895656
-0.9520181405895656
-1.0913378684807213
-1.0913378684807213
-1.0913378684807213
-1.0913378684807213
-1.346757369614508
-1.346757369614508
-1.346757369614508
-1.346757369614508
-0.905578231292516
0.46439909297052395
0.46439909297052395
