OnSet desviation
0
-0.8823582766439909
-0.8823582766439908
-0.8823582766439908
-0.8823582766439908
-0.8823582766439908
-0.9055782312925174
-0.8823582766439912
-0.8823582766439912
-0.8823582766439912
-0.8823582766439912
-0.8591383219954647
-0.905578231292516
-0.8823582766439912
-0.8823582766439912
-0.8823582766439912
-0.8823582766439912
-0.8823582766439912
-0.8823582766439912
-0.8823582766439912
-0.8823582766439912
-0.8823582766439912
-0.8823582766439912
-0.8823582766439912
-0.905578231292516
-0.9055782312925178
-0.8823582766439912
-0.8823582766439912
-0.8823582766439912
-0.8823582766439912
-0.8823582766439912
-0.8823582766439912
-0.8823582766439912
-0.8823582766439912
-0.8823582766439912
-0.8823582766439912
-0.8823582766439912
-0.8823582766439912
-0.8823582766439912
-0.8823582766439912
-0.8591383219954647
-0.8591383219954647
-0.8591383219954665
-0.8591383219954665
-0.8591383219954665
-0.8823582766439912
-0.8823582766439912
-0.8823582766439912
-0.8823582766439912
-0.8823582766439912
-0.8823582766439912
-0.8823582766439912
-0.8823582766439912
-0.8823582766439912
-0.8823582766439912
-0.8823582766439912
-0.8823582766439912
-0.8823582766439912
-0.8823582766439912
-0.8823582766439912
-0.8823582766439912
-0.8823582766439912
-0.8823582766439912
-0.8823582766439912
-0.8823582766439912
-0.8823582766439912
-0.8823582766439912
-0.8823582766439912
-0.8823582766439912
-0.8823582766439912
-0.8823582766439912
-0.8823582766439912
-0.8823582766439912
-0.8823582766439912
-0.8823582766439912
-0.8823582766439912
-0.8823582766439912
-0.8823582766439912
-0.8823582766439912
-0.8823582766439912
-0.8823582766439912
-0.8823582766439912
-0.8823582766439912
-0.8591383219954665
-0.8591383219954629
-0.8591383219954629
-0.8591383219954665
-0.8591383219954665
-0.8591383219954665
-0.7662585034013603
-0.6965986394557824
-0.6965986394557824
-0.6965986394557824
-0.6965986394557824
-0.6965986394557824
-0.6965986394557824
-0.6965986394557824
-0.6965986394557824
-0.6965986394557824
-0.046439909297053106
-0.046439909297053106
-0.046439909297053106
-0.046439909297053106
-0.046439909297053106
0.37151927437641774
0.37151927437641774
0.37151927437641774
0.37151927437641774
1.2074376417233559
1.2074376417233559
1.2074376417233559
1.2074376417233559
1.6253968253968232
1.6253968253968232
1.6253968253968232
1.6253968253968232
2.229115646258503
2.786394557823126
2.786394557823126
2.786394557823126
2.786394557823126
3.1579138321995472
3.1579138321995472
3.1579138321995472
3.1579138321995472
3.366893424036281
3.366893424036281
3.366893424036281
3.366893424036281
4.31891156462585
4.597551020408165
4.597551020408165
4.597551020408165
4.597551020408165
5.154829931972792
5.154829931972792
5.154829931972792
5.154829931972792
5.572789115646259
5.572789115646259
5.572789115646259
5.572789115646259
6.8731065759637175
8.893242630385487
8.893242630385487
