OnSet desviation
0
0.029931639455782255
-0.009796585034013594
-0.21206449206349198
-0.25179271655328783
-0.22186107709750535
-0.3080292108843543
-0.3013175260770975
-0.4107056145124721
-0.4272138843537423
-0.42050219954648504
-0.36735060544217735
-0.592838467120183
-0.6093467369614505
-0.6490749614512463
-0.688803185941044
-1.076830730158731
-0.8993252278911577
-0.8611394535147401
-0.915833497732427
-0.9937474965986404
-1.2109812233560078
-1.2192353582766433
-1.2274894931972788
-1.2125236734693878
-1.2118775816326526
-1.211231489795919
-1.211231489795919
-1.2105853979591839
-1.2099393061224504
-1.2099393061224504
-1.2092932142857151
-1.2086471224489799
-1.2086471224489799
-1.2080010306122446
-1.230574893424036
-1.2299288015873007
-1.2292827097505672
-1.2292827097505672
-1.228636617913832
-1.2279905260770985
-1.2279905260770985
-1.2273444342403632
-1.2266983424036262
-1.2266983424036262
-1.2724921598639476
-1.2718460680272123
-1.340859840136055
-1.5259733854875286
-1.5259733854875286
-1.5717672029478464
-1.5711211111111112
-1.5711211111111112
-1.570475019274376
-1.4537291541950133
-1.4537291541950133
-1.453083062358278
-1.4524369705215427
-1.4517908786848075
-1.4743647414966006
-1.4743647414966006
-1.5201585589569184
-1.5195124671201796
-1.5195124671201796
-1.518866375283448
-1.5182202834467127
-1.5182202834467127
-1.5175741916099774
-1.5169280997732422
-1.516282007936507
-1.5156359160997752
-1.5156359160997752
-1.51498982426304
-1.5143437324263047
-1.5143437324263047
-1.5136976405895695
-1.5130515487528342
-1.5130515487528342
-1.5124054569161025
-1.5117593650793637
-1.511113273242632
-1.2782676349206348
-1.2782676349206348
-1.2776215430838995
-1.3001954058956926
-1.3001954058956926
-1.2995493140589573
-1.298903222222222
-1.298903222222222
-0.9035179013605443
-0.7867720362811816
-0.7854798526077111
-0.7854798526077111
-0.7854798526077111
-0.7854798526077111
-0.7841876689342406
-0.7841876689342406
-0.7841876689342406
-0.7841876689342406
-0.06307689115646298
-0.06307689115646298
-0.06307689115646298
-0.06307689115646298
-0.061784707482992474
0.17170702267573645
0.17170702267573645
0.17170702267573645
0.17170702267573645
0.8463778911564646
0.8463778911564646
0.8463778911564646
0.8463778911564646
0.8476700748299315
0.8476700748299315
0.8476700748299315
0.8476700748299315
0.9418420770975047
1.1753338072562336
1.1753338072562336
1.1753338072562336
1.1753338072562336
1.176625990929704
1.176625990929704
1.176625990929704
1.176625990929704
1.1779181746031746
1.1779181746031746
1.1779181746031746
1.1779181746031746
2.1312284988662107
2.4808200022675706
2.4808200022675706
2.4808200022675706
2.4808200022675706
2.8071915510204093
2.8071915510204093
2.8071915510204093
2.8071915510204093
3.1103431451247197
3.1103431451247197
3.1103431451247197
3.1103431451247197
3.529594512471654
4.4841970204081605
4.4841970204081605
