OnSet desviation
0
-0.7894784580498865
-0.7662585034013603
-0.6501587301587302
-0.6501587301587302
-0.5340589569160996
-0.7430385487528341
-0.5572789115646266
-0.48761904761904784
-0.4643990929705222
-0.41795918367346996
-0.5108390022675744
-0.3018594104308381
-0.3482993197278912
-0.25541950113378853
-0.2321995464852602
-0.18575963718820887
-0.25541950113378675
-0.25541950113378675
-0.20897959183673542
-0.23219954648526198
-0.30185941043083986
-0.30185941043083986
-0.3482993197278912
-0.41795918367346907
-0.41795918367347085
-0.4411791383219956
-0.4411791383219956
-0.4411791383219956
-0.4411791383219956
-0.4411791383219956
-0.4411791383219956
-0.4411791383219974
-0.4411791383219974
-0.4411791383219956
-0.4411791383219956
-0.4411791383219974
-0.4411791383219956
-0.4411791383219956
-0.4411791383219956
-0.3947392290249425
-0.3947392290249425
-0.3947392290249443
-0.39473922902494607
-0.39473922902494607
-0.4179591836734673
-0.41795918367347085
-0.34829931972789296
-0.32507936507936463
-0.32507936507936463
-0.2786394557823151
-0.27863945578231153
-0.27863945578231153
-0.27863945578231153
-0.3947392290249425
-0.3947392290249425
-0.5340589569161018
-0.5572789115646266
-0.5572789115646266
-0.5340589569160983
-0.5340589569160983
-0.48761904761904873
-0.48761904761904873
-0.48761904761904873
-0.4876190476190452
-0.48761904761904873
-0.48761904761904873
-0.48761904761904873
-0.4876190476190452
-0.48761904761904873
-0.48761904761904873
-0.48761904761904873
-0.48761904761904873
-0.4876190476190452
-0.4876190476190452
-0.48761904761904873
-0.34829931972789296
-0.34829931972789296
-0.3482993197278894
-0.34829931972789296
-0.34829931972789296
-0.5804988662131514
-0.5804988662131514
-0.48761904761904873
-0.4643990929705204
-0.4643990929705204
-0.4643990929705204
-0.46439909297052395
-0.46439909297052395
-0.5340589569160983
-0.5804988662131514
-0.5804988662131514
-0.5804988662131514
-0.5804988662131514
-0.5804988662131514
-0.5804988662131549
-0.5804988662131549
-0.5804988662131549
-0.5804988662131549
-0.6501587301587293
-0.6501587301587293
-0.6501587301587293
-0.6501587301587293
-0.6501587301587293
-0.6965986394557824
-0.6965986394557824
-0.6965986394557824
-0.6965986394557824
-0.8823582766439912
-0.8823582766439912
-0.8823582766439912
-0.8823582766439912
-0.8823582766439912
-0.8823582766439912
-0.8823582766439912
-0.8823582766439912
-0.789478458049885
-0.8823582766439912
-0.8823582766439912
-0.8823582766439912
-0.8823582766439912
-0.8823582766439912
-0.8823582766439912
-0.8823582766439912
-0.8823582766439912
-0.8823582766439912
-0.8823582766439912
-0.8823582766439912
-0.8823582766439912
-0.8823582766439912
-0.9520181405895656
-0.9520181405895656
-0.9520181405895656
-0.9520181405895656
-1.0448979591836718
-1.0448979591836718
-1.0448979591836718
-1.0448979591836718
-1.3467573696145152
-1.3467573696145152
-1.3467573696145152
-1.3467573696145152
-0.8823582766439912
-0.6501587301587293
-0.6501587301587293
