OnSet desviation
0
-0.9752380952380953
-0.9984580498866213
-1.1145578231292514
-1.1145578231292514
-1.230657596371882
-1.044897959183674
-1.2074376417233559
-1.2770975056689347
-1.3003174603174603
-1.3467573696145125
-1.2306575963718815
-1.4860770975056692
-1.4164172335600913
-1.509297052154194
-1.5325170068027223
-1.5789569160997736
-1.5092970521541957
-1.5092970521541957
-1.555736961451247
-1.5325170068027205
-1.4628571428571426
-1.4628571428571426
-1.4164172335600913
-1.3699773242630382
-1.3699773242630382
-1.3235374149659869
-1.3235374149659869
-1.3235374149659869
-1.3235374149659869
-1.3235374149659869
-1.3235374149659869
-1.323537414965985
-1.323537414965985
-1.3235374149659869
-1.3235374149659869
-1.323537414965985
-1.3235374149659869
-1.3235374149659869
-1.3235374149659869
-1.3467573696145134
-1.3467573696145134
-1.3467573696145134
-1.3467573696145116
-1.3467573696145116
-1.3467573696145152
-1.3467573696145116
-1.4164172335600895
-1.4396371882086179
-1.4396371882086179
-1.4860770975056674
-1.486077097505671
-1.486077097505671
-1.486077097505671
-1.36997732426304
-1.36997732426304
-1.2306575963718807
-1.2074376417233559
-1.2074376417233559
-1.2306575963718842
-1.2306575963718842
-1.2770975056689338
-1.2770975056689338
-1.2770975056689338
-1.2770975056689373
-1.2770975056689338
-1.2770975056689338
-1.2770975056689338
-1.2770975056689373
-1.2770975056689338
-1.2770975056689338
-1.2770975056689338
-1.2770975056689338
-1.2770975056689373
-1.2770975056689373
-1.2770975056689338
-1.4164172335600895
-1.4164172335600895
-1.416417233560093
-1.4164172335600895
-1.4164172335600895
-1.184217687074831
-1.184217687074831
-1.253877551020409
-1.2770975056689338
-1.2770975056689338
-1.2770975056689373
-1.2770975056689338
-1.2770975056689338
-1.1145578231292532
-0.9984580498866222
-0.9984580498866222
-0.9984580498866222
-0.9984580498866222
-0.9984580498866222
-0.9984580498866187
-0.9984580498866187
-0.9984580498866187
-0.9984580498866187
-0.2786394557823151
-0.2786394557823151
-0.2786394557823151
-0.2786394557823151
-0.2786394557823151
0.18575963718820887
0.18575963718820887
0.18575963718820887
0.18575963718820887
1.2074376417233559
1.2074376417233559
1.2074376417233559
1.2074376417233559
1.6253968253968232
1.6253968253968232
1.6253968253968232
1.6253968253968232
2.1362358276643967
2.786394557823126
2.786394557823126
2.786394557823126
2.786394557823126
3.1579138321995472
3.1579138321995472
3.1579138321995472
3.1579138321995472
3.366893424036281
3.366893424036281
3.366893424036281
3.366893424036281
4.31891156462585
4.667210884353739
4.667210884353739
4.667210884353739
4.667210884353739
5.317369614512472
5.317369614512472
5.317369614512472
5.317369614512472
6.037188208616783
6.037188208616783
6.037188208616783
6.037188208616783
6.8731065759637175
8.661043083900225
8.661043083900225
