OnSet desviation
0
-0.8359183673469389
-0.6733786848072558
-0.626938775510204
-0.7430385487528346
-0.4876190476190474
-0.3482993197278912
-0.2786394557823133
-0.16253968253968232
-0.09287981859410532
-0.046439909297053106
0.04643990929705133
0.1857596371882071
0.27863945578231153
0.37151927437641774
0.7198185941043089
0.7198185941043089
0.8591383219954647
0.8359183673469381
0.8359183673469381
0.6733786848072558
0.37151927437641774
0.37151927437641774
0.3482993197278894
0.3482993197278894
0.3482993197278912
0.3482993197278912
0.3482993197278912
0.3482993197278912
0.3482993197278894
0.3482993197278894
0.3482993197278912
0.3947392290249443
0.3947392290249443
0.3947392290249425
0.3947392290249425
0.3947392290249425
0.39473922902494607
0.39473922902494607
0.3947392290249425
0.3947392290249425
0.3947392290249425
0.3947392290249425
0.3947392290249425
0.3947392290249425
0.3947392290249425
0.3947392290249425
0.39473922902494607
0.3947392290249425
0.3947392290249425
0.3947392290249425
0.3947392290249425
0.3947392290249425
0.3947392290249425
0.3947392290249425
0.3947392290249425
0.41795918367347085
0.4179591836734673
0.4179591836734673
0.41795918367347085
0.41795918367347085
0.41795918367347085
0.4179591836734673
0.4179591836734673
0.4179591836734673
0.41795918367347085
0.41795918367347085
0.4876190476190452
0.4876190476190452
0.48761904761904873
0.48761904761904873
0.48761904761904873
0.4876190476190452
0.48761904761904873
0.48761904761904873
0.48761904761904873
0.5572789115646231
0.5572789115646231
0.6965986394557824
0.6965986394557824
0.6965986394557788
1.021678004535147
1.021678004535147
1.4628571428571426
1.4628571428571426
1.4628571428571426
1.4628571428571426
1.4628571428571426
1.4628571428571426
1.4628571428571426
1.4628571428571426
1.4628571428571426
1.4628571428571426
1.4628571428571426
1.4628571428571426
1.4628571428571426
1.4628571428571426
1.4628571428571426
1.4628571428571426
1.4628571428571426
1.4628571428571426
1.4628571428571426
1.4628571428571426
1.4628571428571426
1.4628571428571426
1.4628571428571426
1.4628571428571426
1.4628571428571426
1.4628571428571426
1.4628571428571426
1.4628571428571426
1.4628571428571426
1.4628571428571426
1.4628571428571426
1.4628571428571426
1.4628571428571426
1.4628571428571426
1.462857142857139
1.462857142857139
1.462857142857139
1.462857142857139
1.4628571428571426
1.4628571428571426
1.4628571428571426
1.4628571428571426
1.4628571428571426
1.4628571428571426
1.4628571428571426
1.4628571428571426
1.57895691609977
1.7414965986394577
1.7414965986394577
1.7414965986394577
1.7414965986394577
1.7414965986394542
1.7414965986394542
1.7414965986394542
1.7414965986394542
2.1826757369614462
2.1826757369614462
2.1826757369614462
2.1826757369614462
2.530975056689339
2.5309750566893428
2.5309750566893428
