OnSet desviation
0
0.3317910498866212
0.12952314285714306
0.4613141927437643
0.2822662403628118
0.6140572902494337
0.6672088843537409
0.6971405238095238
0.8663918911564625
0.9427634399092959
0.9959150340136045
1.1419464467120175
1.2415379501133774
1.3411294535147391
1.4871608662131521
1.888611780045352
1.8953234648526074
2.0728289671201807
2.0877947868480717
2.079540651927436
1.8390869705215405
1.5521933798185952
1.5439392448979596
1.5124651553287976
1.5274309750566886
1.5280770668934238
1.528723158730159
1.528723158730159
1.5293692505668925
1.530015342403626
1.530015342403626
1.530661434240363
1.5777474353741496
1.5777474353741496
1.5783935272108849
1.5558196643990936
1.556465756235827
1.557111848072564
1.557111848072564
1.5577579399092976
1.558404031746031
1.558404031746031
1.5590501235827645
1.5596962154195033
1.5596962154195033
1.560342307256235
1.5609883990929667
1.5616344909297055
1.5622805827664408
1.5622805827664408
1.5629266746031725
1.5635727664399077
1.5635727664399077
1.5642188582766465
1.5648649501133782
1.5648649501133782
1.5887309965986383
1.5893770884353735
1.5900231802721088
1.590669272108844
1.590669272108844
1.5913153639455757
1.5919614557823145
1.5919614557823145
1.5926075476190462
1.5932536394557815
1.5932536394557815
1.6635595952380946
1.6642056870748299
1.664851778911565
1.6654978707482968
1.6654978707482968
1.666143962585032
1.6667900544217709
1.6667900544217709
1.6674361462585026
1.7377421020408157
1.7377421020408157
1.8777079217687067
1.878354013605442
1.8790001054421737
2.204725562358277
2.204725562358277
2.646550792517008
2.623976929705215
2.623976929705215
2.62462302154195
2.6252691133786854
2.6252691133786854
2.6259152052154207
2.6265612970521524
2.627853480725623
2.627853480725623
2.627853480725623
2.627853480725623
2.62914566439909
2.62914566439909
2.62914566439909
2.62914566439909
2.630437848072564
2.630437848072564
2.630437848072564
2.630437848072564
2.6317300317460344
2.6330222154195013
2.6330222154195013
2.6330222154195013
2.6330222154195013
2.634314399092972
2.634314399092972
2.634314399092972
2.634314399092972
2.6356065827664388
2.6356065827664388
2.6356065827664388
2.6356065827664388
2.6368987664399093
2.6381909501133762
2.6381909501133762
2.6381909501133762
2.6381909501133762
2.6394831337868467
2.6394831337868467
2.6394831337868467
2.6394831337868467
2.6407753174603172
2.6407753174603172
2.6407753174603172
2.6407753174603172
2.9207069569160957
3.0845388231292503
3.0845388231292503
3.0845388231292503
3.0845388231292503
3.085831006802721
3.085831006802721
3.085831006802721
3.085831006802721
3.7140619659863923
3.7140619659863923
3.7140619659863923
3.7140619659863923
4.040433514739227
4.043017882086168
4.043017882086168
