OnSet desviation
0
-0.8359183673469388
-0.7662585034013605
-0.6965986394557824
-0.8126984126984125
-0.650158730158731
-0.8126984126984125
-0.41795918367346996
-0.6037188208616779
-0.5340589569161001
-0.5340589569160992
-0.48761904761904784
-0.6037188208616779
-0.5108390022675735
-0.4643990929705204
-0.25541950113378675
-0.255419501133785
-0.13931972789115576
-0.13931972789115576
-0.13931972789115576
-0.3947392290249425
-0.6501587301587293
-0.6501587301587293
-0.7662585034013603
-0.7894784580498868
-0.789478458049885
-0.7894784580498868
-0.7894784580498868
-0.789478458049885
-0.7894784580498868
-0.7894784580498868
-0.7894784580498868
-0.789478458049885
-0.789478458049885
-0.789478458049885
-0.789478458049885
-0.789478458049885
-0.789478458049885
-0.789478458049885
-0.7894784580498886
-0.789478458049885
-0.789478458049885
-0.789478458049885
-0.7894784580498886
-0.7894784580498886
-0.789478458049885
-0.789478458049885
-0.789478458049885
-0.7894784580498886
-0.7894784580498886
-0.789478458049885
-0.789478458049885
-0.789478458049885
-0.7894784580498886
-0.6965986394557824
-0.6965986394557824
-0.6965986394557824
-0.6965986394557824
-0.6965986394557824
-0.6965986394557824
-0.6965986394557824
-0.6965986394557788
-0.6965986394557824
-0.6965986394557824
-0.6965986394557824
-0.6501587301587293
-0.6501587301587293
-0.4411791383219956
-0.4411791383219956
-0.4411791383219956
-0.44117913832199207
-0.44117913832199207
-0.41795918367347085
-0.4179591836734673
-0.4179591836734673
-0.4179591836734673
-0.37151927437641774
-0.37151927437641774
-0.30185941043083986
-0.3018594104308363
-0.30185941043083986
-0.30185941043083986
-0.30185941043083986
-0.3018594104308363
0.6965986394557824
0.6965986394557824
0.6965986394557824
0.6965986394557824
0.6965986394557824
0.6965986394557824
0.6965986394557824
0.6965986394557824
0.6965986394557824
0.6965986394557824
0.6965986394557824
0.6965986394557859
0.6965986394557859
0.6965986394557859
0.6965986394557859
0.6965986394557824
0.6965986394557824
0.6965986394557824
0.6965986394557824
0.6965986394557824
0.6965986394557824
0.6965986394557824
0.6965986394557824
0.6965986394557824
0.6965986394557824
0.6965986394557824
0.6965986394557824
0.6965986394557824
0.6965986394557824
0.6965986394557824
0.6965986394557824
0.6965986394557824
0.8359183673469381
0.8359183673469381
0.8359183673469381
0.8359183673469381
0.8359183673469381
0.8359183673469381
0.8359183673469381
0.8359183673469381
0.8359183673469381
0.8359183673469381
0.8359183673469381
0.8359183673469381
0.8359183673469381
1.021678004535147
1.1377777777777816
1.1377777777777816
1.1377777777777816
1.1377777777777816
1.137777777777778
1.137777777777778
1.137777777777778
1.137777777777778
1.4860770975056674
1.4860770975056674
1.4860770975056674
1.4860770975056674
1.8575963718820852
3.181133786848072
3.181133786848072
