OnSet desviation
0
-0.8359183673469389
-0.7430385487528341
-0.7662585034013603
-0.7662585034013607
-0.6733786848072554
-0.37151927437641774
-0.6965986394557824
-0.3947392290249434
-0.3947392290249443
-0.34829931972789296
-0.30185941043083986
-0.046439909297053106
-0.046439909297053106
0.0
0.13931972789115754
0.13931972789115576
0.16253968253968232
0.13931972789115576
0.13931972789115576
0.2321995464852602
0.18575963718820887
0.18575963718820887
0.27863945578231153
0.3018594104308381
0.3018594104308381
0.30185941043083986
0.30185941043083986
0.3018594104308381
0.3018594104308381
0.3018594104308381
0.30185941043083986
0.3482993197278912
0.3482993197278912
0.3482993197278894
0.3482993197278894
0.3482993197278894
0.34829931972789296
0.34829931972789296
0.34829931972789296
0.3482993197278894
0.3482993197278894
0.3482993197278894
0.34829931972789296
0.34829931972789296
0.3482993197278894
0.3482993197278894
0.34829931972789296
0.34829931972789296
0.34829931972789296
0.3482993197278894
0.3482993197278894
0.3482993197278894
0.34829931972789296
0.25541950113378675
0.25541950113378675
0.2786394557823151
0.27863945578231153
0.27863945578231153
0.2786394557823151
0.2786394557823151
0.27863945578231153
0.27863945578231153
0.27863945578231153
0.27863945578231153
0.23219954648526198
0.23219954648526198
0.09287981859410266
0.09287981859410266
0.09287981859410621
0.09287981859410266
0.09287981859410266
0.06965986394557788
0.06965986394557788
0.06965986394557788
0.06965986394557788
0.09287981859410266
0.09287981859410266
0.1625396825396841
0.16253968253968054
0.16253968253968054
0.48761904761904873
0.48761904761904873
0.9287981859410408
-0.06965986394557788
-0.06965986394557788
-0.06965986394557788
-0.06965986394557788
-0.06965986394557788
-0.06965986394557788
-0.06965986394557788
-0.06965986394557788
-0.06965986394557788
-0.06965986394557788
-0.06965986394557788
-0.06965986394558144
-0.06965986394558144
-0.06965986394558144
-0.06965986394558144
-0.06965986394557788
-0.06965986394557788
-0.06965986394557788
-0.06965986394557788
-0.06965986394557788
-0.06965986394557788
-0.06965986394557788
-0.06965986394557788
-0.06965986394557788
-0.06965986394557788
-0.06965986394557788
-0.06965986394557788
-0.06965986394557788
-0.06965986394557788
-0.06965986394557788
-0.06965986394557788
-0.06965986394557788
-0.20897959183673365
-0.2089795918367372
-0.2089795918367372
-0.2089795918367372
-0.2089795918367372
-0.20897959183673365
-0.20897959183673365
-0.20897959183673365
-0.20897959183673365
-0.20897959183673365
-0.20897959183673365
-0.20897959183673365
-0.20897959183673365
-0.2786394557823151
-0.23219954648526198
-0.23219954648526198
-0.23219954648526198
-0.23219954648526198
-0.23219954648526198
-0.23219954648526198
-0.23219954648526198
-0.23219954648526198
-0.13931972789116287
-0.13931972789116287
-0.13931972789116287
-0.13931972789116287
-0.16253968253968765
-1.486077097505671
-1.486077097505671
