OnSet desviation
0
0.35501100453514745
-0.009796585034013816
0.27555455555555586
0.2126063764172339
0.2889779251700686
0.20280979138321964
0.16308156689342468
0.21623316099773238
0.22294484580498874
0.2296565306122451
0.2828081247165537
0.24307990022675696
0.24979158503401422
0.30294317913832103
0.3560947732426296
0.3628064580498851
0.40099223242630266
0.43917800680272023
0.4309238718820847
0.3530098730158713
0.36797569274376407
0.35972155782312853
0.3514674229024948
0.3664332426303858
0.36707933446711927
0.3677254263038545
0.3677254263038545
0.368371518140588
0.36901760997732325
0.36901760997732325
0.3696637018140585
0.370309793650792
0.370309793650792
0.370955885487529
0.3483820226757377
0.3490281145124712
0.34967420634920465
0.34967420634920465
0.3503202981859417
0.35096639002267516
0.35096639002267516
0.35161248185940863
0.35225857369614744
0.35225857369614744
0.35290466553287914
0.35355075736961084
0.3541968492063461
0.3548429410430849
0.3548429410430849
0.3554890328798166
0.35613512471655184
0.35613512471655184
0.35678121655329065
0.35742730839002235
0.35742730839002235
0.35807340022675405
0.35871949206349285
0.3593655839002281
0.3600116757369598
0.3600116757369598
0.3606577675736915
0.36130385941043386
0.36130385941043386
0.36194995124716556
0.36259604308389726
0.36259604308389726
0.36324213492063606
0.3638882267573713
0.364534318594103
0.3651804104308347
0.3651804104308347
0.3658265022675735
0.36647259410430877
0.36647259410430877
0.36711868594104047
0.3677647777777793
0.3677647777777793
0.36841086961451097
0.3690569614512462
0.3697030532879815
0.3703491451247167
0.3703491451247167
0.370995236961452
0.3484213741496589
0.3484213741496589
0.34906746598639415
0.3497135578231294
0.3497135578231294
0.35035964965986466
0.35100574149659636
0.35229792517006686
0.35229792517006686
0.35229792517006686
0.35229792517006686
0.3535901088435338
0.3535901088435338
0.3535901088435338
0.3535901088435338
0.35488229251700787
0.35488229251700787
0.35488229251700787
0.35488229251700787
0.3561744761904784
0.3574666598639453
0.3574666598639453
0.3574666598639453
0.3574666598639453
0.35875884353741583
0.35875884353741583
0.35875884353741583
0.35875884353741583
0.3600510272108828
0.3600510272108828
0.3600510272108828
0.3600510272108828
0.3613432108843533
0.3626353945578238
0.3626353945578238
0.3626353945578238
0.3626353945578238
0.36392757823129074
0.36392757823129074
0.36392757823129074
0.36392757823129074
0.36521976190476124
0.36521976190476124
0.36521976190476124
0.36521976190476124
0.5290516281179123
0.5303438117913792
0.5303438117913792
0.5303438117913792
0.5303438117913792
0.5316359954648533
0.5316359954648533
0.5316359954648533
0.5316359954648533
0.7186878163265327
0.7186878163265327
0.7186878163265327
0.7186878163265327
0.6967600453514748
0.6993444126984123
0.6993444126984123
