OnSet desviation
0
-0.905578231292517
-0.5804988662131518
-0.46439909297052173
-0.3482993197278912
-0.1160997732426301
-0.06965986394557877
0.16253968253968232
0.09287981859410444
0.2786394557823124
0.18575963718820976
0.32507936507936463
0.5804988662131532
0.6733786848072558
0.8359183673469381
0.8591383219954647
0.9984580498866222
0.9984580498866222
0.9984580498866222
0.9984580498866205
0.9752380952380939
0.9287981859410426
0.8823582766439912
0.8359183673469399
0.8359183673469399
0.8359183673469399
0.8359183673469381
0.8359183673469381
0.8359183673469399
0.8359183673469381
0.8359183673469381
0.8359183673469399
0.8359183673469381
0.8359183673469381
0.8359183673469399
0.8359183673469381
0.8359183673469399
0.8359183673469381
0.8359183673469381
0.8359183673469364
0.8359183673469381
0.8359183673469381
0.8359183673469381
0.8359183673469364
0.8359183673469364
0.8359183673469381
0.8359183673469381
0.8359183673469381
0.8359183673469346
0.8359183673469346
0.8359183673469381
0.8359183673469381
0.8359183673469381
0.8359183673469346
0.8359183673469381
0.8359183673469381
0.8359183673469381
0.8359183673469381
0.8591383219954629
0.9055782312925125
0.9055782312925125
0.905578231292516
0.905578231292516
0.905578231292516
0.905578231292516
0.905578231292516
0.905578231292516
0.905578231292516
0.905578231292516
0.9055782312925125
0.905578231292516
0.905578231292516
0.905578231292516
0.9055782312925125
0.9055782312925125
0.905578231292516
1.091337868480725
1.091337868480725
1.021678004535147
1.0216780045351435
1.0681179138322001
1.1842176870748276
1.1842176870748276
1.3235374149659833
1.346757369614508
1.346757369614508
1.3467573696145116
1.3699773242630364
1.3699773242630364
1.3699773242630364
2.0897959183673436
1.8343764172335568
1.8343764172335568
1.8343764172335568
1.8343764172335568
1.8343764172335604
1.8343764172335604
1.8343764172335604
1.8343764172335604
2.3452154195011303
2.3452154195011303
2.3452154195011303
2.3452154195011303
2.345215419501134
2.345215419501134
2.345215419501134
2.345215419501134
2.345215419501134
2.64707482993197
2.64707482993197
2.64707482993197
2.64707482993197
2.64707482993197
2.64707482993197
2.64707482993197
2.64707482993197
2.6238548752834454
2.6238548752834454
2.6238548752834454
2.6238548752834454
2.6238548752834454
2.6238548752834454
2.6238548752834454
2.6238548752834454
2.6238548752834454
2.6238548752834454
2.6238548752834454
2.6238548752834454
2.6238548752834454
2.879274376417232
2.972154195011335
2.972154195011335
2.972154195011335
2.972154195011335
3.1811337868480685
3.1811337868480685
3.1811337868480685
3.1811337868480685
3.1811337868480685
3.1811337868480685
3.1811337868480685
3.1811337868480685
3.3204535147392313
4.109931972789109
4.109931972789109
