OnSet desviation
0
-0.5340589569160996
-0.4179591836734693
-0.11609977324263054
0.09287981859410444
0.30185941043083897
0.2321995464852602
0.5804988662131514
0.6501587301587302
0.9520181405895682
0.9752380952380948
1.3699773242630382
1.6486167800453515
1.8575963718820852
2.043356009070294
2.2987755102040808
2.7167346938775516
2.7167346938775516
2.7167346938775516
2.71673469387755
2.647074829931972
2.6006349206349206
2.507755102040816
2.507755102040816
2.507755102040818
2.507755102040816
2.5077551020408144
2.5077551020408144
2.5077551020408198
2.507755102040818
2.507755102040818
2.507755102040818
2.5774149659863976
2.5774149659863976
2.577414965986396
2.5774149659863976
2.577414965986396
2.577414965986394
2.577414965986394
2.5774149659863976
2.577414965986396
2.577414965986396
2.577414965986396
2.5774149659863976
2.5774149659863976
2.577414965986396
2.577414965986396
2.577414965986396
2.577414965986396
2.577414965986396
2.577414965986396
2.577414965986396
2.577414965986396
2.577414965986396
2.577414965986396
2.577414965986396
2.670294784580502
2.670294784580502
2.7167346938775516
2.7631746031746047
2.7631746031746047
2.7631746031746047
2.7631746031746047
2.7631746031746047
2.7631746031746047
2.7631746031746047
2.7631746031746047
2.8792743764172357
2.8792743764172357
2.879274376417232
2.8792743764172357
2.8792743764172357
2.8792743764172357
2.879274376417232
2.879274376417232
2.8792743764172357
3.04181405895692
3.04181405895692
3.018594104308395
3.0185941043083915
3.0185941043083915
3.0882539682539694
3.0882539682539694
3.227573696145125
3.25079365079365
3.25079365079365
3.2507936507936535
3.2507936507936535
3.2507936507936535
3.25079365079365
3.2507936507936535
3.9241723356009075
3.9241723356009075
3.9241723356009075
3.9241723356009075
3.924172335600911
3.924172335600911
3.924172335600911
3.924172335600911
5.201269841269841
5.201269841269841
5.201269841269841
5.201269841269841
5.201269841269845
5.201269841269841
5.201269841269841
5.201269841269841
5.201269841269841
5.201269841269841
5.201269841269841
5.201269841269841
5.201269841269841
5.201269841269845
5.201269841269845
5.201269841269845
5.201269841269845
5.503129251700681
5.503129251700678
5.503129251700678
5.503129251700678
5.503129251700678
5.503129251700685
5.503129251700685
5.503129251700685
5.503129251700685
5.503129251700681
5.503129251700681
5.503129251700681
5.503129251700681
5.758548752834468
5.758548752834471
5.758548752834471
5.758548752834471
5.758548752834471
5.758548752834468
5.758548752834468
5.758548752834468
5.758548752834468
5.758548752834468
5.758548752834468
5.758548752834468
5.758548752834468
6.408707482993197
7.128526077097508
7.128526077097508
