OnSet desviation
0
-0.4876190476190474
-0.6965986394557822
-0.5108390022675735
-0.41795918367346907
-0.4411791383219956
-0.5572789115646257
-0.4411791383219956
-0.30185941043083897
-0.18575963718820887
-0.06965986394557966
0.18575963718820887
0.20897959183673365
0.32507936507936463
0.3482993197278912
0.5804988662131514
0.8591383219954647
0.8591383219954647
0.8591383219954647
0.8591383219954647
0.8126984126984134
0.8126984126984134
0.7662585034013603
0.8126984126984116
0.8126984126984134
0.8126984126984116
0.8126984126984116
0.8126984126984116
0.8126984126984151
0.8126984126984151
0.8126984126984151
0.8126984126984134
0.8823582766439948
0.8823582766439948
0.8823582766439912
0.8823582766439948
0.8823582766439912
0.8823582766439912
0.8823582766439912
0.8823582766439948
0.8823582766439912
0.8823582766439912
0.8823582766439912
0.8823582766439948
0.8823582766439948
0.8823582766439912
0.8823582766439912
0.8823582766439912
0.8823582766439948
0.8823582766439948
0.8823582766439912
0.8823582766439912
0.8823582766439912
0.8823582766439948
0.8823582766439912
0.8823582766439912
0.9752380952380975
0.9752380952380975
0.9984580498866222
0.9984580498866258
0.9984580498866258
0.9984580498866222
0.9984580498866222
0.9984580498866222
0.9984580498866222
0.9984580498866222
0.9984580498866222
1.1145578231292532
1.1145578231292532
1.1145578231292532
1.1145578231292532
1.1145578231292532
1.1145578231292532
1.1145578231292532
1.1145578231292532
1.1145578231292532
1.0913378684807284
1.0913378684807284
1.1377777777777816
1.1377777777777816
1.091337868480725
1.0448979591836753
1.0448979591836753
1.0448979591836753
1.0448979591836753
1.0448979591836753
1.0448979591836753
1.0216780045351506
1.0216780045351506
1.021678004535147
0.3018594104308434
1.2306575963718842
1.2306575963718842
1.2306575963718842
1.2306575963718842
1.2306575963718842
1.2306575963718842
1.2306575963718842
1.2306575963718842
1.9969160997732445
1.9969160997732445
1.9969160997732445
1.9969160997732445
1.9969160997732445
1.996916099773241
1.996916099773241
1.996916099773241
1.996916099773241
1.6950566893424046
1.6950566893424046
1.6950566893424046
1.6950566893424046
1.6950566893424082
1.6950566893424082
1.6950566893424082
1.6950566893424082
2.0201360544217692
2.0201360544217657
2.0201360544217657
2.0201360544217657
2.0201360544217657
2.020136054421773
2.020136054421773
2.020136054421773
2.020136054421773
2.0201360544217692
2.0201360544217692
2.0201360544217692
2.0201360544217692
2.0201360544217692
1.9272562358276701
1.9272562358276701
1.9272562358276701
1.9272562358276701
1.718276643990933
1.718276643990933
1.718276643990933
1.718276643990933
1.718276643990933
1.718276643990933
1.718276643990933
1.718276643990933
2.2291156462584993
2.159455782312932
2.159455782312932
