OnSet desviation
0
0.5639905963718822
0.4546025079365079
0.9489332403628117
0.9324249705215419
1.2177761111111112
1.0619481133786843
1.347299253968254
1.377230893424036
1.6858019886621305
1.7157336281179134
2.0243047233560088
2.1238962267573687
2.2931475941043082
2.3695191428571434
2.6316503287981856
2.870561560090703
2.8623074251700675
2.8772732448979585
2.869019109977323
2.651785383219954
2.341671837868482
2.240537884353742
2.20906379478458
2.2240296145124727
2.224675706349206
2.2253217981859397
2.2253217981859397
2.2259678900226785
2.226613981859412
2.226613981859412
2.2272600736961454
2.2975660294784603
2.2975660294784603
2.2982121213151956
2.2756382585034043
2.2762843503401378
2.2769304421768712
2.2769304421768712
2.2775765340136083
2.2782226258503417
2.2782226258503417
2.278868717687075
2.279514809523814
2.279514809523814
2.2801609013605457
2.2808069931972774
2.2814530850340127
2.2820991768707515
2.2820991768707515
2.282745268707483
2.2833913605442184
2.2833913605442184
2.2840374523809572
2.284683544217689
2.284683544217689
2.378209454648527
2.378855546485262
2.3795016383219973
2.3801477301587326
2.3801477301587326
2.3807938219954643
2.381439913832203
2.381439913832203
2.382086005668935
2.38273209750567
2.38273209750567
2.4994779625850363
2.5001240544217715
2.5007701462585032
2.5014162380952385
2.5014162380952385
2.5020623299319737
2.502708421768709
2.502708421768709
2.5033545136054443
2.6665402879818636
2.6665402879818636
2.7136262891156484
2.7142723809523837
2.5988186995464844
2.506584972789117
2.506584972789117
2.507231064625852
2.484657201814059
2.484657201814059
2.485303293650798
2.4859493854875296
2.4859493854875296
2.486595477324265
2.487241569161
3.556651666666667
3.556651666666667
3.556651666666667
3.556651666666667
3.5579438503401377
3.5579438503401377
3.5579438503401377
3.5579438503401377
4.836333539682542
4.836333539682542
4.836333539682542
4.836333539682542
4.8376257233560125
4.838917907029479
4.838917907029479
4.838917907029479
4.838917907029479
4.84021009070295
4.84021009070295
4.84021009070295
4.84021009070295
4.8415022743764204
4.8415022743764204
4.8415022743764204
4.8415022743764204
5.167873823129252
5.169166006802719
5.169166006802719
5.169166006802719
5.169166006802719
5.170458190476193
5.170458190476193
5.170458190476193
5.170458190476193
5.17175037414966
5.17175037414966
5.17175037414966
5.17175037414966
5.428462058956914
5.429754242630388
5.429754242630388
5.429754242630388
5.429754242630388
5.431046426303858
5.431046426303858
5.431046426303858
5.431046426303858
5.432338609977325
5.432338609977325
5.432338609977325
5.432338609977325
6.060569569160997
6.782972530612248
6.782972530612248
