OnSet desviation
0
0.3317910498866212
0.1063031882086165
0.2987745102040815
0.0732866485260768
0.1496581972789115
0.06349006349206388
0.0005418843537423612
-0.039186340136054376
-0.03247465532879801
-0.02576297052154164
-0.1119311043083897
-0.2909790566893431
-0.33070728117913717
-0.4400953696145109
-0.4333836848072554
-0.6124316371882088
-0.6206857721088443
-0.6057199523809533
-0.6139740873015871
-0.7615479501133784
-1.025221586167799
-1.0334757210884344
-1.0649498106575965
-1.0499839909297055
-1.0493378990929703
-1.048691807256235
-1.048691807256235
-1.0480457154195015
-1.0473996235827663
-1.0473996235827663
-1.0467535317460328
-1.0461074399092976
-1.0461074399092976
-1.0454613480725605
-1.0680352108843536
-1.0673891190476184
-1.066743027210883
-1.066743027210883
-1.0660969353741496
-1.0654508435374144
-1.0654508435374144
-1.064804751700681
-1.0641586598639439
-1.0641586598639439
-1.0635125680272104
-1.0628664761904787
-1.0622203843537434
-1.0615742925170046
-1.0615742925170046
-1.060928200680273
-1.0602821088435377
-1.0602821088435377
-1.0596360170067989
-1.0589899251700672
-1.0589899251700672
-1.0583438333333355
-1.0576977414966002
-1.1034915589569145
-1.1492853764172324
-1.1492853764172324
-1.1486392845805007
-1.1479931927437619
-1.1479931927437619
-1.1473471009070302
-1.146701009070295
-1.146701009070295
-1.1460549172335597
-1.1454088253968244
-1.1447627335600892
-1.1441166417233575
-1.1441166417233575
-1.1434705498866222
-1.1428244580498834
-1.1428244580498834
-1.1421783662131517
-1.1415322743764165
-1.1415322743764165
-1.0712263185941069
-1.070580226757368
-1.1860339081632674
-1.3479274988662127
-1.3479274988662127
-1.4866011349206332
-1.532394952380951
-1.532394952380951
-1.5317488605442158
-1.531102768707484
-1.531102768707484
-1.5304566768707453
-1.5298105850340136
-1.1337791723356005
-1.1337791723356005
-1.1337791723356005
-1.1337791723356005
-1.1324869886621336
-1.1324869886621336
-1.1324869886621336
-1.1324869886621336
-1.1311948049886595
-1.1311948049886595
-1.1311948049886595
-1.1311948049886595
-1.1299026213151926
-1.128610437641722
-1.128610437641722
-1.128610437641722
-1.128610437641722
-1.1273182539682516
-1.1273182539682516
-1.1273182539682516
-1.1273182539682516
-1.1260260702947846
-1.1260260702947846
-1.1260260702947846
-1.1260260702947846
-1.1015139319727894
-1.1002217482993188
-1.1002217482993188
-1.1002217482993188
-1.1002217482993188
-1.098929564625852
-1.098929564625852
-1.098929564625852
-1.098929564625852
-1.0976373809523814
-1.0976373809523814
-1.0976373809523814
-1.0976373809523814
-1.0963451972789144
-1.095053013605444
-1.095053013605444
-1.095053013605444
-1.095053013605444
-1.0937608299319699
-1.0937608299319699
-1.0937608299319699
-1.0937608299319699
-1.092468646258503
-1.092468646258503
-1.092468646258503
-1.092468646258503
-1.1143964172335608
-1.1118120498866197
-1.1118120498866197
