OnSet desviation
0
-0.9520181405895689
-0.6037188208616777
-0.6037188208616775
-0.6269387755102036
-0.3482993197278912
-0.5804988662131523
-0.37151927437641685
-0.30185941043083897
-0.3018594104308381
-0.2321995464852602
-0.23219954648526198
-0.09287981859410444
-0.11609977324263099
0.023219954648526553
0.0
-0.06965986394557788
-0.023219954648526553
0.09287981859410444
0.11609977324262921
0.16253968253968232
0.13931972789115576
0.13931972789115576
0.16253968253968232
0.25541950113378853
0.3715192743764195
0.4411791383219974
0.4411791383219974
0.4411791383219956
0.4411791383219956
0.4411791383219956
0.4411791383219992
0.4411791383219956
0.4411791383219956
0.4411791383219956
0.4411791383219956
0.30185941043083986
0.3250793650793682
0.3250793650793682
0.34829931972789296
0.34829931972789296
0.34829931972789296
0.32507936507936463
0.3250793650793682
0.3250793650793682
0.2786394557823151
0.23219954648526198
0.11609977324263099
-0.09287981859410266
-0.09287981859410266
-0.11609977324262744
0.02321995464852833
0.02321995464852833
0.06965986394557788
0.06965986394558144
0.06965986394558144
0.06965986394558144
0.06965986394557788
0.06965986394558144
0.11609977324263099
0.11609977324263099
0.23219954648526198
0.32507936507936463
0.32507936507936463
0.3250793650793682
0.3250793650793682
0.3250793650793682
0.32507936507936463
0.3250793650793682
0.32507936507936463
0.3250793650793682
0.3250793650793682
0.3250793650793682
0.32507936507936463
0.32507936507936463
0.32507936507936463
0.3250793650793682
0.3250793650793682
0.3250793650793682
0.32507936507936463
0.3018594104308434
0.30185941043083986
0.30185941043083986
0.34829931972789296
0.41795918367347085
0.41795918367347085
0.2786394557823151
0.23219954648526198
0.23219954648526198
0.23219954648526198
0.23219954648526198
0.30185941043083986
0.30185941043083986
0.30185941043083986
0.30185941043083986
0.30185941043083986
0.30185941043083986
0.30185941043083986
0.30185941043083986
0.30185941043083986
0.30185941043083986
0.30185941043083986
0.30185941043083986
0.3018594104308434
0.2786394557823151
0.2786394557823151
0.2786394557823151
0.2786394557823151
0.27863945578231153
0.27863945578231153
0.27863945578231153
0.27863945578231153
0.11609977324263099
0.11609977324263099
0.11609977324263099
0.11609977324263099
0.25541950113378675
0.37151927437641774
0.37151927437641774
0.37151927437641774
0.37151927437641774
0.37151927437641774
0.37151927437641774
0.37151927437641774
0.37151927437641774
0.37151927437641774
0.37151927437641774
0.37151927437641774
0.37151927437641774
0.3715192743764213
0.37151927437641774
0.37151927437641774
0.37151927437641774
0.37151927437641774
0.3715192743764213
0.3715192743764213
0.3715192743764213
0.3715192743764213
0.37151927437641774
0.37151927437641774
0.37151927437641774
0.37151927437641774
0.3715192743764213
1.6021768707483055
1.6021768707483055
