OnSet desviation
0
-0.6501587301587302
-0.4643990929705215
-0.39473922902494296
-0.27863945578231286
-0.023219954648526553
-0.30185941043083897
0.09287981859410444
0.09287981859410444
0.13931972789115754
0.2786394557823133
0.3482993197278912
0.44117913832199385
0.6037188208616779
0.7198185941043089
0.7662585034013603
0.6965986394557824
0.7662585034013603
0.9287981859410426
0.9287981859410426
0.9287981859410426
0.9287981859410426
0.9287981859410426
0.905578231292516
0.9055782312925178
0.9984580498866222
1.0913378684807284
1.0913378684807284
1.0913378684807267
1.091337868480725
1.091337868480725
1.0913378684807284
1.0913378684807284
1.0913378684807284
1.091337868480725
1.091337868480725
0.9520181405895691
0.9055782312925196
0.9055782312925196
0.905578231292516
0.9055782312925196
0.9055782312925196
0.8823582766439912
0.8823582766439948
0.8823582766439948
0.8359183673469381
0.7894784580498886
0.7894784580498886
0.7198185941043072
0.7198185941043072
0.6037188208616797
0.6037188208616797
0.6037188208616797
0.6037188208616797
0.6037188208616797
0.6037188208616797
0.6037188208616797
0.6037188208616797
0.6733786848072576
0.7894784580498886
0.7894784580498886
0.7894784580498886
0.789478458049885
0.789478458049885
0.7894784580498886
0.7894784580498886
0.7894784580498886
0.7894784580498886
0.7894784580498886
0.7430385487528355
0.743038548752839
0.743038548752839
0.7430385487528355
0.7430385487528355
0.7430385487528355
0.7430385487528355
0.7430385487528355
0.7430385487528355
0.7430385487528355
0.7430385487528355
0.6733786848072576
0.6965986394557824
0.6965986394557824
0.7662585034013603
0.8359183673469417
0.8359183673469417
0.6965986394557859
0.6501587301587293
0.6501587301587293
0.6501587301587328
0.6501587301587328
0.6501587301587328
0.6501587301587328
0.6501587301587328
0.6501587301587328
0.6501587301587293
0.6501587301587293
0.6501587301587293
0.6501587301587293
0.6501587301587328
0.6501587301587328
0.6501587301587328
0.6501587301587328
0.6501587301587328
0.6269387755102045
0.6269387755102045
0.6269387755102045
0.6269387755102045
0.6269387755102045
0.6269387755102045
0.6269387755102045
0.6269387755102045
0.4643990929705204
0.4643990929705204
0.4643990929705204
0.4643990929705204
0.46439909297052395
0.46439909297052395
0.46439909297052395
0.46439909297052395
0.46439909297052395
0.4643990929705204
0.4643990929705204
0.4643990929705204
0.4643990929705204
0.46439909297052395
0.46439909297052395
0.46439909297052395
0.46439909297052395
0.46439909297052395
0.46439909297052395
0.46439909297052395
0.46439909297052395
0.46439909297052395
0.46439909297052395
0.46439909297052395
0.46439909297052395
0.46439909297052395
0.4643990929705204
0.4643990929705204
0.4643990929705204
0.4643990929705204
0.46439909297052395
1.0216780045351506
1.0216780045351506
