OnSet desviation
0
0.51755068707483
0.5474823265306124
0.8328334671201816
0.7698852879818596
1.3338758843537413
1.0155082040816321
1.4866189818594107
1.6094304399092971
1.6625820340136057
1.9247132199546488
2.001084768707482
2.0077964535147377
2.177047820861679
2.3695191428571434
2.4691106462585033
2.406162467120181
2.5140081054421763
2.7147335623582762
2.7064794274376407
2.651785383219954
2.7364110668934245
2.728156931972789
2.6502429331065755
2.6652087528344683
2.6658548446712036
2.6432809818594123
2.6432809818594123
2.6439270736961458
2.6445731655328792
2.6445731655328792
2.6452192573696163
2.6458653492063497
2.6458653492063497
2.646511441043085
2.6239375782312937
2.4852639421768714
2.4394701247165553
2.4394701247165553
2.440116216553289
2.440762308390026
2.440762308390026
2.418188445578231
2.41883453741497
2.41883453741497
2.3730407199546484
2.3272469024943305
2.211793221088435
2.0034597210884364
2.0034597210884364
1.8880060396825407
1.888652131519276
1.888652131519276
1.8892982233560112
1.8899443151927464
1.8899443151927464
1.8905904070294781
1.8912364988662134
1.8918825907029522
1.8925286825396839
1.8925286825396839
1.8931747743764156
1.8938208662131544
1.8938208662131544
1.8944669580498896
1.8951130498866213
1.8951130498866213
1.8957591417233566
1.8964052335600954
1.850611416099774
1.8512575079365092
1.8512575079365092
1.8519035997732445
1.8525496916099797
1.8525496916099797
1.8531957834467114
1.8538418752834502
1.8538418752834502
1.854487967120182
1.8551340589569172
1.6700205136054436
1.5081269229024947
1.5081269229024947
1.4158931961451273
1.3700993786848095
1.3700993786848095
1.231425742630389
1.1856319251700675
1.1856319251700675
1.1862780170068064
1.186924108843538
1.1417763832199554
1.1417763832199554
1.1417763832199554
1.1417763832199554
1.1430685668934224
1.1430685668934224
1.1430685668934224
1.1430685668934224
1.1443607505668965
1.1443607505668965
1.1443607505668965
1.1443607505668965
1.145652934240367
1.1237251632653091
1.1237251632653091
1.1237251632653091
1.1237251632653091
1.125017346938776
1.125017346938776
1.125017346938776
1.125017346938776
0.9637698480725625
0.9637698480725625
0.9637698480725625
0.9637698480725625
0.965062031746033
0.8502544421768725
0.8502544421768725
0.8502544421768725
0.8502544421768725
0.8515466258503395
0.8515466258503395
0.8515466258503395
0.8515466258503395
0.85283880952381
0.85283880952381
0.85283880952381
0.85283880952381
0.8541309931972805
0.8554231768707474
0.8554231768707474
0.8554231768707474
0.8554231768707474
0.8567153605442215
0.8567153605442215
0.8567153605442215
0.8567153605442215
0.8580075442176884
0.8580075442176884
0.8580075442176884
0.8580075442176884
0.8360797732426342
2.069321736961456
2.069321736961456
