OnSet desviation
0
-0.48761904761904784
-0.6501587301587304
-0.5804988662131518
-0.44117913832199607
-0.4643990929705222
-0.5108390022675735
-0.3250793650793655
-0.3947392290249434
-0.3482993197278912
-0.2786394557823133
-0.20897959183673365
-0.25541950113378853
-0.06965986394557788
-0.09287981859410444
-0.023219954648526553
-0.023219954648526553
0.0
0.04643990929705133
0.023219954648526553
-0.023219954648526553
0.0
0.0
-0.046439909297053106
-0.13931972789115754
-0.1625396825396841
-0.13931972789115576
-0.13931972789115576
-0.13931972789115576
-0.13931972789115754
-0.13931972789115754
-0.13931972789115754
-0.139319727891154
-0.139319727891154
-0.13931972789115576
-0.13931972789115576
-0.13931972789115576
-0.20897959183673365
-0.20897959183673365
-0.23219954648526198
-0.23219954648525842
-0.23219954648525842
-0.23219954648525842
-0.23219954648525842
-0.23219954648525842
-0.23219954648526198
-0.23219954648525842
-0.11609977324262744
0.023219954648524777
0.023219954648524777
-0.06965986394557788
-0.20897959183673365
-0.20897959183673365
-0.2554195011337832
-0.25541950113378675
-0.25541950113378675
-0.25541950113378675
-0.2554195011337832
-0.18575963718820887
-0.11609977324262744
-0.11609977324262744
-0.23219954648525842
-0.32507936507936463
-0.32507936507936463
-0.32507936507936463
-0.32507936507936463
-0.32507936507936463
-0.3250793650793611
-0.32507936507936463
-0.3715192743764142
-0.3715192743764142
-0.3715192743764142
-0.37151927437641774
-0.3715192743764142
-0.3715192743764142
-0.3715192743764142
-0.37151927437641774
-0.37151927437641774
-0.37151927437641774
-0.3715192743764142
-0.41795918367347085
-0.3947392290249425
-0.3947392290249425
-0.37151927437641774
-0.3715192743764142
-0.3715192743764142
-0.3715192743764142
-0.37151927437641774
-0.37151927437641774
-0.3715192743764142
-0.3715192743764142
-0.44117913832199207
-0.44117913832199207
-0.44117913832199207
-0.44117913832199207
-0.4411791383219956
-0.4411791383219956
-0.4411791383219956
-0.4411791383219956
-0.44117913832199207
-0.44117913832199207
-0.44117913832199207
-0.44117913832199207
-0.4411791383219956
-0.4411791383219956
-0.4411791383219956
-0.4411791383219956
-0.4411791383219956
-0.44117913832199207
-0.44117913832199207
-0.44117913832199207
-0.44117913832199207
-0.4411791383219956
-0.4411791383219956
-0.4411791383219956
-0.4411791383219956
-0.5804988662131478
-0.6965986394557788
-0.6965986394557788
-0.6965986394557788
-0.6965986394557788
-0.6965986394557824
-0.6965986394557824
-0.6965986394557824
-0.6965986394557824
-0.6965986394557788
-0.6965986394557788
-0.6965986394557788
-0.6965986394557788
-0.6965986394557824
-0.6965986394557788
-0.6965986394557788
-0.6965986394557788
-0.6965986394557788
-0.6965986394557824
-0.6965986394557824
-0.6965986394557824
-0.6965986394557824
-0.6965986394557824
-0.6965986394557824
-0.6965986394557824
-0.6965986394557824
-0.6965986394557824
-1.36997732426304
-1.36997732426304
