OnSet desviation
0
-0.5572789115646255
-0.23219954648526064
-0.06965986394557877
-8.881784197001252e-16
0.3947392290249434
0.20897959183673454
1.137777777777777
0.650158730158731
0.9287981859410426
0.8591383219954647
1.2306575963718824
1.439637188208616
1.4860770975056674
1.741496598639456
1.9736961451247197
1.973696145124718
2.1130158730158755
2.252335600907031
2.252335600907031
2.252335600907031
2.4148752834467118
2.4148752834467118
2.461315192743765
2.461315192743765
2.391655328798187
2.43809523809524
2.43809523809524
2.4380952380952365
2.43809523809524
2.43809523809524
2.43809523809524
2.43809523809524
2.43809523809524
2.43809523809524
2.43809523809524
2.391655328798187
2.368435374149662
2.368435374149662
2.368435374149662
2.368435374149662
2.368435374149662
2.2987755102040843
2.2987755102040843
2.2987755102040843
2.229115646258503
2.2291156462585064
2.321995464852609
2.321995464852609
2.321995464852609
2.4380952380952365
2.43809523809524
2.43809523809524
2.43809523809524
2.43809523809524
2.43809523809524
2.43809523809524
2.368435374149662
2.3452154195011374
2.368435374149662
2.368435374149662
2.4148752834467153
2.4148752834467118
2.4148752834467118
2.4148752834467118
2.4148752834467153
2.4148752834467153
2.3219954648526127
2.2987755102040808
2.321995464852609
2.461315192743765
2.461315192743765
2.461315192743765
2.4613151927437684
2.4613151927437684
2.368435374149662
2.3684353741496587
2.3684353741496587
2.368435374149662
2.368435374149662
2.368435374149662
2.3684353741496587
2.3684353741496587
2.368435374149662
2.368435374149662
2.368435374149662
2.252335600907031
2.2987755102040843
2.2987755102040843
2.4380952380952365
2.554195011337871
2.623854875283449
2.623854875283449
2.623854875283449
2.623854875283449
2.73995464852608
2.73995464852608
2.73995464852608
2.73995464852608
2.6006349206349206
2.6006349206349206
2.6006349206349206
2.6006349206349206
2.1826757369614533
2.159455782312925
2.159455782312925
2.159455782312925
2.159455782312925
2.159455782312925
2.159455782312925
2.159455782312925
2.159455782312925
2.1594557823129286
2.1594557823129286
2.1594557823129286
2.1594557823129286
2.159455782312925
2.043356009070294
2.043356009070294
2.043356009070294
2.043356009070294
2.0433560090702976
2.0433560090702976
2.0433560090702976
2.0433560090702976
2.0433560090702976
2.0433560090702976
2.0433560090702976
2.0433560090702976
2.043356009070294
2.043356009070294
2.043356009070294
2.043356009070294
2.043356009070294
2.043356009070301
2.043356009070301
2.043356009070301
2.043356009070301
1.9504761904761878
1.9504761904761878
1.9504761904761878
1.9504761904761878
1.9969160997732445
1.9969160997732445
1.9969160997732445
