OnSet desviation
0
-0.580498866213152
-0.4876190476190474
-0.30185941043083897
-0.23219954648526064
0.06965986394557788
0.18575963718820887
0.3482993197278912
0.4411791383219956
0.7198185941043072
0.8823582766439912
0.8823582766439895
0.8359183673469399
1.2306575963718824
1.137777777777778
1.4628571428571426
1.509297052154194
1.6021768707482984
1.6021768707483002
1.6021768707483002
1.6021768707483002
1.5557369614512488
1.5557369614512488
1.5789569160997736
1.5789569160997772
1.7414965986394577
1.9504761904761914
1.9504761904761914
2.1362358276644002
2.1594557823129286
2.1594557823129286
2.159455782312925
2.159455782312925
2.159455782312925
2.1594557823129286
2.1594557823129286
2.1362358276644002
2.205895691609978
2.205895691609978
2.205895691609978
2.205895691609978
2.205895691609978
2.205895691609978
2.205895691609978
2.205895691609978
2.321995464852609
2.4148752834467118
2.4148752834467153
2.4148752834467153
2.4148752834467153
2.252335600907031
2.252335600907031
2.252335600907031
2.252335600907031
2.2523356009070277
2.2523356009070277
2.252335600907031
2.252335600907031
2.1826757369614533
2.2291156462585064
2.2291156462585064
2.275555555555556
2.2987755102040843
2.2987755102040843
2.2987755102040843
2.2987755102040808
2.2987755102040808
2.2987755102040808
2.3452154195011374
2.368435374149662
2.2291156462585064
2.2291156462585064
2.229115646258503
2.229115646258503
2.229115646258503
2.205895691609978
2.2058956916099817
2.2058956916099817
2.252335600907031
2.345215419501134
2.4845351473922896
2.670294784580502
2.670294784580502
2.8560544217687074
2.9953741496598667
2.9953741496598667
2.995374149659863
2.9257142857142853
2.9257142857142853
2.786394557823133
2.6702947845804985
2.6006349206349206
2.6006349206349206
2.6006349206349206
2.6006349206349206
2.507755102040818
2.507755102040818
2.507755102040818
2.507755102040818
2.368435374149662
2.368435374149662
2.368435374149662
2.368435374149662
2.5309750566893428
2.8792743764172357
2.8792743764172357
2.8792743764172357
2.8792743764172357
2.879274376417232
2.879274376417232
2.879274376417232
2.879274376417232
2.8792743764172357
2.8792743764172357
2.8792743764172357
2.8792743764172357
2.8792743764172357
2.995374149659863
2.995374149659863
2.995374149659863
2.995374149659863
3.0650340136054446
3.0650340136054446
3.0650340136054446
3.0650340136054446
3.0650340136054446
3.0650340136054446
3.0650340136054446
3.0650340136054446
3.1346938775510225
3.366893424036281
3.366893424036281
3.366893424036281
3.366893424036281
3.3668934240362773
3.3668934240362773
3.3668934240362773
3.3668934240362773
3.529433106575965
3.529433106575965
3.529433106575965
3.529433106575965
3.4829931972789048
3.6455328798185924
3.6455328798185924
