OnSet desviation
0
0.6568704149659866
1.1512011473922905
1.6687518344671197
1.8612231564625845
2.680633253968254
2.757004802721088
3.7853944920634914
3.7921061768707487
4.356096773242629
4.5253481405895695
5.158998600907029
5.444349741496598
5.938680473922902
6.224031614512473
6.880902029478461
6.887613714285715
7.343758672335603
7.590924038548755
7.582669903628119
7.574415768707484
7.705481361678006
7.69722722675737
7.735413001133788
7.75037882086168
7.751024912698414
7.7981109138322005
7.7981109138322005
7.798757005668934
7.799403097505671
7.799403097505671
7.800049189342404
7.800695281179138
7.800695281179138
7.801341373015877
7.778767510204085
7.709753738095241
7.640739965986397
7.640739965986397
7.64138605782313
7.642032149659867
7.642032149659867
7.573018377551023
7.573664469387758
7.573664469387758
7.57431056122449
7.574956653061225
7.552382790249435
7.344049290249437
7.344049290249437
7.2518155634920625
7.252461655328801
7.252461655328801
7.2531077471655365
7.253753839002268
7.253753839002268
7.2543999308390035
7.185386158730161
7.093152431972793
7.070578569161
7.070578569161
7.071224660997732
7.071870752834471
7.071870752834471
7.072516844671203
7.073162936507938
7.073162936507938
6.98092920975057
6.958355346938777
6.889341574829935
6.889987666666666
6.889987666666666
6.890633758503402
6.8912798503401405
6.8912798503401405
6.775826168934241
6.776472260770976
6.776472260770976
6.777118352607712
6.777764444444447
6.778410536281179
6.779056628117914
6.779056628117914
6.779702719954653
6.75712885714286
6.75712885714286
6.641675175736964
6.619101312925171
6.619101312925171
6.619747404761906
6.620393496598641
6.621685680272108
6.621685680272108
6.621685680272108
6.621685680272108
6.622977863945579
6.622977863945579
6.622977863945579
6.622977863945579
6.345630591836738
6.345630591836738
6.345630591836738
6.345630591836738
5.928963591836737
5.9070358208616796
5.9070358208616796
5.9070358208616796
5.9070358208616796
5.9083280045351465
5.9083280045351465
5.9083280045351465
5.9083280045351465
5.909620188208621
5.909620188208621
5.909620188208621
5.909620188208621
5.9109123718820875
5.6800050090702925
5.6800050090702925
5.6800050090702925
5.6800050090702925
5.658077238095242
5.658077238095242
5.658077238095242
5.658077238095242
5.659369421768709
5.659369421768709
5.659369421768709
5.659369421768709
5.660661605442176
5.661953789115643
5.661953789115643
5.661953789115643
5.661953789115643
5.66324597278912
5.66324597278912
5.66324597278912
5.66324597278912
5.571658337868481
5.571658337868481
5.571658337868481
5.571658337868481
5.549730566893423
5.552314934240364
5.552314934240364
