OnSet desviation
0
0.35501100453514745
0.4313825532879816
0.6006339206349205
0.6537855147392291
0.7765969727891164
0.9226283854875286
0.859680206349207
1.261131120181406
1.2678428049886623
1.3442143537414957
1.6063455396825397
1.7291569977324244
1.7823085918367347
1.9051200498866212
2.004711553287981
1.9649833287981853
2.1889287403628117
2.2967743786848054
2.2885202437641716
2.280266108843536
2.295231928571429
2.2869777936507933
2.255503704081633
2.2704695238095223
2.178235797052153
1.969902297052153
1.969902297052153
1.784788751700681
1.7622148888888862
1.7622148888888862
1.762860980725625
1.7635070725623585
1.7635070725623585
1.7641531643990938
1.7415793015873025
1.7422253934240395
1.626771712018142
1.626771712018142
1.6274178038548754
1.6280638956916125
1.6280638956916125
1.628709987528346
1.6293560793650812
1.6293560793650812
1.5835622619047633
1.4913285351473924
1.3758748537414967
1.1675413537414983
1.1675413537414983
1.1217475362811804
1.1223936281179157
1.1223936281179157
1.123039719954651
1.1236858117913862
1.1236858117913862
1.1243319036281179
1.124977995464853
1.1256240873015884
1.0333903605442174
1.0333903605442174
0.9411566337868464
0.9185827709750605
0.9185827709750605
0.9192288628117922
0.9198749546485274
0.9198749546485274
0.9205210464852627
0.8747272290249448
0.7592735476190491
0.7599196394557808
0.7599196394557808
0.7605657312925196
0.7612118231292548
0.7612118231292548
0.7618579149659865
0.7625040068027218
0.7625040068027218
0.7167101893424039
0.6244764625850365
0.48580282653061246
0.30068928117913885
0.30068928117913885
0.11557573582766878
-0.046317854875283615
-0.046317854875283615
-0.04567176303854481
-0.04502567120181311
-0.04502567120181311
-0.04437957936507786
-0.04373348752834261
-0.042441303854875656
-0.042441303854875656
-0.042441303854875656
-0.042441303854875656
-0.06436907482993348
-0.06436907482993348
-0.06436907482993348
-0.06436907482993348
-0.06307689115645942
-0.06307689115645942
-0.06307689115645942
-0.06307689115645942
-0.22432439002267301
-0.5713315260770955
-0.5713315260770955
-0.5713315260770955
-0.5713315260770955
-0.570039342403625
-0.570039342403625
-0.570039342403625
-0.570039342403625
-0.568747158730158
-0.568747158730158
-0.568747158730158
-0.568747158730158
-0.5674549750566875
-0.798362337868479
-0.798362337868479
-0.798362337868479
-0.798362337868479
-0.8899499727891147
-0.8899499727891147
-0.8899499727891147
-0.8899499727891147
-0.8886577891156477
-0.8886577891156477
-0.8886577891156477
-0.8886577891156477
-0.9570254693877551
-1.1879328321995466
-1.1879328321995466
-1.1879328321995466
-1.1879328321995466
-1.186640648526076
-1.186640648526076
-1.186640648526076
-1.186640648526076
-1.3478881473922897
-1.3478881473922897
-1.3478881473922897
-1.3478881473922897
-1.369815918367344
-1.5297712335600906
-1.5297712335600906
