OnSet desviation
0
-0.41795918367346907
4.440892098500626e-16
0.34829931972789074
0.48761904761904695
1.1842176870748293
1.1145578231292514
2.2058956916099763
1.8111564625850347
2.3684353741496587
2.461315192743765
2.832834467120181
2.995374149659865
3.4365532879818588
3.599092970521543
4.156371882086171
4.202811791383221
4.435011337868483
4.57433106575964
4.5743310657596385
4.5743310657596385
4.690430839002268
4.690430839002268
4.760090702947846
4.760090702947849
4.852970521541952
5.108390022675739
5.108390022675739
5.294149659863944
5.317369614512476
5.317369614512476
5.317369614512472
5.317369614512472
5.317369614512472
5.317369614512476
5.317369614512476
5.247709750566894
5.2941496598639475
5.2941496598639475
5.2941496598639475
5.2941496598639475
5.2941496598639475
5.22448979591837
5.22448979591837
5.22448979591837
5.270929705215419
5.363809523809525
5.456689342403632
5.456689342403632
5.456689342403632
5.410249433106575
5.4102494331065785
5.4102494331065785
5.4102494331065785
5.410249433106575
5.410249433106575
5.4102494331065785
5.340589569161001
5.247709750566898
5.317369614512476
5.317369614512476
5.4102494331065785
5.433469387755103
5.433469387755103
5.433469387755103
5.433469387755103
5.433469387755103
5.340589569161001
5.363809523809525
5.4102494331065785
5.4102494331065785
5.4102494331065785
5.410249433106575
5.4102494331065785
5.4102494331065785
5.2941496598639475
5.2941496598639475
5.2941496598639475
5.340589569161001
5.433469387755103
5.572789115646259
5.758548752834468
5.758548752834468
5.944308390022677
6.083628117913836
6.083628117913836
5.9675283446712015
5.944308390022677
5.944308390022677
5.944308390022677
5.944308390022677
5.944308390022677
5.944308390022677
5.944308390022677
5.944308390022677
5.967528344671205
5.967528344671205
5.967528344671205
5.967528344671205
5.68888888888889
5.68888888888889
5.68888888888889
5.68888888888889
5.433469387755103
5.758548752834468
5.758548752834468
5.758548752834468
5.758548752834468
5.758548752834464
5.758548752834464
5.758548752834464
5.758548752834464
5.758548752834471
5.758548752834471
5.758548752834471
5.758548752834471
5.758548752834468
5.758548752834464
5.758548752834464
5.758548752834464
5.758548752834464
5.828208616780049
5.828208616780049
5.828208616780049
5.828208616780049
5.828208616780049
5.828208616780049
5.828208616780049
5.828208616780049
5.897868480725624
6.130068027210882
6.130068027210882
6.130068027210882
6.130068027210882
6.130068027210889
6.130068027210889
6.130068027210889
6.130068027210889
6.1997278911564635
6.1997278911564635
6.1997278911564635
6.1997278911564635
6.19972789115646
6.362267573696148
6.362267573696148
