OnSet desviation
0
-0.8126984126984127
-0.8591383219954649
-0.7198185941043085
-0.6965986394557819
-0.5340589569161001
-0.6733786848072567
-0.4643990929705222
-0.48761904761904784
-0.6037188208616779
-0.37151927437641685
-0.32507936507936463
-0.2321995464852602
-0.13931972789115576
-0.20897959183673365
-0.18575963718820887
-0.1857596371882071
-0.5804988662131514
-0.6501587301587293
-0.7430385487528337
-0.7198185941043089
-0.5804988662131496
-0.5804988662131514
-0.5804988662131514
-0.5804988662131514
-0.6037188208616779
-0.5804988662131514
-0.5804988662131514
-0.5804988662131514
-0.5340589569160983
-0.5340589569160983
-0.5340589569161001
-0.5340589569161001
-0.5340589569161001
-0.5340589569160983
-0.5340589569161001
-0.5340589569161001
-0.5340589569161001
-0.5340589569161001
-0.5340589569160983
-0.5340589569160983
-0.5340589569160983
-0.5340589569160983
-0.5340589569160983
-0.5340589569160983
-0.6269387755102045
-0.673378684807254
-0.6965986394557824
-0.7430385487528355
-0.7430385487528355
-0.8126984126984098
-0.8126984126984098
-0.8126984126984098
-0.8126984126984134
-0.8126984126984134
-0.8126984126984134
-0.8126984126984098
-0.8126984126984134
-0.6965986394557824
-0.6965986394557824
-0.6965986394557824
-0.673378684807254
-0.5572789115646266
-0.5572789115646266
-0.5572789115646266
-0.5572789115646231
-0.5572789115646231
-0.5572789115646266
-0.5572789115646266
-0.6037188208616762
-0.673378684807254
-0.673378684807254
-0.6269387755102045
-0.6269387755102045
-0.6269387755102045
-0.6269387755102009
-0.6269387755102045
-0.6269387755102045
-0.6269387755102045
-0.6269387755102045
-0.6965986394557788
-0.7198185941043072
-0.7198185941043072
-0.6501587301587293
-0.6501587301587293
-0.6501587301587293
-0.6501587301587293
-0.6501587301587293
-0.6501587301587293
-0.6269387755102045
-0.5108390022675735
-0.5108390022675735
-0.5108390022675735
-0.5108390022675735
-0.5108390022675735
-0.5108390022675735
-0.5108390022675735
-0.5108390022675735
-0.5108390022675735
-0.5108390022675735
-0.5108390022675735
-0.5108390022675735
-0.5108390022675735
-0.5108390022675735
-0.5108390022675735
-0.5108390022675735
-0.5108390022675735
-0.5108390022675735
-0.4411791383219956
-0.4411791383219956
-0.4411791383219956
-0.4411791383219956
-0.37151927437641774
-0.37151927437641774
-0.37151927437641774
-0.37151927437641774
-0.5804988662131514
-0.5804988662131514
-0.5804988662131514
-0.5804988662131514
-0.5804988662131514
-0.48761904761904873
-0.48761904761904873
-0.48761904761904873
-0.48761904761904873
-0.4179591836734673
-0.4179591836734673
-0.4179591836734673
-0.4179591836734673
-0.6733786848072576
-0.673378684807254
-0.673378684807254
-0.673378684807254
-0.673378684807254
-0.6733786848072576
-0.6733786848072576
-0.6733786848072576
-0.6733786848072576
-0.673378684807254
-0.673378684807254
-0.673378684807254
-0.673378684807254
-0.9984580498866222
-1.811156462585032
-1.811156462585032
