OnSet desviation
0
-1.0448979591836736
-1.114557823129252
-1.3699773242630386
-1.2770975056689342
-1.555736961451248
-1.3931972789115639
-1.625396825396825
-1.6718367346938772
-1.7879365079365082
-1.5092970521541949
-1.7182766439909303
-1.6253968253968258
-1.6253968253968232
-1.7182766439909294
-1.7182766439909276
-1.9272562358276648
-1.5325170068027205
-1.509297052154194
-1.509297052154194
-1.6718367346938763
-1.90403628117914
-1.9040362811791365
-1.9040362811791383
-1.9040362811791383
-1.9736961451247161
-2.043356009070294
-2.043356009070294
-2.2523356009070277
-2.4148752834467135
-2.4148752834467135
-2.4148752834467118
-2.4148752834467118
-2.4148752834467118
-2.4148752834467118
-2.4148752834467118
-2.4148752834467118
-2.4148752834467118
-2.4148752834467118
-2.4148752834467118
-2.4148752834467118
-2.4148752834467118
-2.4148752834467153
-2.4148752834467118
-2.4148752834467118
-2.4148752834467118
-2.368435374149662
-2.391655328798187
-2.5309750566893428
-2.5309750566893428
-2.5309750566893428
-2.5309750566893463
-2.5309750566893463
-2.5309750566893428
-2.5309750566893428
-2.5309750566893428
-2.5309750566893463
-2.5309750566893428
-2.6702947845804985
-2.7863945578231295
-2.7863945578231295
-2.925714285714289
-3.0418140589569163
-3.0418140589569163
-3.0418140589569163
-3.04181405895692
-3.04181405895692
-3.0418140589569163
-3.0418140589569163
-3.0418140589569163
-3.1346938775510225
-3.1346938775510225
-3.181133786848072
-3.181133786848072
-3.181133786848072
-3.1811337868480756
-3.181133786848072
-3.181133786848072
-3.181133786848072
-3.1811337868480756
-3.1579138321995472
-3.1579138321995472
-3.1579138321995472
-3.2507936507936535
-3.2507936507936535
-3.2507936507936535
-3.2507936507936535
-3.25079365079365
-3.25079365079365
-3.181133786848072
-3.297233560090703
-3.297233560090703
-3.297233560090703
-3.297233560090703
-3.297233560090703
-3.2972335600907066
-3.2972335600907066
-3.2972335600907066
-3.2972335600907066
-3.25079365079365
-3.25079365079365
-3.25079365079365
-3.25079365079365
-3.134693877551019
-3.1346938775510225
-3.1346938775510225
-3.1346938775510225
-3.1346938775510225
-3.204353741496597
-3.204353741496597
-3.204353741496597
-3.204353741496597
-3.413333333333334
-3.413333333333334
-3.413333333333334
-3.413333333333334
-3.3204535147392313
-3.320453514739228
-3.320453514739228
-3.320453514739228
-3.320453514739228
-3.413333333333334
-3.413333333333334
-3.413333333333334
-3.413333333333334
-3.5062131519274367
-3.5062131519274367
-3.5062131519274367
-3.5062131519274367
-3.5062131519274367
-3.50621315192744
-3.50621315192744
-3.50621315192744
-3.50621315192744
-3.5062131519274367
-3.5062131519274367
-3.5062131519274367
-3.5062131519274367
-3.50621315192744
-3.50621315192744
-3.50621315192744
-3.50621315192744
-3.181133786848072
-1.7182766439909294
-1.7182766439909294
