OnSet desviation
0
-0.8591383219954649
-0.9752380952380955
-1.0913378684807258
-0.9752380952380948
-1.0913378684807267
-1.0681179138321992
-1.0913378684807258
-1.1609977324263037
-1.3931972789115648
-0.8823582766439904
-1.0448979591836736
-0.8591383219954647
-0.7662585034013585
-0.9287981859410426
-0.905578231292516
-1.1145578231292497
-1.1145578231292514
-1.1609977324263028
-1.2538775510204072
-1.3931972789115648
-1.4860770975056674
-1.4860770975056674
-1.4860770975056692
-1.4860770975056674
-1.5789569160997736
-1.625396825396825
-1.625396825396825
-1.8343764172335586
-1.9504761904761896
-1.9504761904761896
-1.9504761904761914
-1.9504761904761896
-1.9504761904761896
-1.9504761904761878
-1.9504761904761896
-1.9504761904761914
-1.9504761904761914
-1.9504761904761914
-1.9504761904761878
-1.9504761904761878
-1.9504761904761878
-1.9504761904761914
-1.9504761904761878
-1.9504761904761878
-2.043356009070294
-2.043356009070294
-2.089795918367347
-2.275555555555556
-2.275555555555556
-2.3452154195011303
-2.345215419501134
-2.345215419501134
-2.345215419501134
-2.345215419501134
-2.345215419501134
-2.345215419501134
-2.345215419501134
-2.3684353741496587
-2.4845351473922896
-2.4845351473922896
-2.6006349206349206
-2.6006349206349206
-2.6006349206349206
-2.6006349206349206
-2.6006349206349206
-2.6006349206349206
-2.6006349206349206
-2.6006349206349206
-2.64707482993197
-2.8096145124716543
-2.8096145124716543
-2.8096145124716543
-2.8096145124716543
-2.8096145124716543
-2.8096145124716543
-2.8096145124716543
-2.8096145124716543
-2.8096145124716543
-2.809614512471658
-2.856054421768704
-2.879274376417232
-2.879274376417232
-2.9024943310657605
-2.9024943310657605
-2.9024943310657605
-2.9024943310657605
-2.902494331065757
-2.902494331065757
-2.8096145124716543
-2.8096145124716543
-2.8096145124716543
-2.8096145124716543
-2.8096145124716543
-2.8096145124716543
-2.809614512471658
-2.809614512471658
-2.809614512471658
-2.809614512471658
-2.763174603174601
-2.763174603174601
-2.763174603174601
-2.763174603174601
-2.64707482993197
-2.6470748299319737
-2.6470748299319737
-2.6470748299319737
-2.6470748299319737
-2.64707482993197
-2.64707482993197
-2.64707482993197
-2.64707482993197
-2.7863945578231295
-2.7863945578231295
-2.7863945578231295
-2.7863945578231295
-2.9024943310657605
-2.902494331065757
-2.902494331065757
-2.902494331065757
-2.902494331065757
-2.9024943310657605
-2.9024943310657605
-2.9024943310657605
-2.9024943310657605
-2.9257142857142817
-2.9257142857142817
-2.9257142857142817
-2.9257142857142817
-3.181133786848072
-3.181133786848072
-3.181133786848072
-3.181133786848072
-3.181133786848072
-3.181133786848072
-3.181133786848072
-3.181133786848072
-3.181133786848072
-3.181133786848072
-3.181133786848072
-3.181133786848072
-3.181133786848072
-3.181133786848072
-2.530975056689339
-2.530975056689339
