OnSet desviation
0
0.3085710952380952
0.12952314285714284
0.4845341473922904
0.3751460589569162
0.7301570634920642
0.4582292925170064
0.8364602517006805
0.8199519818594103
0.9427634399092968
0.7404955328798186
0.9794067641723352
0.7539189024943305
0.807070496598639
0.8834420453514742
0.9598135941043076
1.0594050975056675
1.1904706904761895
1.2054365102040805
1.197182375283445
1.142488331065758
1.1574541507936509
1.1492000158730153
1.1409458809523816
1.1559117006802708
1.1101178832199547
0.9714442471655325
0.9714442471655325
0.9720903390022659
0.9727364308390012
0.9727364308390012
0.9733825226757364
0.9740286145124699
0.9740286145124699
0.9746747063492052
0.9521008435374139
0.9527469353741509
0.9533930272108844
0.9533930272108844
0.9540391190476178
0.9546852108843513
0.9546852108843513
0.9553313027210883
0.9559773945578236
0.9559773945578236
0.9566234863945553
0.9108296689342374
0.8418158968253948
0.8192420340136053
0.8192420340136053
0.819888125850337
0.8205342176870758
0.8205342176870758
0.821180309523811
0.8218264013605427
0.8218264013605427
0.822472493197278
0.8231185850340133
0.8237646768707485
0.8244107687074802
0.8244107687074802
0.8250568605442155
0.8257029523809543
0.8257029523809543
0.826349044217686
0.8269951360544212
0.8269951360544212
0.8276412278911565
0.8282873197278917
0.8289334115646234
0.8295795034013587
0.8295795034013587
0.8302255952380939
0.8308716870748292
0.8308716870748292
0.8315177789115644
0.8321638707482997
0.8321638707482997
0.8328099625850314
0.8334560544217702
0.7412223276643957
0.6025486916099752
0.6025486916099752
0.603194783446714
0.5806209206349209
0.5806209206349209
0.5812670124716561
0.5819131043083878
0.5819131043083878
0.4896793775510204
0.4903254693877521
0.4916176530612226
0.4916176530612226
0.4916176530612226
0.4916176530612226
0.49290983673469313
0.49290983673469313
0.49290983673469313
0.49290983673469313
0.44776211111111053
0.44776211111111053
0.44776211111111053
0.44776211111111053
0.33295452154195004
0.33424670521542055
0.33424670521542055
0.33424670521542055
0.33424670521542055
0.3355388888888875
0.3355388888888875
0.3355388888888875
0.3355388888888875
0.15107143537414913
0.15107143537414913
0.15107143537414913
0.15107143537414913
-0.033396018140589234
-0.03210383446712228
-0.03210383446712228
-0.03210383446712228
-0.03210383446712228
-0.03081165079365178
-0.03081165079365178
-0.03081165079365178
-0.03081165079365178
-0.029519467120184828
-0.029519467120184828
-0.029519467120184828
-0.029519467120184828
-0.028227283446714324
-0.02693509977324382
-0.02693509977324382
-0.02693509977324382
-0.02693509977324382
-0.025642916099773316
-0.025642916099773316
-0.025642916099773316
-0.025642916099773316
-0.024350732426302812
-0.024350732426302812
-0.024350732426302812
-0.024350732426302812
-0.04627850340136064
-0.04369413605442318
-0.04369413605442318
