OnSet desviation
0
-0.580498866213152
-0.3947392290249434
-0.2554195011337872
-0.11609977324263054
0.06965986394557788
0.1625396825396832
0.3482993197278921
0.5572789115646257
0.7662585034013611
0.7894784580498868
1.0681179138322001
1.2074376417233559
1.5092970521541957
1.4628571428571426
1.6950566893424046
1.6950566893424046
1.9504761904761896
1.9272562358276648
1.9040362811791383
1.6950566893424046
1.6021768707483002
1.6021768707482984
1.6021768707482984
1.6021768707483002
1.671836734693878
1.8343764172335586
1.8343764172335586
1.8343764172335622
1.8343764172335604
1.8343764172335604
1.8343764172335604
1.8343764172335622
1.8343764172335622
1.7414965986394542
1.7182766439909312
1.6950566893424046
1.6950566893424046
1.6950566893424046
1.695056689342401
1.6950566893424046
1.6950566893424046
1.7182766439909294
1.7414965986394577
1.7414965986394577
1.7182766439909294
1.6950566893424046
1.6486167800453515
1.7647165532879825
1.7647165532879825
1.7647165532879825
1.7647165532879825
1.7647165532879825
1.6486167800453515
1.5325170068027205
1.5325170068027205
1.4628571428571426
1.4628571428571426
1.4628571428571462
1.4396371882086179
1.4396371882086179
1.486077097505671
1.486077097505671
1.486077097505671
1.4860770975056674
1.3467573696145116
1.3467573696145116
1.253877551020409
1.253877551020409
1.3467573696145152
1.4628571428571426
1.4628571428571426
1.4628571428571426
1.3467573696145116
1.3467573696145116
1.253877551020409
1.253877551020409
1.253877551020409
1.253877551020409
1.253877551020409
1.3467573696145116
1.486077097505671
1.486077097505671
1.5325170068027205
1.5325170068027205
1.5325170068027205
1.5092970521541957
1.5325170068027205
1.5325170068027205
1.602176870748302
1.486077097505671
1.4628571428571426
1.4628571428571426
1.4628571428571426
1.4628571428571426
1.4628571428571426
1.4628571428571426
1.4628571428571426
1.4628571428571426
1.4628571428571426
1.4628571428571426
1.4628571428571426
1.4628571428571426
1.3467573696145116
1.184217687074831
1.184217687074831
1.184217687074831
1.184217687074831
1.184217687074831
1.184217687074831
1.184217687074831
1.184217687074831
0.9520181405895691
0.9520181405895691
0.9520181405895691
0.9520181405895691
1.091337868480725
1.1842176870748276
1.1842176870748276
1.1842176870748276
1.1842176870748276
0.9984580498866222
0.9984580498866222
0.9984580498866222
0.9984580498866222
0.8359183673469381
0.8359183673469381
0.8359183673469381
0.8359183673469381
0.8126984126984134
0.8823582766439912
0.8823582766439912
0.8823582766439912
0.8823582766439912
0.905578231292516
0.905578231292516
0.905578231292516
0.905578231292516
0.9520181405895691
0.9520181405895691
0.9520181405895691
0.9520181405895691
0.9752380952380939
-1.1842176870748276
-1.1842176870748276
