OnSet desviation
0
0.47111077777777755
0.5707022811791382
0.7167336938775506
0.7698852879818592
1.1248962925170067
1.1780478866213153
1.347299253968255
1.6558703492063493
1.825121716553288
1.8318334013605444
2.1404044965986397
2.147116181405895
2.4556872766439923
2.4856189160997744
2.770970056689343
2.7776817414965986
3.02484710770975
3.086252836734694
3.054778747165532
2.8375450204081627
2.5042115204081643
2.4959573854875288
2.4877032505668932
2.502669070294786
2.5033151621315195
2.503961253968253
2.503961253968253
2.50460734580499
2.5052534376417235
2.5052534376417235
2.505899529478457
2.506545621315194
2.506545621315194
2.414311894557823
2.368518077097507
2.3459442142857156
2.346590306122449
2.346590306122449
2.3472363979591826
2.3478824897959196
2.3478824897959196
2.348528581632653
2.302734764172339
2.302734764172339
2.2105010374149643
2.1414872653061217
2.026033583900226
1.9570198117913833
1.9570198117913833
1.9576659036281185
1.9583119954648538
1.9583119954648538
1.842858314058958
1.7274046326530623
1.7274046326530623
1.6583908605442161
1.6590369523809514
1.6596830442176902
1.590669272108844
1.590669272108844
1.568095409297051
1.5687415011337897
1.5687415011337897
1.5693875929705214
1.4307139569160974
1.4307139569160974
1.33848023015873
1.3391263219954688
1.3397724138322005
1.3404185056689322
1.3404185056689322
1.3410645975056674
1.2256109160997752
1.2256109160997752
1.1333771893424043
1.1340232811791395
1.1340232811791395
1.1346693730158712
1.13531546485261
1.1359615566893417
1.1133876938775522
1.1133876938775522
1.1140337857142875
1.0914599229024944
1.0914599229024944
1.0688860600907049
1.0695321519274366
1.0695321519274366
1.0701782437641754
0.9547245623582761
0.9327967913832182
0.9327967913832182
0.9327967913832182
0.9327967913832182
0.9340889750566888
0.9340889750566888
0.9340889750566888
0.9340889750566888
0.9353811587301593
0.9353811587301593
0.9353811587301593
0.9353811587301593
0.8205735691609988
0.5200063424036294
0.5200063424036294
0.5200063424036294
0.5200063424036294
0.5212985260770999
0.5212985260770999
0.5212985260770999
0.5212985260770999
0.15107143537414913
0.15107143537414913
0.15107143537414913
0.15107143537414913
0.15236361904761964
0.1536558027210866
0.1536558027210866
0.1536558027210866
0.1536558027210866
-0.054031605442176556
-0.054031605442176556
-0.054031605442176556
-0.054031605442176556
-0.21527910430839015
-0.21527910430839015
-0.21527910430839015
-0.21527910430839015
-0.23720687528344797
-0.23591469160997747
-0.23591469160997747
-0.23591469160997747
-0.23591469160997747
-0.23462250793650696
-0.23462250793650696
-0.23462250793650696
-0.23462250793650696
-0.23333032426303646
-0.23333032426303646
-0.23333032426303646
-0.23333032426303646
-0.2320381405895695
-0.2294537732426285
-0.2294537732426285
