OnSet desviation
0
-0.7430385487528345
-0.6037188208616784
-0.5572789115646262
-0.48761904761904784
-0.32507936507936463
-0.32507936507936463
-0.32507936507936463
-0.13931972789115665
0.0
-0.023219954648524777
0.11609977324263099
0.25541950113378675
0.3947392290249443
0.37151927437641596
0.41795918367347085
0.41795918367347085
0.5108390022675735
0.4643990929705222
0.37151927437641774
0.09287981859410444
0.023219954648526553
0.023219954648524777
0.023219954648526553
0.0
0.0
0.09287981859410444
0.09287981859410444
0.09287981859410444
0.09287981859410444
0.09287981859410444
0.09287981859410621
0.06965986394557966
0.06965986394557966
0.0
-0.023219954648526553
-0.11609977324263099
-0.13931972789115576
-0.13931972789115576
-0.13931972789115576
-0.13931972789115576
-0.13931972789115576
-0.11609977324263099
-0.046439909297053106
-0.046439909297053106
0.0
0.0
-0.06965986394557788
-0.09287981859410266
-0.09287981859410266
-0.18575963718820887
-0.18575963718820887
-0.18575963718820887
-0.18575963718820887
-0.18575963718820887
-0.18575963718820887
-0.18575963718820887
-0.18575963718820887
-0.18575963718820532
-0.23219954648526198
-0.23219954648526198
-0.27863945578231153
-0.27863945578231153
-0.27863945578231153
-0.2786394557823151
-0.27863945578231153
-0.27863945578231153
-0.27863945578231153
-0.30185941043083986
-0.2554195011337832
-0.23219954648526198
-0.23219954648526198
-0.27863945578231153
-0.2786394557823151
-0.2786394557823151
-0.27863945578231153
-0.27863945578231153
-0.27863945578231153
-0.27863945578231153
-0.2786394557823151
-0.23219954648526198
-0.13931972789115576
-0.13931972789115576
-0.09287981859410621
-0.09287981859410621
-0.09287981859410621
-0.09287981859410266
-0.06965986394557788
-0.06965986394557788
0.0
3.552713678800501e-15
-0.18575963718820887
-0.18575963718820887
-0.18575963718820887
-0.18575963718820887
-0.23219954648526198
-0.23219954648526198
-0.23219954648526198
-0.23219954648526198
-0.23219954648525842
-0.23219954648525842
-0.23219954648525842
-0.23219954648525842
-0.23219954648526198
-0.13931972789115576
-0.13931972789115576
-0.13931972789115576
-0.13931972789115576
-0.13931972789115576
-0.13931972789115576
-0.13931972789115576
-0.13931972789115576
-0.20897959183673365
-0.20897959183673365
-0.20897959183673365
-0.20897959183673365
-0.18575963718820887
-0.09287981859410621
-0.09287981859410621
-0.09287981859410621
-0.09287981859410621
-0.1625396825396841
-0.1625396825396841
-0.1625396825396841
-0.1625396825396841
-0.46439909297052395
-0.46439909297052395
-0.46439909297052395
-0.46439909297052395
-0.4643990929705204
-0.39473922902494607
-0.39473922902494607
-0.39473922902494607
-0.39473922902494607
-0.37151927437641774
-0.37151927437641774
-0.37151927437641774
-0.37151927437641774
-0.32507936507936463
-0.32507936507936463
-0.32507936507936463
-0.32507936507936463
-0.20897959183673365
-0.9984580498866222
-0.9984580498866222
