OnSet desviation
0
-0.6037188208616782
-0.5572789115646257
-0.46439909297052173
-0.3947392290249434
-0.37151927437641774
-0.2786394557823124
-0.09287981859410355
-0.06965986394557788
8.881784197001252e-16
0.04643990929705133
0.18575963718820887
0.18575963718820887
0.3482993197278912
0.3250793650793664
0.5108390022675735
0.5108390022675735
0.6733786848072558
0.6965986394557824
0.7662585034013603
0.8359183673469399
0.8126984126984134
0.8126984126984134
0.8126984126984116
0.8359183673469399
0.9055782312925178
0.9752380952380939
0.9752380952380939
0.9752380952380975
0.9752380952380957
0.9752380952380957
0.9752380952380939
0.9984580498866222
0.9984580498866222
0.9752380952380939
0.9752380952380975
1.0448979591836753
1.0681179138322001
1.0681179138322001
1.0681179138321966
1.0681179138322001
1.0681179138322001
1.0681179138322001
1.0216780045351506
1.0216780045351506
0.9520181405895691
0.9287981859410444
0.9520181405895691
1.091337868480725
1.091337868480725
1.184217687074831
1.184217687074831
1.184217687074831
1.0681179138322001
0.9520181405895691
0.9520181405895691
0.8823582766439912
0.8823582766439912
0.8823582766439912
0.9055782312925196
0.9055782312925196
0.9984580498866222
0.9984580498866222
0.9984580498866222
0.9984580498866222
0.8591383219954629
0.8591383219954629
0.7662585034013603
0.7894784580498886
0.8359183673469381
0.9287981859410444
0.9287981859410444
0.9752380952380939
0.8591383219954665
0.8591383219954665
0.7662585034013603
0.7662585034013603
0.7662585034013603
0.7662585034013603
0.7662585034013638
0.8126984126984134
0.8591383219954665
0.8591383219954665
0.8591383219954665
0.8591383219954665
0.8591383219954665
0.8359183673469381
0.8359183673469381
0.8359183673469381
0.8359183673469417
0.7198185941043072
0.8823582766439912
0.8823582766439912
0.8823582766439912
0.8823582766439912
0.9287981859410444
0.9287981859410444
0.9287981859410444
0.9287981859410444
0.9287981859410408
0.9287981859410408
0.9287981859410408
0.9287981859410408
0.8126984126984134
0.5572789115646266
0.5572789115646266
0.5572789115646266
0.5572789115646266
0.5572789115646266
0.5572789115646266
0.5572789115646266
0.5572789115646266
0.3947392290249425
0.3947392290249425
0.3947392290249425
0.3947392290249425
0.5108390022675735
0.5108390022675735
0.5108390022675735
0.5108390022675735
0.5108390022675735
0.39473922902494607
0.39473922902494607
0.39473922902494607
0.39473922902494607
0.5340589569161018
0.5340589569161018
0.5340589569161018
0.5340589569161018
0.5108390022675735
0.5108390022675771
0.5108390022675771
0.5108390022675771
0.5108390022675771
0.5108390022675735
0.5108390022675735
0.5108390022675735
0.5108390022675735
0.5108390022675735
0.5108390022675735
0.5108390022675735
0.5108390022675735
0.4179591836734673
-0.9520181405895656
-0.9520181405895656
