OnSet desviation
0
-0.6733786848072565
-0.6965986394557824
-0.3018594104308394
-0.2786394557823133
-0.37151927437641685
-0.18575963718820887
-0.25541950113378675
0.11609977324263099
0.30185941043083986
0.3018594104308381
0.5108390022675753
0.6037188208616779
0.8359183673469381
0.9752380952380957
1.137777777777778
1.3699773242630382
1.555736961451247
1.4164172335600913
1.416417233560093
1.3235374149659869
1.0448979591836753
0.9984580498866205
1.0448979591836718
1.0448979591836736
1.137777777777778
1.1145578231292497
1.1145578231292497
1.1145578231292532
1.1145578231292532
1.1145578231292532
1.1145578231292497
1.1145578231292532
1.1145578231292532
1.1145578231292532
1.1145578231292532
1.1609977324263028
1.1842176870748276
1.1842176870748276
1.184217687074831
1.1609977324263063
1.1609977324263063
1.091337868480725
1.0448979591836753
1.0448979591836753
1.0448979591836753
1.0448979591836718
1.184217687074831
1.253877551020409
1.253877551020409
1.300317460317462
1.3003174603174585
1.3003174603174585
1.300317460317462
1.300317460317462
1.300317460317462
1.3003174603174585
1.3003174603174585
1.300317460317462
1.300317460317462
1.300317460317462
1.3003174603174585
1.300317460317462
1.300317460317462
1.300317460317462
1.3235374149659869
1.3235374149659869
1.3235374149659869
1.3235374149659869
1.3235374149659869
1.3235374149659869
1.3235374149659869
1.3235374149659869
1.3235374149659869
1.3235374149659869
1.3235374149659869
1.3235374149659869
1.3235374149659869
1.416417233560093
1.5092970521541957
1.6718367346938763
1.8111564625850356
1.8111564625850356
1.8575963718820887
1.8575963718820887
1.8575963718820887
1.8575963718820852
1.9040362811791383
1.9040362811791383
2.0433560090702976
2.3219954648526056
2.4148752834467118
2.4148752834467118
2.4148752834467118
2.4148752834467118
2.4148752834467118
2.4148752834467118
2.4148752834467118
2.4148752834467118
2.4148752834467118
2.4148752834467118
2.4148752834467118
2.4148752834467118
2.4148752834467118
2.4148752834467153
2.4148752834467153
2.4148752834467153
2.4148752834467153
2.4148752834467118
2.4148752834467118
2.4148752834467118
2.4148752834467118
2.461315192743765
2.461315192743765
2.461315192743765
2.461315192743765
2.4845351473922896
2.4845351473922896
2.4845351473922896
2.4845351473922896
2.4845351473922896
2.577414965986396
2.577414965986396
2.577414965986396
2.577414965986396
2.5774149659863994
2.5774149659863994
2.5774149659863994
2.5774149659863994
2.577414965986396
2.5774149659863923
2.5774149659863923
2.5774149659863923
2.5774149659863923
2.5774149659863923
2.5774149659863923
2.5774149659863923
2.5774149659863923
2.577414965986396
2.577414965986396
2.577414965986396
2.577414965986396
2.7399546485260764
1.9736961451247197
1.9736961451247197
