OnSet desviation
0
-0.6501587301587304
-0.6965986394557824
-0.510839002267574
-0.44117913832199607
-0.5572789115646248
-0.37151927437641685
-0.6269387755102036
-0.30185941043083897
-0.32507936507936463
-0.09287981859410444
0.11609977324263099
0.20897959183673542
0.13931972789115754
0.4643990929705222
0.3947392290249425
0.5804988662131514
0.6733786848072576
0.6269387755102045
0.6269387755102063
0.6501587301587293
0.6501587301587328
0.7662585034013603
0.8359183673469381
0.8823582766439912
0.8823582766439912
0.8126984126984098
0.8126984126984098
0.8126984126984134
0.8126984126984134
0.8126984126984134
0.8126984126984134
0.8126984126984134
0.8126984126984134
0.8126984126984134
0.8126984126984134
0.8126984126984134
0.8126984126984098
0.8126984126984098
0.8126984126984134
0.7894784580498886
0.7894784580498886
0.6965986394557824
0.6733786848072576
0.6733786848072576
0.6733786848072576
0.673378684807254
0.6733786848072576
0.6501587301587328
0.6501587301587328
0.6501587301587293
0.6501587301587293
0.6501587301587293
0.6501587301587328
0.6501587301587328
0.6501587301587328
0.6501587301587293
0.6501587301587293
0.6501587301587328
0.6501587301587293
0.6501587301587293
0.6501587301587293
0.6501587301587328
0.6501587301587328
0.6501587301587293
0.6733786848072576
0.6733786848072576
0.6733786848072576
0.6733786848072576
0.673378684807254
0.6733786848072576
0.6733786848072576
0.6733786848072576
0.673378684807254
0.673378684807254
0.6733786848072576
0.6733786848072576
0.6733786848072576
0.7430385487528355
0.7430385487528355
0.7430385487528355
0.7430385487528355
0.7430385487528355
0.7430385487528355
0.7430385487528355
0.7430385487528355
0.7430385487528355
0.7430385487528319
0.7430385487528319
0.7430385487528355
0.8823582766439912
0.9752380952380939
0.9752380952380939
0.9752380952380939
0.9752380952380939
0.9752380952380975
0.9752380952380975
0.9752380952380975
0.9752380952380975
0.9752380952380939
0.9752380952380939
0.9752380952380939
0.9752380952380939
0.9752380952380939
0.9752380952380975
0.9752380952380975
0.9752380952380975
0.9752380952380975
0.9752380952380939
0.9752380952380939
0.9752380952380939
0.9752380952380939
0.9752380952380975
0.9752380952380975
0.9752380952380975
0.9752380952380975
0.9752380952380939
0.9752380952380939
0.9752380952380939
0.9752380952380939
0.9752380952380939
0.9752380952380975
0.9752380952380975
0.9752380952380975
0.9752380952380975
0.9752380952380975
0.9752380952380975
0.9752380952380975
0.9752380952380975
0.9752380952380975
0.9752380952380939
0.9752380952380939
0.9752380952380939
0.9752380952380939
0.9752380952380939
0.9752380952380939
0.9752380952380939
0.9752380952380939
0.9752380952380975
0.9752380952380975
0.9752380952380975
0.9752380952380975
1.137777777777778
-0.23219954648525487
-0.23219954648525487
