OnSet desviation
0
-0.8823582766439909
-0.8591383219954647
-0.6501587301587302
-0.6965986394557819
-0.6733786848072567
-0.6733786848072567
-0.48761904761904784
-0.44117913832199473
-0.2321995464852602
-0.4643990929705222
-0.4643990929705204
-0.4643990929705222
-0.1625396825396841
-0.3482993197278912
-0.11609977324262921
-0.06965986394557788
0.023219954648524777
-0.06965986394557788
-0.06965986394557788
-0.1857596371882071
-0.4643990929705222
-0.6269387755102045
-0.650158730158731
-0.6965986394557824
-0.6037188208616779
-0.5572789115646248
-0.5572789115646248
-0.5572789115646248
-0.5572789115646248
-0.5572789115646248
-0.5572789115646284
-0.5572789115646266
-0.5572789115646266
-0.5572789115646266
-0.5572789115646266
-0.5108390022675771
-0.48761904761904873
-0.48761904761904873
-0.48761904761904873
-0.48761904761904873
-0.48761904761904873
-0.46439909297052395
-0.48761904761904873
-0.48761904761904873
-0.48761904761904873
-0.48761904761904873
-0.34829931972789296
-0.2554195011337903
-0.2554195011337903
-0.20897959183673365
-0.2089795918367372
-0.2089795918367372
-0.2089795918367372
-0.2089795918367372
-0.2089795918367372
-0.2089795918367372
-0.2089795918367372
-0.2089795918367372
-0.20897959183673365
-0.20897959183673365
-0.2089795918367372
-0.2089795918367372
-0.2089795918367372
-0.20897959183673365
-0.2089795918367372
-0.2089795918367372
-0.2089795918367372
-0.2089795918367372
-0.20897959183673365
-0.2089795918367372
-0.2089795918367372
-0.2089795918367372
-0.20897959183673365
-0.20897959183673365
-0.2089795918367372
-0.2089795918367372
-0.2089795918367372
-0.18575963718820887
-0.09287981859410621
0.06965986394557433
0.20897959183673365
0.20897959183673365
0.25541950113378675
0.25541950113378675
0.25541950113378675
0.2554195011337832
0.30185941043083986
0.30185941043083986
0.4411791383219956
0.5804988662131478
0.5804988662131514
0.5804988662131514
0.5804988662131514
0.5804988662131514
0.5804988662131478
0.5804988662131478
0.5804988662131478
0.5804988662131478
0.5804988662131514
0.5804988662131514
0.5804988662131514
0.5804988662131514
0.5804988662131514
0.5804988662131514
0.5804988662131514
0.5804988662131514
0.5804988662131514
0.5804988662131514
0.5804988662131514
0.5804988662131514
0.5804988662131514
0.6269387755102009
0.6269387755102009
0.6269387755102009
0.6269387755102009
0.6501587301587293
0.6501587301587293
0.6501587301587293
0.6501587301587293
0.6501587301587293
0.7430385487528319
0.7430385487528319
0.7430385487528319
0.7430385487528319
0.7430385487528355
0.7430385487528355
0.7430385487528355
0.7430385487528355
0.7430385487528319
0.7430385487528319
0.7430385487528319
0.7430385487528319
0.7430385487528319
0.7430385487528319
0.7430385487528319
0.7430385487528319
0.7430385487528319
0.7430385487528319
0.7430385487528319
0.7430385487528319
0.7430385487528319
0.7430385487528319
1.346757369614508
1.346757369614508
