OnSet desviation
0
0.30857109523809534
0.3152827800453515
0.6935137392290249
0.6073456054421773
0.7765969727891155
0.8529685215419498
1.0918797528344673
1.0985914376417236
1.4768223968253968
1.4835340816326532
1.5366856757369618
1.5433973605442173
1.8751884104308392
1.9051200498866212
2.0743714172335608
2.0114232380952384
2.235368649659863
2.296774378684807
2.2885202437641716
2.164166335600907
1.8540527902494333
1.706478927437642
1.6285649285714285
1.5970908390022682
1.5977369308390017
1.5983830226757387
1.5983830226757387
1.5990291145124722
1.5996752063492057
1.5996752063492057
1.6003212981859392
1.6009673900226744
1.6009673900226744
1.6016134818594097
1.5790396190476184
1.5796857108843518
1.5803318027210889
1.5803318027210889
1.5809778945578223
1.5816239863945558
1.5816239863945558
1.5590501235827645
1.536476260770975
1.536476260770975
1.5371223526077067
1.537768444444442
1.5384145362811772
1.4229608548752815
1.4229608548752815
1.4236069467120167
1.424253038548752
1.424253038548752
1.4248991303854872
1.425545222222219
1.425545222222219
1.4261913140589542
1.4268374058956894
1.4274834977324247
1.42812958956916
1.42812958956916
1.4287756814058916
1.4294217732426304
1.4294217732426304
1.4300678650793657
1.4307139569160974
1.4307139569160974
1.4313600487528326
1.4320061405895679
1.4326522324263031
1.4332983242630348
1.4332983242630348
1.43394441609977
1.4345905079365089
1.4345905079365089
1.4352365997732406
1.4358826916099758
1.4358826916099758
1.4597487380952359
1.4603948299319711
1.4610409217687028
1.4616870136054416
1.4616870136054416
1.4623331054421769
1.4397592426303838
1.4397592426303838
1.440405334467119
1.4410514263038543
1.4410514263038543
1.4416975181405896
1.5120034739228991
1.5132956575963696
1.5132956575963696
1.5132956575963696
1.5132956575963696
1.5145878412698366
1.5145878412698366
1.5145878412698366
1.5145878412698366
1.5158800249433106
1.5158800249433106
1.5158800249433106
1.5158800249433106
1.5171722086167811
1.518464392290248
1.518464392290248
1.518464392290248
1.518464392290248
1.5197565759637186
1.5197565759637186
1.5197565759637186
1.5197565759637186
1.5210487596371856
1.5210487596371856
1.5210487596371856
1.5210487596371856
1.522340943310656
1.5236331269841266
1.5236331269841266
1.5236331269841266
1.5236331269841266
1.5249253106575935
1.5249253106575935
1.5249253106575935
1.5249253106575935
1.526217494331064
1.526217494331064
1.526217494331064
1.526217494331064
1.527509678004531
1.5288018616780015
1.5288018616780015
1.5288018616780015
1.5288018616780015
1.530094045351472
1.530094045351472
1.530094045351472
1.530094045351472
1.5313862290249425
1.5313862290249425
1.5313862290249425
1.5313862290249425
1.5094584580498847
3.625058698412694
3.625058698412694
