OnSet desviation
0
1.1212695079365078
1.4995004671201813
1.5294321065759635
1.7219034285714288
2.0304745238095236
2.106846072562358
2.2760974399092975
2.445348807256236
2.7539199024943306
2.80707149659864
3.022762773242631
3.3777737777777777
3.4309253718820862
3.600176739229026
3.746208151927437
3.776139791383219
3.8607654750566898
3.99183106802721
3.9835769331065745
3.9753227981859407
4.083168436507938
4.074914301587302
4.159539985260773
4.24416566893424
4.244811760770974
4.245457852607711
4.245457852607711
4.246103944444444
4.246750036281178
4.246750036281178
4.3170559920634926
4.317702083900226
4.317702083900226
4.318348175736961
4.29577431292517
4.249980495464854
4.250626587301587
4.250626587301587
4.251272679138321
4.251918770975058
4.251918770975058
4.4151045453514755
4.462190546485264
4.462190546485264
4.509276547619049
4.50992263945578
4.510568731292516
4.34867514058957
4.34867514058957
4.349321232426302
4.349967324263037
4.349967324263037
4.350613416099776
4.3744794625850325
4.3744794625850325
4.444785418367346
4.445431510204081
4.399637692743767
4.307403965986396
4.307403965986396
4.308050057823127
4.308696149659866
4.308696149659866
4.309342241496598
4.379648197278911
4.379648197278911
4.380294289115646
4.3809403809523815
4.381586472789117
4.382232564625848
4.382232564625848
4.382878656462584
4.3835247482993225
4.3835247482993225
4.384170840136054
4.408036886621318
4.408036886621318
4.501562797052152
4.502208888888891
4.502854980725623
4.503501072562358
4.503501072562358
4.504147164399093
4.4815733015873
4.4815733015873
4.482219393424039
4.4828654852607706
4.4828654852607706
4.483511577097506
4.553817532879819
4.647989535147392
4.647989535147392
4.647989535147392
4.647989535147392
4.649281718820859
4.649281718820859
4.649281718820859
4.649281718820859
5.486492269841271
5.486492269841271
5.486492269841271
5.486492269841271
5.487784453514742
5.512296591836737
5.512296591836737
5.512296591836737
5.512296591836737
5.513588775510204
5.513588775510204
5.513588775510204
5.513588775510204
5.5148809591836745
5.5148809591836745
5.5148809591836745
5.5148809591836745
6.282431646258505
6.283723829931972
6.283723829931972
6.283723829931972
6.283723829931972
6.285016013605439
6.285016013605439
6.285016013605439
6.285016013605439
6.286308197278913
6.286308197278913
6.286308197278913
6.286308197278913
7.169958657596371
7.171250841269838
7.171250841269838
7.171250841269838
7.171250841269838
7.172543024943309
7.172543024943309
7.172543024943309
7.172543024943309
8.056193485260774
8.056193485260774
8.056193485260774
8.056193485260774
8.034265714285716
8.129729900226756
8.129729900226756
