OnSet desviation
0
-0.06965986394557833
-0.1393197278911562
-0.30185941043083897
-0.20897959183673454
-0.20897959183673454
-0.18575963718820887
-0.18575963718820887
-0.13931972789115665
-0.2321995464852602
-0.16253968253968232
-0.20897959183673542
-0.48761904761904873
-0.3482993197278912
-0.41795918367346907
-0.48761904761904695
-0.5108390022675735
-0.5108390022675753
-0.6269387755102045
-0.6269387755102027
-0.8591383219954647
-1.0913378684807267
-1.0913378684807267
-1.184217687074831
-1.253877551020409
-1.2538775510204054
-1.253877551020409
-1.253877551020409
-1.2770975056689338
-1.2770975056689338
-1.2770975056689338
-1.3467573696145152
-1.3467573696145116
-1.3467573696145116
-1.4628571428571426
-1.5325170068027205
-1.6253968253968267
-1.7414965986394542
-1.7414965986394542
-1.7414965986394542
-1.7414965986394577
-1.7414965986394577
-1.9040362811791418
-1.8808163265306135
-1.8808163265306135
-1.7647165532879825
-1.7647165532879825
-1.9040362811791383
-1.9504761904761914
-1.9504761904761914
-2.066575963718819
-2.066575963718819
-2.066575963718819
-2.0665759637188224
-2.089795918367347
-2.089795918367347
-2.159455782312925
-2.205895691609978
-2.229115646258503
-2.2291156462585064
-2.2291156462585064
-2.2987755102040808
-2.2987755102040808
-2.2987755102040808
-2.2987755102040808
-2.368435374149662
-2.368435374149662
-2.391655328798187
-2.3916553287981834
-2.461315192743765
-2.4845351473922896
-2.4845351473922896
-2.4845351473922896
-2.484535147392293
-2.484535147392293
-2.4845351473922896
-2.507755102040818
-2.507755102040818
-2.6006349206349206
-2.6006349206349206
-2.623854875283449
-2.6238548752834454
-2.6238548752834454
-2.64707482993197
-1.7182766439909294
-1.7182766439909294
-1.7182766439909294
-1.7182766439909294
-1.7182766439909294
-1.7182766439909294
-1.7879365079365108
-1.8808163265306135
-1.8808163265306135
-1.8808163265306135
-1.8808163265306135
-1.88081632653061
-1.88081632653061
-1.88081632653061
-1.88081632653061
-2.6935147392290233
-2.6935147392290233
-2.6935147392290233
-2.6935147392290233
-2.693514739229027
-2.7167346938775516
-2.7167346938775516
-2.7167346938775516
-2.7167346938775516
-2.7167346938775516
-2.7167346938775516
-2.7167346938775516
-2.7167346938775516
-2.7167346938775516
-2.7167346938775516
-2.7167346938775516
-2.7167346938775516
-3.1114739229024977
-3.134693877551019
-3.134693877551019
-3.134693877551019
-3.134693877551019
-3.134693877551019
-3.134693877551019
-3.134693877551019
-3.134693877551019
-3.1346938775510225
-3.1346938775510225
-3.1346938775510225
-3.1346938775510225
-3.3668934240362844
-3.413333333333334
-3.413333333333334
-3.413333333333334
-3.413333333333334
-3.413333333333327
-3.413333333333327
-3.413333333333327
-3.413333333333327
-3.5990929705215464
-3.5990929705215464
-3.5990929705215464
-3.5990929705215464
-2.4380952380952365
-2.5309750566893428
-2.5309750566893428
